date,open,high,low,close,volume,return_1d,return_2d,return_3d,return_5d,return_10d,return_20d,sma_5,sma_20,sma_60,ema_12,ema_26,macd,macd_signal,macd_hist,macd_pct,macd_hist_pct,rsi_14,bb_mid_20,bb_std_20,bb_upper_20,bb_lower_20,bb_width_20,bb_position_20,atr_14,atr_pct_14,adx_14,plus_di_14,minus_di_14,stoch_k_14,stoch_d_3,obv,obv_sma_20,volatility_20d,return_skew_20d,return_kurtosis_20d,volume_sma_20,volume_z_20,volume_ratio_20,range_pct,close_vs_sma20,close_vs_sma60,day_of_week,month_of_year,next_return,target_next_up,market_open,market_close,market_return_1d,market_return_5d,market_return_20d,market_volatility_20d,excess_return_1d,excess_return_5d,excess_return_20d,relative_strength_20d,beta_60d,corr_60d,news_count_lookback,news_sentiment_mean_lookback,news_positive_count_lookback,news_negative_count_lookback,news_earnings_count_lookback,news_corporate_action_count_lookback,news_legal_count_lookback,news_source_count_lookback
2015-12-21,7.73,7.73,7.73,7.73,100,,,,,,,,,,7.73,7.73,0.0,0.0,0.0,0.0,0.0,,,,,,,,,,,,,,,0.0,,,,,,,,0.0,,,0.0,12.0,,,570.45,566.9,-0.002252807208983021,0.008324143573689824,-0.055150919181986446,0.15941362251557845,,,,,,,0.0,0.0,0.0,0.0,0.0,0.0,0.0,0.0
2016-04-19,7.36,7.36,7.36,7.36,500,-0.047865459249676556,,,,,,,,,7.673076923076923,7.702592592592593,-0.02951566951566953,-0.005903133903133906,-0.023612535612535623,-0.004010281184194229,-0.0032082249473553833,,,,,,,,,,,,,,,-500.0,,,,,,,,0.0,,,1.0,4.0,,,578.32,568.28,-0.019970337667712945,-0.018972154608386416,-0.006972233386338678,0.13876004447517312,-0.02789512158196361,,,,,,0.0,0.0,0.0,0.0,0.0,0.0,0.0,0.0
2016-04-21,7.36,7.36,7.36,7.36,100,0.0,-0.047865459249676556,,,,,,,,7.624911242603551,7.67721536351166,-0.05230412090810965,-0.015183331304129057,-0.037120789603980596,-0.007106538166862724,-0.005043585544019102,,,,,,,,,,,,,,,-500.0,,,,,,,,0.0,,,3.0,4.0,0.0,0.0,571.19,575.73,0.013555622062215056,-0.003961800629735945,0.0017748081641175695,0.1450973825176596,-0.013555622062215056,,,,,,0.0,0.0,0.0,0.0,0.0,0.0,0.0,0.0
2016-04-22,6.84,6.84,6.84,6.84,200,-0.07065217391304357,-0.07065217391304357,-0.11513583441138431,,,,,,,7.504155666818389,7.615199410658945,-0.11104374384055582,-0.03435541381141441,-0.07668833002914141,-0.01623446547376547,-0.011211744156307223,,,,,,,,,,,,,,,-700.0,,,,,,,,0.0,,,4.0,4.0,0.0,0.0,574.57,592.48,0.029093498688621322,0.022416262575713164,0.03823642799565419,0.17501890464230271,-0.09974567260166489,,,,,,0.0,0.0,0.0,0.0,0.0,0.0,0.0,0.0
2016-04-25,6.84,6.84,6.84,6.84,400,0.0,-0.07065217391304357,-0.07065217391304357,,,,7.226000000000001,,,7.401977871923252,7.557777232091615,-0.1557993601683627,-0.05864420308280407,-0.09715515708555864,-0.022777684235140747,-0.014203970334145999,,,,,,,,,,,,,,,-700.0,,,,,,,,0.0,,,0.0,4.0,,,597.91,591.58,-0.001519038617337265,0.02021177525609641,0.03408614179834979,0.17542859823857326,0.001519038617337265,,,,,,0.0,0.0,0.0,0.0,0.0,0.0,0.0,0.0
2016-04-28,6.84,6.84,6.84,6.84,400,0.0,0.0,-0.07065217391304357,-0.11513583441138431,,,7.048,,,7.315519737781213,7.5046085482329765,-0.1890888104517634,-0.08473312455659594,-0.10435568589516746,-0.027644562931544357,-0.015256679224439688,,,,,,,,,,,,,,,-700.0,,,,,,,,0.0,,,3.0,4.0,,,594.98,591.67,-0.0038554784833997324,0.027686589199798384,0.03818146724921467,0.1745855932075808,0.0038554784833997324,-0.1428224236111827,,,,,0.0,0.0,0.0,0.0,0.0,0.0,0.0,0.0
2016-05-05,6.84,6.84,6.84,6.84,250,0.0,0.0,0.0,-0.07065217391304357,,,6.944,,,7.242362855045642,7.455378285400904,-0.21301543035526205,-0.11038958571632917,-0.10262584463893287,-0.031142606777085094,-0.015003778455984338,,,,,,,,,,,,,,,-700.0,,,,,,,,0.0,,,3.0,5.0,0.0,0.0,600.66,601.51,0.00407297978533383,0.0050628258254243885,0.08220287143319771,0.15953863839458013,-0.00407297978533383,-0.07571499973846796,,,,,0.0,0.0,0.0,0.0,0.0,0.0,0.0,0.0
2016-05-06,6.84,6.84,6.84,6.84,50,0.0,0.0,0.0,-0.07065217391304357,,,6.84,,,7.180460877346313,7.409794708704541,-0.22933383135822805,-0.13417843484470895,-0.09515539651351909,-0.0335283379178696,-0.013911607677415071,,,,,,,,,,,,,,,-700.0,,,,,,,,0.0,,,4.0,5.0,,,602.4,606.52,0.00832903858622469,0.021146205131658657,0.08245288406624773,0.15961996009166624,-0.00832903858622469,-0.09179837904470223,,,,,0.0,0.0,0.0,0.0,0.0,0.0,0.0,0.0
2016-05-18,7.31,7.31,7.31,7.31,250,0.06871345029239762,0.06871345029239762,0.06871345029239762,0.06871345029239762,,,6.933999999999999,,,7.200389973139187,7.40240250805976,-0.20201253492057258,-0.1477452548598817,-0.0542672800606909,-0.02763509369638476,-0.0074237045226663335,,,,,,,,,,,,,,,-450.0,,,,,,,,0.0,,,2.0,5.0,,,625.53,622.45,-0.003681472589035506,0.013663159951796455,0.07344876349463658,0.16873102198714127,0.07239492288143312,0.05505029034060116,,,,,0.0,0.0,0.0,0.0,0.0,0.0,0.0,0.0
2016-06-06,6.31,6.31,6.31,6.31,100,-0.13679890560875518,-0.07748538011695916,-0.07748538011695916,-0.07748538011695916,,,6.828,,,7.063406900348543,7.321483803759037,-0.25807690341049394,-0.16981158457000414,-0.0882653188404898,-0.04089966773541901,-0.013988164633992045,,,,,,,,,,,,,,,-550.0,,,,,,,,0.0,,,0.0,6.0,,,621.09,620.05,-0.0029426899080209346,0.009031733116354745,0.02682785459965209,0.11552793694754476,-0.13385621570073425,-0.0865171132333139,,,,,0.0,0.0,0.0,0.0,0.0,0.0,0.0,0.0
2016-06-09,6.31,6.31,6.31,6.31,90,0.0,-0.13679890560875518,-0.07748538011695916,-0.07748538011695916,-0.18369987063389404,,6.7219999999999995,,,6.947498146448767,7.2465590775546636,-0.29906093110589627,-0.1956614538771826,-0.10339947722871368,-0.04739475928778071,-0.016386604949082992,,,,,,,,,,,,,,,-550.0,,,,,,,,0.0,,,3.0,6.0,,,628.4,631.26,0.005399206842180648,0.012657009480725678,0.03126837874926491,0.10735728779283585,-0.005399206842180648,-0.09014238959768484,,,,,0.0,0.0,0.0,0.0,0.0,0.0,0.0,0.0
2016-07-06,5.52,5.52,5.52,5.52,100,-0.12519809825673534,-0.12519809825673534,-0.2448700410396717,-0.19298245614035092,-0.2500000000000001,,6.458,,,6.72788304699511,7.118665812550614,-0.39078276555550406,-0.2346857162128469,-0.15609704934265717,-0.07079397926730147,-0.028278450967872678,,,,,,,,,,,,,,,-650.0,,,,,,,,0.0,,,2.0,7.0,,,646.8,649.46,-0.0021816617502458113,0.030692566495270857,0.034386099033239415,0.1292069815735286,-0.12301643650648952,-0.22367502263562178,,,,,0.0,0.0,0.0,0.0,0.0,0.0,0.0,0.0
2016-07-11,5.52,5.52,5.52,5.52,80,0.0,-0.12519809825673534,-0.12519809825673534,-0.19298245614035092,-0.2500000000000001,,6.193999999999999,,,6.542054885918939,7.00024612273205,-0.4581912368131107,-0.2793868203328997,-0.178804416480211,-0.08300565884295484,-0.03239210443482084,,,,,,,,,,,,,,,-650.0,,,,,,,,0.0,,,0.0,7.0,,,658.92,652.26,-0.009746766259792206,0.006636212111858608,0.045992494948522866,0.14157902268111056,0.009746766259792206,-0.19961866825220953,,,,,0.0,0.0,0.0,0.0,0.0,0.0,0.0,0.0
2016-07-19,6.31,6.31,6.31,6.31,100,0.1431159420289856,0.1431159420289856,0.0,-0.13679890560875518,-0.07748538011695916,,5.994,,,6.5063541342391025,6.949116780307453,-0.4427626460683509,-0.3120619854799899,-0.130700660588361,-0.0701684066669336,-0.020713258413369413,,,,,,,,0.20992791715126308,0.033269083542197,,37.92015627659976,62.07984372340025,35.746606334841616,,-550.0,,,,,,,,0.0,,,1.0,7.0,0.0,0.0,675.89,667.76,-0.008522642910170797,0.013446653513431439,0.06331210191082803,0.174477737762874,0.15163858493915638,-0.15024555912218662,,,,,0.0,0.0,0.0,0.0,0.0,0.0,0.0,0.0
2016-07-20,7.26,7.26,6.31,7.26,900,0.1505546751188589,0.3152173913043479,0.3152173913043479,0.1505546751188589,0.06140350877192979,,6.183999999999999,,,6.622299652048471,6.9721451669513455,-0.3498455149028743,-0.31961869136456683,-0.030226823538307468,-0.04818808745218654,-0.0041634743165712765,35.99343164044252,,,,,,,0.2627902087833157,0.03619699845500217,,53.950284809894356,46.049715190105644,94.56521739130433,,350.0,,,,,,,,0.13085399449035814,,,2.0,7.0,0.0,0.0,667.86,660.26,-0.011231580208458158,-0.022010901765612045,0.05403809006880489,0.1808397848919098,0.16178625532731705,0.17256557688447094,,,,,0.0,0.0,0.0,0.0,0.0,0.0,0.0,0.0
2016-07-21,7.73,7.73,7.73,7.73,100,0.06473829201101933,0.2250396196513471,0.4003623188405798,0.2250396196513471,0.13011695906432763,,6.468000000000001,,,6.79271509019486,7.028282561991986,-0.23556747179712634,-0.30280844745107877,0.06724097565395243,-0.030474446545553213,0.008698703189385825,41.374419300199705,,,,,,,0.27759090815593607,0.03591085487140182,,59.519468377573844,40.48053162242616,100.0,76.77060790871532,450.0,,,,,,,,0.0,,,3.0,7.0,0.0,0.0,662.72,659.57,-0.0010450428619027674,-0.010679626213082494,0.043177756338273365,0.1795241779412471,0.0657833348729221,0.2357192458644296,,,,,0.0,0.0,0.0,0.0,0.0,0.0,0.0,0.0
2016-07-22,6.58,6.58,6.58,6.58,300,-0.14877102199223802,-0.09366391184572997,0.042789223454833714,0.19202898550724656,-0.03801169590643272,,6.68,,,6.759989691703343,6.995076446288876,-0.23508675458553352,-0.2892641088779697,0.0541773542924362,-0.035727470301752814,0.008233640469975106,33.87112841107354,,,,,,,0.33990584328765494,0.05165742299204482,,45.13578158693425,54.86421841306576,47.96380090497738,80.84300609876057,150.0,,,,,,,,0.0,,,4.0,7.0,,,657.15,649.87,-0.014706551237927856,-0.022104851330203346,0.046877265331765505,0.17464467297545233,-0.13406447075431016,0.2141338368374499,,,,,0.0,0.0,0.0,0.0,0.0,0.0,0.0,0.0
2016-07-28,6.84,6.84,6.84,6.84,100,0.03951367781155013,-0.11513583441138431,-0.05785123966942152,0.23913043478260887,0.0,,6.944,,,6.772298969902828,6.98358930211933,-0.2112903322165014,-0.27366935354567606,0.062379021329174666,-0.03089039944685693,0.009119739960405653,36.66757285267911,,,,,,,0.33419828305282245,0.04885939810713779,,48.18459112622342,51.8154088737766,59.7285067873303,69.23076923076923,250.0,,,,,,,,0.0,,,3.0,7.0,,,655.81,657.14,0.0015698587127157548,-0.0036842185059964283,0.03935089994622465,0.17440899046388186,0.037943819098834375,0.2428146532886053,,,,,0.0,0.0,0.0,0.0,0.0,0.0,0.0,0.0
2016-08-01,7.36,7.36,7.36,7.36,100,0.07602339181286566,0.11854103343465039,-0.047865459249676556,0.16640253565768637,0.006839945280437965,,7.153999999999999,,,6.862714512994701,7.011471576036416,-0.14875706304171477,-0.24868689544488382,0.09992983240316905,-0.020211557478493854,0.01357742288086536,41.954444134866975,,,,,,,0.34746983426333516,0.04721057530751836,,53.72340957841415,46.276590421585865,83.2579185520362,63.6500754147813,350.0,,,,,,,,0.0,,,0.0,8.0,,,655.38,648.38,-0.005902825690323965,-0.0014169105190203757,0.0006481881597628636,0.169190456270155,0.08192621750318962,0.16781944617670674,,,,,0.0,0.0,0.0,0.0,0.0,0.0,0.0,0.0
2016-08-03,6.26,6.26,6.26,6.26,100,-0.1494565217391305,-0.08479532163742687,-0.04863221884498481,-0.13774104683195598,-0.007923930269413626,,6.954000000000001,6.798,,6.769989203303209,6.955807014848533,-0.1858178115453244,-0.23611307866497194,0.050295267119647546,-0.029683356476888884,0.008034387718793537,35.250739620352505,6.798,0.627816600776474,8.053633201552948,5.542366798447052,0.3694125335548538,0.28576546106991674,0.4012219889588113,0.06409296948223822,,43.20273734592267,56.79726265407734,33.484162895927604,58.8235294117647,250.0,-305.0,,,,216.0,-0.5622024592461995,0.46296296296296297,0.0,-0.07914092380111803,,2.0,8.0,0.0,0.0,632.98,631.61,-0.006980583287477304,-0.03734129947722176,-0.027484371631817273,0.18239610844883122,-0.14247593845165318,-0.10039974735473423,,,,,0.0,0.0,0.0,0.0,0.0,0.0,0.0,0.0
2016-08-04,5.37,5.37,5.37,5.37,1000,-0.14217252396166125,-0.27038043478260876,-0.2149122807017544,-0.30530401034928856,-0.1489698890649762,-0.30530401034928856,6.481999999999999,6.6800000000000015,,6.554606248948869,6.8383398285634565,-0.28373357961458723,-0.245637178854895,-0.03809640075969223,-0.05283679322431792,-0.007094301817447342,30.94272251155934,6.6800000000000015,0.6641575589857389,8.00831511797148,5.351684882028524,0.39769913711720883,0.006894116359770934,0.4361347040331819,0.0812168908814119,,36.90546334805352,63.09453665194649,0.0,38.91402714932127,-750.0,-342.5,1.4653029607189842,-0.017719420850407612,-0.7226662489955954,261.0,2.752501321715301,3.8314176245210727,0.0,-0.19610778443113785,,3.0,8.0,,,633.74,631.94,0.0005224743116798436,-0.03834799281736001,-0.04413722168441425,0.1678703931762169,-0.1426949982733411,-0.26695601753192855,-0.2611667886648743,-0.273226235595344,,,0.0,0.0,0.0,0.0,0.0,0.0,0.0,0.0
2016-08-18,4.58,4.58,4.58,4.58,100,-0.14711359404096835,-0.2683706070287539,-0.3777173913043479,-0.30395136778115506,-0.17028985507246364,-0.3777173913043479,6.082000000000001,6.5409999999999995,,6.250820672187505,6.671055396818015,-0.42023472463051004,-0.28055668801001804,-0.139678036620492,-0.09175430668788429,-0.030497387908404366,27.70600456945118,6.5409999999999995,0.7928024908346878,8.126604981669376,4.9553950183306235,0.48482035825389885,-0.1183759582841987,0.4614107966022403,0.10074471541533632,,32.39208266867726,67.60791733132275,0.0,11.161387631975868,-850.0,-360.0,1.536428332701051,0.005781817100338387,-0.9712347266862402,241.0,-0.5328537904094589,0.4149377593360996,0.0,-0.29980125363094323,,3.0,8.0,,,663.56,660.65,0.000211957426836884,0.0006209863080091083,0.0016374304471094003,0.1548510090395036,-0.14732555146780524,-0.30457235408916417,-0.3793548217514573,-0.37873467007130657,,,0.0,0.0,0.0,0.0,0.0,0.0,0.0,0.0
2016-09-01,3.89,3.89,3.89,3.89,100,-0.1506550218340611,-0.27560521415270023,-0.37859424920127793,-0.4312865497076023,-0.29528985507246364,-0.4714673913043478,5.491999999999999,6.3675,,5.887617491850966,6.4650512933500135,-0.5774338014990477,-0.339932110707824,-0.23750169079122369,-0.14844056593805852,-0.06105441922653565,25.2241852410949,6.3675,0.9651063481077596,8.29771269621552,4.437287303784481,0.6062701833421341,-0.14176865193600735,0.47773859684493747,0.12281197862337724,,29.050366211034962,70.94963378896504,0.0,0.0,-950.0,-382.5,1.6034843741070761,0.12391616985798143,-1.1655915775265298,241.0,-0.5328537904094589,0.4149377593360996,0.0,-0.38908519827247734,,3.0,9.0,,,674.19,669.19,-0.008063679350162278,0.016233864844343193,0.058945469506598736,0.12412664240554068,-0.14259134248389882,-0.44752041455194547,-0.5304128608109465,-0.5008877945887857,,,0.0,0.0,0.0,0.0,0.0,0.0,0.0,0.0
2016-09-07,3.31,3.31,3.31,3.31,300,-0.14910025706940877,-0.277292576419214,-0.3836126629422719,-0.5502717391304348,-0.47543581616481767,-0.5160818713450293,4.682,6.191,,5.491060954643125,6.231343790138902,-0.7402828354957771,-0.4200022556654146,-0.3202805798303625,-0.22365040347304443,-0.09676150448047205,23.332208891803432,6.191,1.1742675208513254,8.539535041702651,3.842464958297349,0.7586932778881121,-0.11336108442974739,0.4850429827845848,0.14653866549383227,,26.56911152987092,73.43088847012909,0.0,0.0,-1250.0,-410.0,1.6555281313510368,0.1472671065199682,-1.2985182110005944,246.0,0.20397203163967628,1.2195121951219512,0.0,-0.4653529316750121,,2.0,9.0,,,663.05,661.28,-0.003946377466485962,-0.01693252263368361,0.037562368594470597,0.12103352475204716,-0.1451538796029228,-0.5333392164967512,-0.5536442399394998,-0.5336009253009933,,,0.0,0.0,0.0,0.0,0.0,0.0,0.0,0.0
2016-09-20,3.79,3.79,3.79,3.79,100,0.14501510574018117,-0.02570694087403602,-0.17248908296943233,-0.3945686900958466,-0.47796143250688705,-0.44590643274853803,4.188000000000001,6.038500000000001,,5.229359269313413,6.050503509387872,-0.8211442400744593,-0.5002306525472235,-0.32091358752723576,-0.21666074936001564,-0.08467376979610441,28.13624630979301,6.038500000000001,1.2789316059240938,8.596363211848189,3.480636788151813,0.8471849670773165,0.06047297807310344,0.484682769728543,0.1278846358122805,,31.763499734021547,68.23650026597846,10.85972850678733,3.6199095022624435,-1150.0,-432.5,1.7670358675502633,0.13106222031425183,-1.4455330288295292,231.0,-0.4961079820746371,0.4329004329004329,0.0,-0.37236068560072877,,1.0,9.0,,,656.2,663.37,0.00832965997355184,0.005532650215242851,0.008651623890037818,0.10304934447966317,0.13668544576662933,-0.40010134031108946,-0.45455805663857585,-0.45065912340030234,,,0.0,0.0,0.0,0.0,0.0,0.0,0.0,0.0
2016-09-22,3.26,3.26,3.26,3.26,100,-0.13984168865435365,-0.015105740181268978,-0.16195372750642678,-0.3929236499068902,-0.5782664941785253,-0.5233918128654971,3.7659999999999996,5.8595,,4.926380920188272,5.843799545729511,-0.9174186255412389,-0.5836682471460266,-0.33375037839521227,-0.28141675630099355,-0.10237741668564794,26.185195553215507,5.8595,1.4051502073668711,8.669800414733743,3.0491995852662575,0.9592287446825644,0.03750496096939769,0.48791971474793283,0.14966862415580762,,29.299005452016786,70.70099454798321,0.0,3.6199095022624435,-1250.0,-460.0,1.8119614330361142,0.2629313030261602,-1.5179364340752308,216.0,-0.44196194268288047,0.46296296296296297,0.0,-0.4436385357112381,,3.0,9.0,0.0,0.0,668.48,671.38,0.004338200095739486,0.0231643756286386,0.016057024380646823,0.10670430950015022,-0.14417988875009313,-0.4160880255355288,-0.5394488372461439,-0.5309237811479854,,,0.0,0.0,0.0,0.0,0.0,0.0,0.0,0.0
2016-09-23,2.79,2.79,2.79,2.79,100,-0.14417177914110424,-0.26385224274406327,-0.1570996978851964,-0.3908296943231441,-0.5759878419452887,-0.5921052631578947,3.408,5.657,,4.597706932466999,5.617592171971769,-1.0198852395047702,-0.6709116456177754,-0.3489735938869948,-0.36555026505547317,-0.12508014117813432,24.558834960025138,5.657,1.5416126211484562,8.740225242296912,2.5737747577030876,1.0900566527477151,0.03506478205527258,0.4866397351230805,0.17442284413013637,27.468418930149433,27.27777825301401,72.722221746986,0.0,3.6199095022624435,-1350.0,-492.5,1.852052143248352,0.3967527096169383,-1.531915688892859,208.5,-0.411633323416926,0.47961630695443647,0.0,-0.506805727417359,,4.0,9.0,,,670.73,674.09,0.00403646221216003,0.034975664430148656,0.0236750189825361,0.10604801149215402,-0.14820824135326427,-0.42580535875329273,-0.6157802821404308,-0.6015388387151177,,,0.0,0.0,0.0,0.0,0.0,0.0,0.0,0.0
2016-09-30,2.47,2.47,2.47,2.47,100,-0.11469534050179209,-0.24233128834355822,-0.3482849604221635,-0.365038560411311,-0.6388888888888888,-0.6388888888888888,3.1239999999999997,5.4384999999999994,,4.270367404395153,5.384437196270157,-1.1140697918750035,-0.759543274869221,-0.3545265170057825,-0.4510404015688273,-0.14353300283634918,23.489128240490686,5.4384999999999994,1.6695012649543617,8.777502529908723,2.099497470091276,1.2279130384880845,0.05548101964433856,0.4747368969000033,0.19220117283400942,28.940041021189288,25.964435897646304,74.03556410235369,0.0,0.0,-1450.0,-530.0,1.8661262879710565,0.532024868760659,-1.4702963976387329,211.0,-0.42328392555827926,0.47393364928909953,0.0,-0.5458306518341454,,4.0,9.0,,,688.55,685.73,-0.004095563139931646,0.017267723894435427,0.02471644824339858,0.09837585913944284,-0.11059977736186044,-0.3823062843057464,-0.6636053371322874,-0.6475989902083261,,,0.0,0.0,0.0,0.0,0.0,0.0,0.0,0.0
2016-10-12,2.1,2.1,2.1,2.1,100,-0.1497975708502025,-0.24731182795698925,-0.35582822085889565,-0.3655589123867069,-0.7146739130434783,-0.7127222982216141,2.882,5.178,,3.936464726795899,5.141145552101997,-1.2046808253060979,-0.8485707849565964,-0.35611004034950144,-0.5736575358600465,-0.1695762096902388,22.280696417012408,5.178,1.7658056160529714,8.709611232105942,1.6463887678940572,1.3640831332970036,0.06422156946129219,0.46725568997857453,0.2225027095136069,30.516344571071436,24.49585464023032,75.5041453597697,0.0,0.0,-1550.0,-585.0,1.8537609160530206,0.7596332813019456,-1.1455899171258035,203.5,-0.3932304436862238,0.4914004914004914,0.0,-0.5944380069524913,,2.0,10.0,,,683.88,682.45,0.00013189518729128658,-0.006680833721471657,0.039306164717348935,0.10555301370338455,-0.1499294660374938,-0.35887807866523525,-0.7520284629389631,-0.7235870318766806,,,0.0,0.0,0.0,0.0,0.0,0.0,0.0,0.0
2016-11-28,2.95,2.95,2.95,2.95,100,0.4047619047619049,0.19433198380566807,0.057347670250896154,-0.2216358839050131,-0.5287539936102236,-0.5324881141045958,2.714,5.01,,3.784700922673453,4.978838474168516,-1.1941375514950625,-0.9176841382642897,-0.27645341323077277,-0.4047923903373093,-0.09371302143416026,31.055847044883976,5.01,1.8116784889622175,8.633356977924436,1.3866430220755648,1.4464498913870003,0.21573322576954201,0.49459456926581924,0.1676591760223116,30.655974775402665,33.76441628414568,66.2355837158543,16.159695817490498,5.386565272496832,-1450.0,-630.0,2.4375292473489356,1.308090419656688,1.6111224213390671,203.5,-0.3932304436862238,0.4914004914004914,0.0,-0.4111776447105788,,0.0,11.0,,,672.49,665.29,-0.015653897938952777,-0.013347372792122059,-0.015551938443326363,0.11376292727966773,0.42041580270085765,-0.20828851111289104,-0.5169361756612695,-0.525102538008817,,,0.0,0.0,0.0,0.0,0.0,0.0,0.0,0.0
2016-12-01,3.37,3.37,3.37,3.37,100,0.14237288135593218,0.6047619047619048,0.3643724696356274,0.033742331288343586,-0.3724394785847299,-0.46592709984152136,2.7359999999999998,4.863,,3.7209007807236913,4.8596652538597365,-1.1387644731360451,-0.9619002052386408,-0.17686426789740428,-0.33791230656855936,-0.052481978604571,34.96334639655916,4.863,1.8199019638141885,8.502803927628378,1.2231960723716235,1.4969376630180453,0.2949065348455721,0.4892663857468322,0.14518290378244278,30.205442777399803,37.82573659831872,62.17426340168128,24.14448669201521,13.434727503168569,-1350.0,-670.0,2.509661541550197,1.1197587895199597,0.8730033832542635,204.0,-0.395456972340976,0.49019607843137253,0.0,-0.3070121324285421,,3.0,12.0,,,670.69,666.54,0.0022102936532995,-0.01716358488896752,-0.0016326408339949472,0.12181597675389469,0.14016258770263268,0.050905916177311106,-0.4642944590075264,-0.46505372470848694,,,0.0,0.0,0.0,0.0,0.0,0.0,0.0,0.0
2016-12-05,3.68,3.68,3.68,3.68,200,0.09198813056379818,0.24745762711864394,0.7523809523809524,0.31899641577060933,-0.19650655021834063,-0.33333333333333326,2.9140000000000006,4.771,,3.7146083529200467,4.772282642462719,-1.0576742895426725,-0.9810550220994473,-0.07661926744322523,-0.2874114917235523,-0.020820453109572073,37.76696876456628,4.771,1.831412742005185,8.43382548401037,1.1081745159896301,1.5354539861707694,0.3510712556791702,0.47646164390777274,0.1294732728010252,29.374311944963416,40.71519443835481,59.28480556164519,30.038022813688215,23.447401774397974,-1150.0,-695.0,2.507030838936914,0.931823255828347,0.5397229650941167,209.0,-0.03437033527005205,0.9569377990430622,0.0,-0.22867323412282536,,0.0,12.0,0.0,0.0,663.06,660.21,-0.0074119734191296915,-0.007635767860632137,-0.02066336369300137,0.11700426107044748,0.09940010398292787,0.32663218363124147,-0.3126699696403319,-0.31926710188172447,,,0.0,0.0,0.0,0.0,0.0,0.0,0.0,0.0
2016-12-06,4.21,4.21,4.21,4.21,100,0.1440217391304348,0.24925816023738867,0.42711864406779654,0.7044534412955463,0.08226221079691509,-0.2373188405797101,3.2620000000000005,4.7055,,3.7908224524708087,4.73063207635437,-0.9398096238835612,-0.9728059424562702,0.032996318572709016,-0.22323268975856558,0.007837605361688602,42.343226966834294,4.7055,1.8266347400846765,8.358769480169354,1.0522305198306467,1.5527656912843921,0.4321840336868565,0.48028581220007466,0.11408214066510088,27.934982789179298,45.38814811800712,54.611851881992884,50.72115384615385,34.96788778395242,-1050.0,-715.0,2.565248217048585,0.7706994993519559,0.05370794937659138,210.0,-0.4208546590781628,0.47619047619047616,0.0,-0.10530230581234723,,1.0,12.0,,,660.68,651.49,-0.013207918692537235,-0.010284689940145197,-0.03691275167785235,0.12334264972009247,0.15722965782297205,0.7147381312356915,-0.20040608890185774,-0.20808715851133663,,,0.0,0.0,0.0,0.0,0.0,0.0,0.0,0.0
2016-12-12,4.84,4.84,4.84,4.84,100,0.14964370546318295,0.31521739130434767,0.4362017804154301,1.3047619047619046,0.46223564954682783,-0.23296354992076063,3.8099999999999996,4.632,,3.952234382859915,4.738733404031824,-0.7864990211719087,-0.935544558199398,0.14904553702748924,-0.16249979776279105,0.030794532443696124,47.30365780856265,4.632,1.7878378591265816,8.207675718253164,1.0563242817468366,1.543901432751798,0.5290854115962191,0.4909796827572122,0.10144208321430005,25.995843272489548,50.393514777761396,49.60648522223861,83.79204892966361,54.85040852983523,-950.0,-735.0,2.57023509240687,0.7654187245732278,0.027160609383359128,210.0,-0.4208546590781628,0.47619047619047616,0.0,0.04490500863557867,,0.0,12.0,,,663.7,659.7,-0.005082419654033554,-0.0007724814831644444,-0.019835079117450305,0.11699669241562995,0.1547261251172165,1.305534386245069,-0.21312847080331032,-0.2174414389482613,,,0.0,0.0,0.0,0.0,0.0,0.0,0.0,0.0
2016-12-14,4.73,4.73,4.73,4.73,100,-0.022727272727272596,0.12351543942992893,0.28532608695652173,0.6033898305084746,0.2480211081794197,-0.3484848484848484,4.1659999999999995,4.5055,,4.071890631650698,4.738086485214652,-0.6661958535639538,-0.8816748172723092,0.2154789637083554,-0.1408447893369881,0.045555806280836234,46.55059513138041,4.5055,1.678252458895704,7.862004917791408,1.1489950822085917,1.4899589025819149,0.5334425251114666,0.46376684827455417,0.0980479594660791,24.204747707815987,49.539747316470155,50.46025268352985,95.98540145985405,76.83286807855717,-1050.0,-805.0,2.507224913870059,0.9554581190502579,0.5718031453925326,170.0,-0.34071217769537554,0.5882352941176471,0.0,0.04982798801464905,,2.0,12.0,,,657.39,665.14,0.016008309656921238,0.017765060517497266,-0.014023124814705024,0.1339685213588153,-0.038735582384193834,0.5856247699909773,-0.3344617236701434,-0.33921862884186593,,,0.0,0.0,0.0,0.0,0.0,0.0,0.0,0.0
2016-12-16,4.73,4.73,4.73,4.73,200,0.0,-0.022727272727272596,0.12351543942992893,0.4035608308605343,0.4509202453987733,-0.3880983182406209,4.438,4.3555,,4.17313822678136,4.737487486309862,-0.5643492595285027,-0.818209705723548,0.25386044619504533,-0.11931273985803438,0.05367028460783199,46.55059513138041,4.3555,1.4994226081711384,7.354345216342277,1.3566547836577234,1.3770383268705209,0.5624407018340183,0.43064064482637177,0.0910445337899306,22.54158754061911,49.53974731647015,50.46025268352985,95.98540145985405,91.92095061645723,-1050.0,-880.0,2.4921079155516757,1.035390650760906,0.7707351082272421,175.0,0.1220257437250904,1.1428571428571428,0.0,0.0859832395821376,,4.0,12.0,,,670.43,675.16,0.013875540605478243,0.018233369025894675,0.002836984775343332,0.1434563457139025,-0.013875540605478243,0.3853274618346396,-0.39093530301596424,-0.3898293630480152,,,0.0,0.0,0.0,0.0,0.0,0.0,0.0,0.0
2017-03-30,6.15,6.15,6.15,6.15,500,0.3002114164904861,0.3002114164904861,0.27066115702479343,0.6711956521739131,1.2043010752688175,-0.06534954407294824,4.932,4.3340000000000005,,4.477270807276535,4.842118042879502,-0.3648472356029666,-0.7275372116994318,0.36268997609646514,-0.05932475375657993,0.05897397985308376,56.83794555613333,4.3340000000000005,1.4686133811040594,7.271226762208119,1.3967732377918818,1.3554345926202669,0.8091351378391339,0.5013091701959167,0.08151368621071815,22.32422244223917,59.74923808164996,40.25076191835002,100.0,97.32360097323603,-550.0,-915.0,2.671448526180826,0.8016108850908757,-0.1112609040635844,185.0,1.4591269250477181,2.7027027027027026,0.0,0.4190124596215965,,3.0,3.0,,,721.87,723.86,0.004705261842963493,0.005975874145311089,0.02310921400404231,0.07303526747074005,0.2955061546475226,0.665219778028602,-0.08845875807699055,-0.08646071882277184,,,0.0,0.0,0.0,0.0,0.0,0.0,0.0,0.0
2018-01-23,5.26,5.26,5.26,5.26,500,-0.1447154471544716,0.11205073995771664,0.11205073995771664,0.24940617577197144,1.1295546558704452,-0.23099415204678364,5.142,4.255,,4.597690683080145,4.873072261925465,-0.27538157884531955,-0.6371060851286093,0.3617245062832898,-0.05235391232800752,0.06876891754435167,50.303014405932686,4.255,1.3655979989502198,6.98619599790044,1.5238040020995602,1.2837584008932739,0.6839853311099928,0.5290728008962085,0.10058418267988754,21.096776680409697,52.56999088831326,47.43000911168672,78.02469135802467,91.33669760595957,-1050.0,-980.0,2.7232520064466788,0.8933444751573155,-0.10475089017648886,205.0,1.3059450684919771,2.4390243902439024,0.0,0.23619271445358403,,1.0,1.0,,,,,,,,,,,,,,,0.0,0.0,0.0,0.0,0.0,0.0,0.0,0.0
2018-01-26,5.26,5.26,5.26,5.26,1520,0.0,-0.1447154471544716,0.11205073995771664,0.08677685950413228,1.5047619047619047,-0.28532608695652184,5.226,4.15,,4.699584424144739,4.901733575856912,-0.20214915171217296,-0.5501146984453221,0.34796554673314917,-0.03843139766391121,0.0661531457667584,50.303014405932686,4.15,1.1827888542272509,6.515577708454503,1.7844222915454986,1.1400374498575914,0.7346149940525929,0.4912818865464793,0.09339959820275272,19.957005615853756,52.56999088831326,47.43000911168672,78.02469135802467,85.34979423868312,-1050.0,-1050.0,2.708426176452956,0.9771946236120306,0.07170569725859673,276.0,3.3713903489080788,5.507246376811594,0.0,0.2674698795180721,,4.0,1.0,,,1122.55,1115.64,0.010021999511122148,0.07823599338932441,0.15499052726388052,0.16349439374646083,-0.010021999511122148,0.008540866114807866,-0.44031661422040236,-0.38122963247455555,,,0.0,0.0,0.0,0.0,0.0,0.0,0.0,0.0
2018-03-12,6.03,6.03,6.03,6.03,100,0.14638783269961997,0.14638783269961997,-0.019512195121951237,0.2748414376321353,1.0440677966101695,-0.036741214057507965,5.486,4.1385000000000005,,4.904263743507086,4.985308866534178,-0.08104512302709121,-0.45630078336167595,0.37525566033458474,-0.013440318909965375,0.06223145279180509,55.443284073181715,4.1385000000000005,1.162131775298265,6.462763550596531,1.8142364494034706,1.1232396040094381,0.9069030810887472,0.5111903232217309,0.08477451463046946,19.627659704080873,57.67308142551667,42.32691857448331,97.03703703703702,84.36213991769546,-950.0,-1110.0,2.70101459782866,0.7716080149907818,-0.27717925350463524,276.0,-0.47698127122815265,0.36231884057971014,0.0,0.4570496556723449,,0.0,3.0,,,1135.37,1126.29,0.002563623254199232,0.030005121264220502,0.07397659982263916,0.3082589417405462,0.14382420944542074,0.2448363163679148,-0.11071781388014712,-0.10309145832267808,,,0.0,0.0,0.0,0.0,0.0,0.0,0.0,0.0
2018-04-06,6.08,6.08,6.08,6.08,100,0.008291873963515828,0.15589353612167312,0.15589353612167312,0.2854122621564481,0.804154302670623,0.13221601489757906,5.756,4.174,,5.085146244505996,5.066397098642757,0.018749145863238503,-0.3612907975166931,0.3800399433799316,0.0030837410959273855,0.06250656963485716,55.76324948702167,4.174,1.21152535434077,6.59705070868154,1.7509492913184603,1.161020943306919,0.8933058423356554,0.4782481572773215,0.0786592363942963,19.366993648912885,57.989167465864504,42.01083253413547,98.2716049382716,91.1111111111111,-850.0,-1115.0,2.6399816269961667,0.7211349197194749,-0.19490088488408025,231.0,-0.3985057420963917,0.4329004329004329,0.0,0.456636320076665,,4.0,4.0,,,1194.15,1199.96,0.005690723031923417,0.021712105989135422,0.06814075003783127,0.11975339892123872,0.002601150931592411,0.2637001561673127,0.0640752648597478,0.059987660668763265,,,0.0,0.0,0.0,0.0,0.0,0.0,0.0,0.0
2018-05-02,6.08,6.08,6.08,6.08,2100,0.0,0.008291873963515828,0.15589353612167312,-0.011382113821138296,0.6521739130434783,0.32751091703056767,5.742,4.2490000000000006,,5.23820066842815,5.14147879503959,0.0967218733885602,-0.26968826333564244,0.36641013672420264,0.015908202859960557,0.06026482511911228,55.76324948702167,4.2490000000000006,1.2823411977193993,6.813682395438799,1.684317604561202,1.2071934080672149,0.8569642781609862,0.4440875746146557,0.07304071950898942,19.12494659768547,57.989167465864504,42.01083253413546,98.2716049382716,97.86008230452676,-850.0,-1115.0,2.5682550446928003,0.6942313470302124,-0.05764665214848431,331.0,3.3402151285726545,6.3444108761329305,0.0,0.4309249235114143,,2.0,5.0,0.0,0.0,1053.26,1029.08,-0.02016643497800552,-0.08106370439162036,-0.12378454779217696,0.2778164232330134,0.02016643497800552,0.06968159057048207,0.45129546482274463,0.5150507945113312,,,0.0,0.0,0.0,0.0,0.0,0.0,0.0,0.0
2018-05-03,6.08,6.08,6.08,6.08,400,0.0,0.0,0.008291873963515828,0.15589353612167312,0.4441805225653206,0.5629820051413881,5.906000000000001,4.3585,,5.367708257900743,5.2109988842959165,0.1567093736048264,-0.1844087359475487,0.3411181095523751,0.025774568027109604,0.05610495222900906,55.76324948702167,4.3585,1.3421791981699025,7.042858396339805,1.6741416036601953,1.231780840353243,0.8206539041782408,0.4123670335707517,0.06782352525834733,18.900188621545723,57.989167465864504,42.01083253413547,97.8125,98.11856995884773,-850.0,-1110.0,2.4852658401624073,0.6891506779425205,0.13163091101364294,346.0,0.10247427969406421,1.1560693641618498,0.0,0.3949753355512218,,3.0,5.0,,,1018.47,1026.46,-0.0025459633847707552,-0.046731922955478344,-0.14219336291690687,0.2618985043842253,0.0025459633847707552,0.20262545907715146,0.705175368058295,0.8220679784621283,,,0.0,0.0,0.0,0.0,0.0,0.0,0.0,0.0
2018-06-04,6.12,6.12,6.12,6.12,200,0.006578947368421018,0.006578947368421018,0.006578947368421018,0.16349809885931577,0.2644628099173554,0.8489425981873111,6.078,4.4990000000000006,,5.483445448992937,5.278332300273997,0.20511314871894015,-0.10650435901425093,0.3116175077331911,0.03351522037891179,0.05091789342045606,56.078395701710534,4.4990000000000006,1.3733589249872402,7.245717849974481,1.7522821500255201,1.221034829950869,0.7950794527393958,0.385769388315698,0.06303421377707484,18.735934344000967,58.30031436795955,41.69968563204043,98.92086330935251,98.3349894158747,-650.0,-1080.0,2.393395297376194,0.7026989675254262,0.37236803141019537,341.0,-0.26709881008971614,0.5865102639296188,0.0,0.36030228939764375,,0.0,6.0,,,994.48,1013.78,0.021060158933193573,0.08803863697343695,-0.045638544235874434,0.3119635775935737,-0.014481211564772556,0.07545946188587882,0.8945811424231855,0.9373609307250617,,,0.0,0.0,0.0,0.0,0.0,0.0,0.0,0.0
2018-06-20,5.93,5.93,5.93,5.93,500,-0.03104575163398704,-0.024671052631578982,-0.024671052631578982,-0.016583747927031545,0.2536997885835093,0.5646437994722955,6.058,4.606,,5.55214614914787,5.3266039817351825,0.22554216741268718,-0.04009505372886331,0.2656372211415505,0.03803409231242617,0.04479548417226821,54.10661971662753,4.606,1.3983501556815945,7.402700311363189,1.809299688636811,1.2143726927326048,0.7367075218285805,0.3717858605788625,0.06269576063724494,18.279390136061924,56.17215771642718,43.82784228357281,91.09311740890685,95.9421602394198,-1150.0,-1080.0,2.3735856392487467,0.8907473694646746,0.7222790184609369,361.0,0.2643305703853372,1.3850415512465375,0.0,0.28745115067303506,,2.0,6.0,,,957.37,980.95,0.01952897646961005,-0.04811116609899757,-0.008079357696119116,0.28934211687963,-0.05057472810359709,0.031527418171966026,0.5727231571684146,0.5773880820124695,,,0.0,0.0,0.0,0.0,0.0,0.0,0.0,0.0
2018-09-25,6.24,6.24,6.24,6.24,100,0.05227655986509294,0.019607843137254832,0.026315789473684292,0.026315789473684292,0.3192389006342493,0.914110429447853,6.090000000000001,4.755000000000001,,5.657969818509736,5.394262946051095,0.26370687245864133,0.02066533150863762,0.24304154095000371,0.042260716740166876,0.03894896489583393,56.776980093469106,4.755000000000001,1.4061238247488441,7.5672476494976895,1.9427523505023125,1.182859158568954,0.7640236894260083,0.3673725848232295,0.05887381167038934,18.232836301850675,58.81381822855221,41.18618177144778,100.0,96.67132690608646,-1050.0,-1070.0,2.2850336731458043,0.8758606112940717,0.9488019706218215,361.0,-0.4963329415149137,0.2770083102493075,0.0,0.3123028391167191,,1.0,9.0,,,1011.84,1010.74,-0.0005438598226027436,0.01736303334708955,0.018973304298733895,0.12406750923968018,0.052820419687695686,0.00895275612659474,0.8951371251491191,0.8784696531035816,,,0.0,0.0,0.0,0.0,0.0,0.0,0.0,0.0
2018-10-12,6.24,6.24,6.24,6.24,20,0.0,0.05227655986509294,0.019607843137254832,0.026315789473684292,0.014634146341463428,1.2365591397849465,6.122,4.9275,,5.7475129233543925,5.456910135232495,0.2906027881218973,0.07465282283128956,0.21594996529060778,0.04657095963491944,0.0346073662324692,56.7769800934691,4.9275,1.3633429309489318,7.654185861897863,2.2008141381021367,1.1067218110189194,0.7406767897873019,0.34113168590728454,0.054668539408218676,18.189607741511658,58.81381822855221,41.18618177144778,100.0,97.0310391363023,-1050.0,-1055.0,2.1843555321941546,0.970946451420337,1.3199758516037978,357.0,-0.6379611199794939,0.056022408963585436,0.0,0.26636225266362246,,4.0,10.0,,,939.2,970.08,0.02557379822178052,-0.03799125338410725,-0.021445719934633956,0.22032467952629292,-0.02557379822178052,0.06430704285779154,1.2580048597195805,1.2855749398342495,,,0.0,0.0,0.0,0.0,0.0,0.0,0.0,0.0
2018-10-30,6.24,6.24,6.24,6.24,400,0.0,0.0,0.05227655986509294,0.026315789473684292,0.1863117870722435,1.526315789473684,6.154000000000001,5.116,,5.823280165915255,5.51491679188194,0.3083633740333154,0.12139493307169473,0.18696844096162063,0.04941720737713387,0.029962891179746896,56.7769800934691,5.116,1.2625804820621191,7.6411609641242375,2.5908390358757614,0.9871622220970437,0.7225600696290306,0.31676513691390706,0.050763643736203054,18.14946693548257,58.8138182285522,41.186181771447785,100.0,100.0,-1050.0,-1035.0,2.1067956078641528,1.0451632264581605,1.6709155975568843,372.0,0.05335246444005884,1.075268817204301,0.0,0.21970289288506661,,1.0,10.0,,,881.32,888.69,-0.00014626133525352802,-0.05426315341392807,-0.1277005074647375,0.23589608173331209,0.00014626133525352802,0.08057894288761236,1.6540162969384216,1.8961564360551986,,,0.0,0.0,0.0,0.0,0.0,0.0,0.0,0.0
2019-04-05,7.49,7.49,7.49,7.49,200,0.20032051282051277,0.20032051282051277,0.20032051282051277,0.2238562091503269,0.42395437262357416,2.5666666666666664,6.428,5.3855,,6.0796986019282935,5.661219251742537,0.41847935018575644,0.1808118164945071,0.23766753369124935,0.05587174234789805,0.031731312909379084,66.57247564203547,5.3855,1.1556519007856463,7.696803801571293,3.074196198428708,0.8583432556201995,0.9552625229468533,0.3834247699914851,0.05119155807629975,19.482302911427578,68.40458529935633,31.595414700643662,100.00000000000001,100.0,-850.0,-1000.0,2.020375529906593,1.0541231398528306,1.3880199030481228,377.0,-0.3387200268324865,0.5305039787798409,0.0,0.3907715161080678,,4.0,4.0,,,986.91,989.26,0.002381169508871128,0.008666748236061839,0.00407003298655173,0.13920685429962806,0.19793934331164165,0.21518946091426505,2.5625966336801147,2.5522090586229433,,,0.0,0.0,0.0,0.0,0.0,0.0,0.0,0.0
2019-06-13,7.51,7.58,7.51,7.58,1600,0.012016021361815676,0.21474358974358965,0.21474358974358965,0.2782462057335582,0.25704809286898844,1.5694915254237287,6.758,5.617,,6.310514201631633,5.803351159020868,0.507163042610765,0.24608206171775868,0.26108098089300624,0.06690805311487664,0.03444340117321982,67.14973027121249,5.617,1.1047128705305251,7.82642574106105,3.4075742589389497,0.7866924483037387,0.9442330791025574,0.3624658578492362,0.047818714755835906,20.799988539259687,68.96495085053854,31.035049149461443,100.0,100.0,750.0,-890.0,1.6009590920012053,0.6709235483858875,0.7791340093067165,452.0,1.96353421014324,3.5398230088495577,0.009234828496042255,0.3494748086166992,,3.0,6.0,,,951.26,950.08,-0.004286447907605462,0.0019721369738769923,-0.026248091094507542,0.10634464742947217,0.016302469269421138,0.2762740687596812,1.5957396165182363,1.638753774882829,,,0.0,0.0,0.0,0.0,0.0,0.0,0.0,0.0
2019-06-26,7.51,7.51,7.51,7.51,1000,-0.009234828496042291,0.002670226969292422,0.20352564102564097,0.20352564102564097,0.23519736842105265,1.228486646884273,7.0120000000000005,5.824,,6.495050478303689,5.9297695916859885,0.5652808866177006,0.3099218266977471,0.2553590599199535,0.0752704243166046,0.034002537938742146,66.19229186871877,5.824,1.047927277508975,7.91985455501795,3.72814544498205,0.719730273014406,0.9022225673922206,0.34157543943143365,0.0454827482598447,22.023553765103788,67.95543812085673,30.580756399357384,96.98275862068964,98.99425287356321,-250.0,-835.0,1.5787266339880084,0.8973275267807763,1.2809831884543286,497.0,0.8514667942787981,2.0120724346076457,0.0,0.2894917582417582,,2.0,6.0,,,,,,,,,,,,,,,0.0,0.0,0.0,0.0,0.0,0.0,0.0,0.0
2019-08-02,7.51,7.51,7.51,7.51,100,0.0,-0.009234828496042291,0.002670226969292422,0.20352564102564097,0.23519736842105265,1.0407608695652173,7.266,6.0155,,6.65119655856466,6.046823696005545,0.6043728625591154,0.36881203387002076,0.23556082868909461,0.08047574734475571,0.0313662887735146,66.19229186871877,6.0155,0.9834765135129477,7.982453027025896,4.048546972974105,0.6539616081874808,0.879902310697205,0.3171771937577598,0.04223398052699864,23.15972147481617,67.95543812085671,30.580756399357384,96.98275862068964,97.98850574712644,-250.0,-790.0,1.5763344507967187,1.0442971680078135,1.5311816915102345,492.0,-0.6601475616934309,0.2032520325203252,0.0,0.24844152605768421,,4.0,8.0,,,987.55,991.1,-0.006306459860235147,-0.0022650626667337637,0.016158467816351108,0.0966962250964524,0.006306459860235147,0.20579070369237473,1.0246024017488662,1.0083096625181507,,,0.0,0.0,0.0,0.0,0.0,0.0,0.0,0.0
2019-08-16,8.63,8.63,8.21,8.21,400,0.09320905459387507,0.09320905459387507,0.08311345646438006,0.3157051282051282,0.35032894736842124,0.950118764845606,7.659999999999999,6.2155000000000005,,6.891012472631635,6.2070589777829115,0.6839534948487236,0.43184032606576134,0.25211316878296225,0.08330736843468009,0.03070805953507457,70.989524549189,6.2155000000000005,1.0035016324430142,8.22250326488603,4.208496735113972,0.6458058932945149,0.9968850910447477,0.3745216799179199,0.04561774420437514,25.172800958053713,74.80034213520723,24.04852971361583,84.44444444444446,92.80332056194125,150.0,-730.0,1.5420651439635347,1.1413984937556139,2.0524237354691706,507.0,-0.18224091852280316,0.7889546351084813,0.05115712545676004,0.3208913200868797,,4.0,8.0,,,974.88,980.0,0.0006330535645000523,0.005809060492230511,-0.0023820673086711874,0.11931983871743114,0.09257600102937502,0.3098960677128977,0.9525008321542772,0.9547751708759518,,,0.0,0.0,0.0,0.0,0.0,0.0,0.0,0.0
2019-08-29,8.98,8.98,8.98,8.98,100,0.09378806333739331,0.19573901464713717,0.19573901464713717,0.198931909212283,0.4673202614379086,0.8553719008264464,7.958,6.422500000000001,,7.212395169149845,6.412462016465659,0.7999331526841864,0.5054588913894463,0.2944742612947401,0.08907941566639047,0.03279223399718709,75.16426466245767,6.422500000000001,1.124529726269236,8.671559452538473,4.17344054746153,0.7003688446986286,1.0685710080081245,0.4027701313523542,0.044851907722979305,27.27770620354218,70.79304692685324,20.764599175351155,100.0,93.80906768837804,250.0,-670.0,1.5006493979985394,1.2528466014223594,2.7399264268054466,507.0,-0.6931967648484195,0.19723865877712032,0.0,0.39820942000778503,,3.0,8.0,0.0,0.0,978.17,978.59,0.001360947956531522,-0.01872129635200448,-0.018849196402610735,0.11510149939362618,0.09242711538086179,0.21765320556428747,0.8742210972290572,0.8910160334412667,,,0.0,0.0,0.0,0.0,0.0,0.0,0.0,0.0
2019-08-30,10.32,10.32,10.32,10.32,100,0.1492204899777283,0.2570036540803897,0.37416777629826914,0.36147757255936686,0.7403035413153458,1.1818181818181817,8.506,6.702,,7.690488220049869,6.7019092745052395,0.9885789455446297,0.602082902220483,0.38649604332414667,0.09579253348300674,0.037451166988773904,80.43960970958088,6.702,1.3531701569589154,9.408340313917831,3.995659686082169,0.8076216991697497,1.1684303487986707,0.46971512197004317,0.045515031198647596,29.940034268257413,76.74457482223404,16.533377557710885,100.0,94.81481481481482,350.0,-600.0,1.5362150646382995,0.978941193064336,1.8130684866858497,507.0,-0.6931967648484195,0.19723865877712032,0.0,0.5398388540734109,,4.0,8.0,,,980.25,984.06,0.005589674940475575,-0.008453826389238861,-0.007103218645948983,0.11547124431377112,0.14363081503725272,0.3699313989486057,1.1889214004641306,1.1974269861593805,,,0.0,0.0,0.0,0.0,0.0,0.0,0.0,0.0
2019-09-11,8.77,8.77,8.77,8.77,1400,-0.15019379844961245,-0.023385300668151587,0.06820950060901332,0.16777629826897478,0.40544871794871784,0.8541226215644817,8.758,6.904000000000001,,7.856566955426812,6.855101180097444,1.0014657753293683,0.6819594768422601,0.3195062984871082,0.11419222067609673,0.03643173300879227,63.60887282118205,6.904000000000001,1.34481616822367,9.59363233644734,4.214367663552661,0.7791518935247217,0.8468875605624124,0.5468783275436115,0.06235784806654636,29.897912268482134,61.207808496066875,33.431007284946844,64.69248291571753,88.2308276385725,-1050.0,-600.0,1.6789737124676203,0.629907157641647,1.2080208075406604,567.0,1.3549670485762626,2.4691358024691357,0.0,0.27027809965237526,,2.0,9.0,,,969.59,969.31,-0.0009791189990312477,-0.008510377136544567,0.0025650838306630064,0.07986430100191258,-0.1492146794505812,0.17628667540551934,0.8515575377338187,0.8493788098824813,,,0.0,0.0,0.0,0.0,0.0,0.0,0.0,0.0
2019-09-13,7.51,7.51,7.51,7.51,200,-0.1436716077537058,-0.2722868217054264,-0.16369710467706022,0.0,0.20352564102564097,0.22113821138211365,8.758,6.9719999999999995,,7.803248962284226,6.90361220379393,0.8996367584902956,0.7254949331718672,0.17414182531842837,0.11979184533825507,0.023187992718832005,53.76135237298738,6.9719999999999995,1.3390554408553126,9.650110881710624,4.293889118289375,0.7682475277425774,0.6004439367455086,0.597815589861925,0.07960260850358522,28.40147086815046,51.993089345102035,43.452842523031805,35.99088838268792,66.89445709946848,-1250.0,-635.0,1.4814740311871917,-0.016096927014202386,0.18724011619397388,552.0,-0.5676207084508743,0.36231884057971014,0.0,0.07716580608146884,,4.0,9.0,,,976.07,987.22,0.011423361029434309,0.013489651773981537,0.008005064428516118,0.08428634563505798,-0.1550949687831401,-0.013489651773981537,0.21313314695359753,0.2114405517143234,,,0.0,0.0,0.0,0.0,0.0,0.0,0.0,0.0
2019-09-17,6.81,6.81,6.81,6.81,2100,-0.09320905459387485,-0.22348916761687576,-0.3401162790697675,-0.17052375152253363,0.09134615384615374,0.2946768060836502,8.478,7.049499999999999,,7.650441429625114,6.8966779664758615,0.7537634631492525,0.7311486391673443,0.022614823981908172,0.11068479635084472,0.0033208258416898935,49.203911926858915,7.049499999999999,1.2782285233457833,9.605957046691566,4.493042953308432,0.7252874804430293,0.4531578282705849,0.605114476300359,0.08885675129227004,26.4047228846025,47.69695271464284,48.12527721858683,20.04555808656036,40.242976461655275,-3350.0,-750.0,1.4181405145986006,0.11294535813850311,0.3040026804125864,632.0,2.0682081814910207,3.3227848101265822,0.0,-0.03397404071210719,,1.0,9.0,0.0,0.0,990.06,996.74,0.0069504778453519656,0.02729165378352194,0.01601378143379928,0.08769938912525928,-0.10015953243922682,-0.19781540530605557,0.27866302464985093,0.27427091023962435,,,0.0,0.0,0.0,0.0,0.0,0.0,0.0,0.0
2019-09-18,7.72,7.72,7.72,7.72,200,0.13362701908957408,0.02796271637816239,-0.11972633979475478,-0.14031180400890875,0.030707610146862407,0.4676806083650191,8.226,7.172499999999999,,7.661142748144328,6.957664783773946,0.7034779643703821,0.7256145042079519,-0.022136539837569802,0.09112408864901324,-0.0028674274400997154,54.5928489369858,7.172499999999999,1.2136975908789092,9.599895181757818,4.745104818242181,0.6768616749411833,0.6127752094332501,0.6268920137074762,0.081203628718585,25.25960912519288,53.120052705089684,43.13535399288146,36.27450980392155,30.770318757723285,-3150.0,-855.0,1.4753931284052513,-0.02308270286806679,-0.11244052271292745,566.0,-0.5352679132053877,0.35335689045936397,0.0,0.07633321714883246,,2.0,9.0,,,995.75,995.15,-0.0015952003531513048,0.026658138263300657,0.010643159637238941,0.08739306925519003,0.1352222194427254,-0.1669699422722094,0.4570374487277802,0.45222435274961903,,,0.0,0.0,0.0,0.0,0.0,0.0,0.0,0.0
2019-09-20,8.7,8.7,8.7,8.7,400,0.12694300518134716,0.27753303964757703,0.1584553928095871,-0.15697674418604657,0.14775725593667532,0.44278606965174117,7.901999999999999,7.306,6.0808333333333335,7.820966940737508,7.086726651642542,0.7342402890949655,0.7273396611853546,0.006900627909610879,0.08439543552815697,0.000793175621794354,59.56760381568223,7.306,1.2281710835735877,9.762342167147175,4.849657832852825,0.6724177846009239,0.7837552558117357,0.6521140127283707,0.07495563364693916,24.90725671909919,58.15229591193921,38.50506738568442,60.294117647058805,38.87139517918025,-2750.0,-945.0,1.4553766521077427,-0.04561267492049627,-0.0396736132887881,581.0,-0.2676492177310119,0.6884681583476764,0.0,0.1908020804817956,0.4307249554611483,4.0,9.0,0.0,0.0,997.6,990.36,-0.006759602848259938,0.0031806486902614672,-0.0069189579447686,0.08332082992353776,0.1337026080296071,-0.16015739287630804,0.44970502759650977,0.45283819603063047,,,0.0,0.0,0.0,0.0,0.0,0.0,0.0,0.0
2019-09-23,9.75,9.75,9.75,9.75,100,0.12068965517241392,0.2629533678756477,0.43171806167400884,0.11174458380843788,0.2982689747003995,0.6036184210526316,8.097999999999999,7.489500000000001,6.1145000000000005,8.117741257547122,7.28400615892828,0.8337350986188419,0.7486187486720521,0.08511634994678974,0.08551129216603506,0.008729882045824588,64.10520958174921,7.489500000000001,1.3069912213291963,10.103482442658393,4.875517557341609,0.6980392396444066,0.9323862247714821,0.6805344403906299,0.06979840414262871,25.22648382638306,62.76422680084911,34.26152013439663,86.02941176470588,60.866013071895416,-2650.0,-1035.0,1.4950251832285884,-0.17465406380760887,-0.28873666662080044,581.0,-0.7112667056829654,0.1721170395869191,0.0,0.30182255157220084,0.5945702837517375,0.0,9.0,,,991.75,987.54,-0.002847449412334946,-0.0023437657850605698,-0.004947352511461611,0.0821965254424019,0.12353710458474887,0.11408834959349845,0.6085657735640932,0.6115915324682386,,,0.0,0.0,0.0,0.0,0.0,0.0,0.0,0.0
2019-10-02,8.35,8.35,8.35,8.35,1000,-0.14358974358974363,-0.04022988505747127,0.08160621761658038,0.11185086551264978,0.11185086551264978,0.3733552631578947,8.266,7.603,6.131,8.153473371770641,7.362968665674333,0.790504706096308,0.7569959401569033,0.03350876593940466,0.09467122228698299,0.004013025861006546,55.20854878884831,7.603,1.2763521210238618,10.155704242047722,5.050295757952276,0.6714992087459485,0.6463154226203607,0.731924837505585,0.08765566916234552,24.227047557066275,54.18899836417644,43.243109021261226,43.874643874643866,63.399391095469525,-3650.0,-1175.0,1.6130055714252511,-0.18384354669939734,-0.6577645908161693,526.0,0.8105927583360011,1.9011406844106464,0.0,0.09825069051690116,0.3619311694666447,2.0,10.0,,,999.18,991.19,-0.00840344541261917,0.003940038488807973,0.013870278121579815,0.07777354798885802,-0.13518629817712446,0.1079108270238418,0.3594849850363149,0.3545670415571711,,,0.0,0.0,0.0,0.0,0.0,0.0,0.0,0.0
2019-10-07,8.42,8.42,8.35,8.35,1600,0.0,-0.14358974358974363,-0.04022988505747127,0.22613803230543317,0.017052375152253108,0.3733552631578947,8.574,7.716499999999999,6.1475,8.18370823765208,7.4360820978466045,0.747626139805476,0.7551219800866179,-0.007495840281141919,0.0895360646473624,-0.0008977054228912478,55.20854878884831,7.716499999999999,1.2340190009626462,10.184538001925292,5.248461998074706,0.6396780928984107,0.6283408115081318,0.6846444919694719,0.08199335233167328,23.346515166729752,54.52355887092968,42.92730198908262,43.874643874643866,57.926233171331205,-3650.0,-1315.0,1.6130055714252511,-0.18384354669939734,-0.6577645908161693,586.0,1.6072470448322964,2.7303754266211606,0.008383233532934166,0.08209680554655607,0.3582757218381456,0.0,10.0,0.0,0.0,989.45,983.09,-0.004556546745106749,-0.013516496748815832,0.009208311091036148,0.08138168788849877,0.004556546745106749,0.239654529054249,0.36414695206685854,0.3608243690276254,,,0.0,0.0,0.0,0.0,0.0,0.0,0.0,0.0
2019-10-08,9.12,9.12,9.12,9.12,300,0.09221556886227544,0.09221556886227544,-0.06461538461538474,0.18134715025906734,0.015590200445434244,0.49019607843137236,8.854,7.8665,6.1855,8.327753124167145,7.560816757265375,0.7669363669017706,0.7574848574496484,0.009451509452122142,0.08409389987958012,0.001036349720627428,58.85124122328923,7.8665,1.2118766438874897,10.29025328777498,5.442746712225021,0.6162215185342859,0.7585865496959715,0.6907413139716524,0.07573917916355838,22.99882220199435,57.420742261615054,39.50923279060923,65.81196581196579,51.18708452041784,-3350.0,-1450.0,1.6314686518922004,-0.29692478360393376,-0.7224406614017116,591.0,-0.4633299186659734,0.5076142131979695,0.0,0.1593465963261933,0.4744159728397055,1.0,10.0,,,983.62,988.22,0.0052182404459408804,-0.011374663612080949,0.01851050233957907,0.08127305600070167,0.08699732841633456,0.19272181387114828,0.4716855760917933,0.4631131196078033,,,0.0,0.0,0.0,0.0,0.0,0.0,0.0,0.0
2019-10-15,8.49,8.49,8.49,8.49,100,-0.0690789473684209,0.016766467065868262,0.016766467065868262,-0.024137931034482696,-0.17732558139534882,0.43170320404721774,8.812000000000001,7.9945,6.213,8.352714181987585,7.629645145616088,0.7230690363714967,0.7506016932340182,-0.027532656862521487,0.08516714209322693,-0.0032429513383417535,54.91608949647168,7.9945,1.1289327750252987,10.252365550050598,5.736634449949403,0.5648547251361805,0.6097275256245652,0.6864026486879629,0.08084836851448325,22.104765662612852,53.65628504876516,43.47495834488231,47.86324786324787,52.51661918328585,-3450.0,-1565.0,1.6542760302591648,-0.25805752120847725,-0.8583945467138704,571.0,-0.7389258697846135,0.17513134851138354,0.0,0.061980111326537024,0.3664896185417672,1.0,10.0,-0.14133016627078376,0.0,993.55,993.05,-0.0005233652384835086,0.004887575641051578,-0.0037020687441058353,0.06341602974124404,-0.0685555821299374,-0.029025506675534274,0.43540527279132357,0.4370231625819685,,,0.0,0.0,0.0,0.0,0.0,0.0,0.0,0.0
2019-10-16,8.42,8.42,7.23,7.23,1500,-0.1484098939929328,-0.20723684210526305,-0.134131736526946,-0.2584615384615384,-0.17559863169897372,0.15865384615384626,8.308,8.044,6.219499999999999,8.179988923220264,7.600041801496378,0.5799471217238867,0.716470778931992,-0.13652365720810522,0.08021398640717659,-0.01888294013943364,48.002767146206395,8.044,1.0680153754067725,10.180030750813545,5.907969249186456,0.531086710794019,0.30945967194293106,0.7273738880673941,0.1006049637714238,20.778762598699608,47.01724323875529,50.46895941148265,11.965811965811987,41.88034188034189,-4950.0,-1760.0,1.7577428879414696,-0.13118162910819897,-1.1453943373594158,641.0,1.3025873897586826,2.3400936037441498,0.16459197786998608,-0.10119343610144205,0.16247286759385826,2.0,10.0,0.0,0.0,995.75,994.46,0.0014198680831780663,0.006711681159713656,-0.0006933628096266187,0.0634253618005227,-0.14982976207611087,-0.26517321962125207,0.15934720896347287,0.15945777105162606,,,0.0,0.0,0.0,0.0,0.0,0.0,0.0,0.0
2019-10-17,8.07,8.42,8.07,8.07,2255,0.11618257261410792,-0.04946996466431097,-0.11513157894736836,-0.033532934131736414,0.07456724367509993,0.29326923076923084,8.251999999999999,8.135499999999999,6.239999999999999,8.163067550417146,7.634853519904054,0.5282140305130927,0.6788194292482121,-0.15060539873511947,0.06545403104251458,-0.01866237902541753,52.31281702091393,8.135499999999999,0.9800992162450783,10.095698432490156,6.175301567509842,0.48188763628299613,0.48329250781085714,0.7604186103482945,0.0942278327569138,19.547474039351595,41.761630578955064,44.82751206709015,35.89743589743591,31.908831908831928,-2695.0,-1842.25,1.7941460085564924,-0.25055261383245236,-1.2422553787795285,752.75,2.0470611479780985,2.995682497509133,0.04337050805452288,-0.008051133919242615,0.29326923076923106,3.0,10.0,,,995.04,989.82,-0.004665848802365091,0.002471186372014822,-0.007301173402868288,0.06501323756779663,0.120848421416473,-0.036004120503751236,0.3005704041720991,0.30278106120304704,,,0.0,0.0,0.0,0.0,0.0,0.0,0.0,0.0
2019-10-21,8.35,8.35,8.35,8.35,100,0.034696406443618155,0.1549100968188104,-0.016489988221437102,0.0,0.22613803230543317,0.33814102564102555,8.251999999999999,8.241,6.265166666666667,8.191826388814508,7.687827333244494,0.5039990555700147,0.6438553545125727,-0.13985629894255802,0.06035916833173829,-0.016749257358390182,53.690765852349706,8.241,0.873040060574787,9.987080121149575,6.494919878850426,0.4237544281396856,0.5312127715904116,0.7261029953234163,0.08695844255370255,18.404134662814155,40.61133562499048,43.59276954830676,43.874643874643866,30.579297245963925,-2595.0,-1919.5,1.7934891635427335,-0.30158075036209914,-1.2179802704191987,737.75,-0.8566884338002665,0.13554727211114875,0.0,0.013226550175949425,0.33276582160623525,0.0,10.0,,,988.18,983.56,-0.005701577031945071,-0.010074780840806485,-0.0040302164975596355,0.06303620343717418,0.040397983475563226,0.010074780840806485,0.3421712421385852,0.34355584657930205,,,0.0,0.0,0.0,0.0,0.0,0.0,0.0,0.0
2019-10-24,9.05,9.05,9.05,9.05,1000,0.08383233532934153,0.12143742255266421,0.2517289073305671,-0.007675438596491113,0.17227979274611416,0.20827770360480646,8.238,8.318999999999999,6.294166666666667,8.32385309822766,7.7887290122634205,0.5351240859642399,0.6221091008029062,-0.08698501483866627,0.05912973325571711,-0.009611603849576383,57.033387560078125,8.318999999999999,0.8720991010804163,10.063198202160832,6.574801797839166,0.4193288140788155,0.7095518729162742,0.724238495657458,0.08002635311132132,17.435263028019122,44.7114121005648,40.58321055567591,76.19047619047622,51.987518654185344,-1595.0,-1956.75,1.6830882814447388,-0.45328190218338094,-1.2792891597697298,777.75,0.30219187066566894,1.2857602057216329,0.0,0.087871138357976,0.4378392691645703,3.0,10.0,0.0,0.0,988.85,993.6,0.005881816985391586,0.003818876159301654,0.002876608629825972,0.06667698732089779,0.07795051834394995,-0.011494314755792767,0.2054010949749805,0.20481193120618157,,,0.0,0.0,0.0,0.0,0.0,0.0,0.0,0.0
2019-10-25,9.12,9.12,9.12,9.12,1000,0.007734806629834168,0.09221556886227544,0.13011152416356864,0.07420494699646629,0.048275862068965614,0.20316622691292863,8.364,8.396,6.341,8.446337236961867,7.887341678021685,0.5589955589401816,0.6094863924303613,-0.05049083349017969,0.061293372690809395,-0.005536275601993388,57.36480288678141,8.396,0.8714017745171204,10.138803549034241,6.65319645096576,0.4151509168733303,0.7077113052705214,0.6775071745390681,0.07428806738366975,16.59433312765462,45.119441638680385,40.28370663836843,78.57142857142856,66.21218287884956,-595.0,-2024.0,1.6832559182651639,-0.44643443610033184,-1.2846745823786825,747.75,0.3542747379490518,1.3373453694416584,0.0,0.08623153882801304,0.43825894969247736,4.0,10.0,0.11622807017543857,1.0,993.91,996.57,0.002989130434782661,0.007450465022240227,-0.0012727491381383516,0.06237301313605988,0.004745676195051507,0.06675448197422607,0.20443897605106698,0.20469950717239804,,,0.0,0.0,0.0,0.0,0.0,0.0,0.0,0.0
2019-10-28,9.12,10.18,9.12,10.18,300,0.11622807017543857,0.12486187845303864,0.2191616766467066,0.40802213001383114,0.04410256410256408,0.355525965379494,8.954,8.5295,6.405500000000001,8.71305458512158,8.05716822039045,0.6558863647311295,0.618766386890515,0.03711997784061449,0.06442891598537617,0.003646363245639931,62.12852289378701,8.5295,0.931006670788475,10.39151334157695,6.6674866584230505,0.4366055083127849,0.9432030542278989,0.7048280906434204,0.06923655114375446,16.645763689435665,51.014839865693816,35.95633644053256,100.0,84.92063492063492,-295.0,-2026.25,1.7181107597869216,-0.5643867571227713,-1.272493981818465,712.75,-0.5763389915369282,0.4209049456331112,0.10412573673870339,0.19350489477695043,0.5892592303489186,0.0,10.0,0.0,0.0,998.27,996.48,-9.030976248536327e-05,0.013135955101874819,-8.027614995576027e-05,0.06220542866449438,0.11631837993792393,0.3948861749119563,0.35560624152944975,0.35563479052122315,,,0.0,0.0,0.0,0.0,0.0,0.0,0.0,0.0
2019-10-29,11.23,11.23,11.16,11.23,1446,0.10314341846758368,0.23135964912280715,0.2408839779005525,0.39157372986369277,0.3449101796407186,0.4953395472703064,9.586,8.7155,6.500666666666666,9.100276956641336,8.292192796657824,0.8080841599835118,0.6566299415091144,0.15145421847439744,0.07195762778125661,0.013486573328085257,66.16176067779735,8.7155,1.0767909194502598,10.86908183890052,6.561918161099481,0.49419582098571957,1.0837948562204958,0.7294832270260333,0.06495843517596021,17.381118735545677,56.05112702619608,32.25957531823234,100.0,92.85714285714285,1151.0,-1956.2,1.7402485198281323,-0.675049438969739,-1.2243050523122654,780.05,0.9264942359218352,1.8537273251714634,0.00623330365093502,0.2885089782571282,0.7275151266536768,1.0,10.0,0.11081794195250683,1.0,997.77,995.87,-0.0006121547848426667,0.008792633636888425,-0.0037215258255884898,0.06118289593862691,0.10375557325242635,0.38278109622680434,0.49906107309589487,0.5009252794600958,,,0.0,0.0,0.0,0.0,0.0,0.0,0.0,0.0
2019-10-30,11.37,12.91,9.82,12.63,9145,0.12466607301869992,0.24066797642436155,0.38486842105263186,0.5125748502994014,0.5125748502994014,0.5383678440925699,10.442,8.936499999999999,6.619166666666667,9.643311271004208,8.613511848757245,1.0297994222469633,0.7312638376566842,0.29853558459027907,0.08153597959200026,0.02363702174111473,70.64997402295522,8.936499999999999,1.3788067877316055,11.69411357546321,6.178886424536788,0.6171574051280055,1.1696913651833154,0.8980915679527453,0.07110780427179297,18.93588550112791,55.63771209355849,24.3314871612077,95.07042253521128,98.3568075117371,10296.0,-1448.9,1.7597940022497804,-0.6720163819138943,-1.2446325362345187,1217.3,3.9685372032124255,7.512527725293683,0.24465558194774345,0.4133049851731665,0.9080951781442781,2.0,10.0,0.0,0.0,996.83,1000.89,0.00504081858073846,0.013261928142621393,0.009786216567963635,0.05556832569674517,0.11962525443796146,0.49931292215678,0.5285816275246062,0.5234589449251312,,,0.0,0.0,0.0,0.0,0.0,0.0,0.0,0.0
2019-10-31,12.63,14.03,11.23,12.63,16000,0.0,0.12466607301869992,0.24066797642436155,0.3955801104972376,0.38486842105263186,0.4064587973273943,11.158,9.119,6.7245,10.102801844695868,8.911029489590042,1.191772355105826,0.8233655411465126,0.3684068139593133,0.09436043983419048,0.029169185586643963,70.64997402295522,9.119,1.6074658054806292,12.333931610961258,5.904068389038741,0.7051061763266276,1.0460458300309254,1.0339421702418348,0.08186398814266307,20.845159160888283,52.61284038532729,19.62494014890881,79.41176470588236,91.4940624136979,10296.0,-946.6,1.744531760816789,-0.5611149013735385,-1.3057166629466002,2012.3,3.6407234505849577,7.95110073050738,0.22169437846397458,0.3850202873122055,0.8782065581084098,3.0,10.0,0.05280804694048613,1.0,1000.89,998.82,-0.002068159338188935,0.0052536231884057205,0.006418459368230156,0.05620854412018319,0.002068159338188935,0.3903264873088319,0.40004033795916416,0.3974890705107752,,,0.0,0.0,0.0,0.0,0.0,0.0,0.0,0.0
2019-11-01,11.93,14.32,11.93,12.56,11900,-0.005542359461599422,-0.005542359461599422,0.11843276936776492,0.3771929824561404,0.47938751472320384,0.21705426356589141,11.846,9.231,6.812833333333333,10.480832330127273,9.181323601472261,1.2995087286550113,0.9185941786482124,0.38091455000679897,0.10346407075278752,0.030327591561050873,70.11072475684796,9.231,1.765788626558747,12.762577253117493,5.699422746882506,0.765155942610225,0.9713191530868158,1.1308034437959895,0.09003212132133674,22.730609551158505,46.50184476335162,16.66221691165008,75.17630465444287,83.21949729851218,-1604.0,-1044.3,1.6814338081317655,-0.482696688966901,-1.3144006725345752,2602.3,2.1137813085881754,4.572877838834876,0.1902866242038217,0.3606326508503954,0.84357951904494,4.0,11.0,0.0,0.0,998.82,1015.59,0.016789811978134228,0.019085463138565295,0.028351846413997794,0.0779796350705313,-0.02233217143973365,0.3581075193175751,0.18870241715189362,0.1834998573785076,,,0.0,0.0,0.0,0.0,0.0,0.0,0.0,0.0
2019-11-04,11.93,12.63,11.93,11.93,2302,-0.05015923566878988,-0.055423594615993776,-0.055423594615993776,0.1719056974459725,0.6500691562932226,0.36031927023945265,12.196000000000002,9.389,6.882833333333333,10.703781202415385,9.384929260622464,1.3188519417929214,0.9986457312771542,0.32020621051576725,0.11054919880913004,0.02684041999293942,65.28131926658665,9.389,1.8611679977340818,13.111335995468163,5.666664004531835,0.7929142604043379,0.8413179255034465,1.1000317692391333,0.09220718937461302,24.481384913552283,44.388185591693514,15.904865288833996,66.29055007052186,73.62620647694905,-3906.0,-1187.1,1.5855995698852867,-0.4930963138611638,-1.155668664212705,2647.4,-0.07867433210108019,0.8695323713832439,0.05867560771165139,0.2706358504633082,0.733297818243456,0.0,11.0,-0.058675607711651256,0.0,1019.0,1022.43,0.006735001329276402,0.02604166666666652,0.04001668209421316,0.07681223819454329,-0.05689423699806628,0.145864030779306,0.3203025881452395,0.3079783177133921,,,0.0,0.0,0.0,0.0,0.0,0.0,0.0,0.0
2019-11-05,11.93,11.93,11.23,11.23,2247,-0.058675607711651256,-0.10589171974522293,-0.11084718923198733,0.0,0.39157372986369277,0.4953395472703064,12.196000000000002,9.575,6.960333333333334,10.784737940505327,9.521601167243022,1.2631367732623051,1.0515439396741844,0.21159283358812075,0.11247878657723108,0.0188417483159502,60.31032716332344,9.575,1.849348391646158,13.273696783292316,5.876303216707683,0.7725737406354708,0.7237274500948464,1.071458071436338,0.09541033583582706,25.317365502707613,42.31679396307901,19.829196858730732,56.41748942172074,65.96144804889516,-6153.0,-1432.25,1.4951332373194322,-0.4644745820393396,-1.0656324149244523,2749.75,-0.11547115168492675,0.817165196836076,0.06233303650934989,0.17284595300261119,0.613428475647718,1.0,11.0,0.06233303650934996,1.0,1022.77,1024.34,0.0018680985495338476,0.028588068723829352,0.03655056566351611,0.07585052821442483,-0.060543706261185104,-0.028588068723829352,0.45878898160679027,0.44261128863801313,,,0.0,0.0,0.0,0.0,0.0,0.0,0.0,0.0
2019-11-06,11.23,13.19,11.23,11.93,8630,0.06233303650934996,0.0,-0.05015923566878988,-0.055423594615993776,0.4287425149700599,0.7518355359765052,12.056000000000001,9.831,7.045166666666668,10.960932103504508,9.700001080780575,1.2609310227239323,1.093421356284134,0.16750966643979837,0.10569413434400103,0.014041044965615958,63.318392042616,9.831,1.8001722139839909,13.431344427967982,6.230655572032018,0.7324472440174921,0.7914998886904642,1.134925352048028,0.09513204962682549,26.672815681566092,45.02679496853614,17.38314386043202,66.29055007052186,62.99952985425483,2477.0,-1140.9,1.4332933582349274,-0.6810203437945326,-0.5885617443854013,3076.25,1.2223952642459024,2.805363673303535,0.16429170159262357,0.2135082901027363,0.6933595136145345,2.0,11.0,-0.09974853310980714,0.0,1023.43,1024.91,0.0005564558642638939,0.023998641209323823,0.03753682313758455,0.0755588950522298,0.061776580645086066,-0.0794222358253176,0.7142987128389207,0.6884562522598774,,,0.0,0.0,0.0,0.0,0.0,0.0,0.0,0.0
2019-11-07,11.93,11.93,10.74,10.74,2018,-0.09974853310980714,-0.04363312555654497,-0.09974853310980714,-0.14964370546318295,0.18674033149171265,0.39119170984455964,11.678,9.982000000000001,7.101500000000001,10.926942549119198,9.777038037759793,1.1499045113594057,1.1047179872991884,0.04518652406021739,0.10706745915823145,0.00420731136501093,55.60325724863333,9.982000000000001,1.7394149046522343,13.46082980930447,6.503170190695533,0.6970205989389837,0.6089446798996396,1.138859255473169,0.1060390368224552,27.41069233353998,41.666171121531065,19.158984696025886,49.50634696755994,57.404795486600854,459.0,-960.45,1.4538096667691087,-0.4800347569888747,-0.9833700198700929,3167.15,-0.25532432497833485,0.6371659062564135,0.11080074487895712,0.0759366860348627,0.5123565443920297,3.0,11.0,0.0,0.0,1023.49,1024.03,-0.000858611975685819,0.025239782943873745,0.03711843464522269,0.07573570084791081,-0.09888992113412132,-0.1748834884070567,0.35407327519933696,0.3414010043322182,,,0.0,0.0,0.0,0.0,0.0,0.0,0.0,0.0
2019-11-08,10.32,10.32,10.32,10.32,947,-0.03910614525139666,-0.1349538977367979,-0.08103294746215495,-0.17834394904458595,0.13157894736842124,0.1862068965517243,11.23,10.062999999999999,7.169166666666667,10.83356677233163,9.81725744237018,1.0163093299614498,1.0870362558316407,-0.0707269258701908,0.0984795862365746,-0.00685338428974717,53.14209998512645,10.062999999999999,1.7141089445202242,13.491217889040447,6.63478211095955,0.681351066091712,0.5374830317555946,1.087512165796514,0.10537908583299554,27.65979180392211,40.51677236263956,21.389056722248174,36.0,50.59896567936061,-488.0,-847.35,1.4116973416067755,-0.3296929803008134,-1.0210248710936314,3194.5,-0.5011506705475115,0.296447018312725,0.0,0.02553910364702383,0.43949784958735316,4.0,11.0,-0.013565891472868241,0.0,1026.98,1022.49,-0.0015038621915373085,0.006794080288305304,0.03090216163897397,0.0759227543928575,-0.037602283059859354,-0.18513802933289125,0.15530473491275032,0.1506493445176602,,,0.0,0.0,0.0,0.0,0.0,0.0,0.0,0.0
2019-11-11,10.32,10.32,10.18,10.18,2105,-0.013565891472868241,-0.05214152700186225,-0.14668901927912825,-0.14668901927912825,0.0,0.04410256410256408,10.879999999999999,10.0845,7.249333333333334,10.733018038126763,9.84412726145387,0.8888907766728931,1.0474071599998913,-0.15851638332699824,0.08731736509556906,-0.01557135396139472,52.310920298105295,10.0845,1.7126725037972625,13.509845007594524,6.659154992405475,0.6793286742217313,0.5139402016130143,1.0198327253824775,0.10018003196291528,27.743890203602426,40.11948395097925,22.159878655308518,30.653266331658287,38.71987109973943,-2593.0,-844.5,1.3543417029107174,-0.23186321781962727,-0.8948510313647086,3294.75,-0.26832505855589284,0.6388952120798239,0.013752455795677855,0.009469978680152646,0.40426705903991156,0.0,11.0,0.0,0.0,1023.32,1016.75,-0.005613746833709854,-0.005555392545210869,0.02333001197701212,0.08003330271947855,-0.007952144639158387,-0.14113362673391738,0.020772552125551957,0.020298976754742792,,,0.0,0.0,0.0,0.0,0.0,0.0,0.0,0.0
2019-11-12,10.25,10.25,10.25,10.25,2501,0.006876227897838927,-0.006782945736434121,-0.04562383612662946,-0.08726625111308994,-0.08726625111308994,0.22754491017964074,10.684000000000001,10.1795,7.343833333333333,10.658707570722646,9.874191908753584,0.7845156619690616,0.9948288603937254,-0.21031319842466378,0.07653811336283528,-0.020518360821918418,52.70919943987342,10.1795,1.663384232600269,13.506268465200538,6.852731534799463,0.6536211926323566,0.5105958681431336,0.9519875307123006,0.09287683226461468,27.821981574734146,39.90876961567194,22.04349121355953,22.770398481973423,29.807888271210583,-92.0,-666.6,1.2344280757057922,-0.2163071639296275,-0.6617591108313512,3369.8,-0.19719840395241015,0.7421805448394563,0.0,0.006925683972690111,0.39572884279327325,1.0,11.0,0.0,0.0,1016.97,1018.33,0.001553970985984865,-0.0058671925337289155,0.025456925633150496,0.0797911290452277,0.005322256911854062,-0.08139905857936103,0.20208798454649024,0.19707115871465253,,,0.0,0.0,0.0,0.0,0.0,0.0,0.0,0.0
2019-11-13,10.18,10.18,10.18,10.18,400,-0.006829268292682933,0.0,-0.013565891472868241,-0.14668901927912825,-0.19398258115597788,0.2191616766467066,10.334,10.271,7.448666666666667,10.585060252149932,9.896844359957022,0.6882158921929094,0.9335062667535623,-0.24529037456065295,0.06760470453761389,-0.02409532166607593,52.23935819657332,10.271,1.6068206594324634,13.484641318864927,7.057358681135074,0.6257698994966266,0.48584160598978376,0.8889884213757078,0.08732695691313436,27.811235772226272,39.684307920468335,22.4819474797604,20.38461538461539,24.602760066082382,-492.0,-508.7,1.235632692144264,-0.20176173395613234,-0.6772394386196707,3309.8,-0.6554887226349688,0.12085322375974379,0.0,-0.008859896796806654,0.36668755034458056,2.0,11.0,0.0,0.0,1019.07,1012.77,-0.005459919672404889,-0.011844942482754695,0.018412002493815693,0.08328015880979782,-0.0013693486202780436,-0.13484407679637356,0.2007496741528909,0.19712029479356996,,,0.0,0.0,0.0,0.0,0.0,0.0,0.0,0.0
2019-11-14,10.18,10.18,10.18,10.18,101,0.0,-0.006829268292682933,0.0,-0.05214152700186225,-0.19398258115597788,0.11622807017543857,10.222,10.324,7.563166666666666,10.522743290280712,9.917818851812058,0.6049244384686538,0.8677899010965806,-0.26286546262792676,0.059422832855466984,-0.02582175467857827,52.23935819657332,10.324,1.5841796814622782,13.492359362924557,7.155640637075443,0.613785231097357,0.47727530505455656,0.8254892484203001,0.08108931713362477,27.80125752704039,39.684307920468335,22.4819474797604,20.38461538461539,21.179876417068083,-492.0,-365.8,1.1999042923608265,-0.08473770031451536,-0.46483136230330346,3299.85,-0.7194168008386996,0.030607451853872147,0.0,-0.013948082138705908,0.34599704709226753,3.0,11.0,,,1013.85,1012.3,-0.0004640737778568438,-0.011454742536839757,0.022711200016164446,0.08083824385857728,0.0004640737778568438,-0.040686784465022496,0.09351687015927412,0.09144015452045107,,,0.0,0.0,0.0,0.0,0.0,0.0,0.0,0.0
2019-11-20,8.98,10.18,8.98,10.18,300,0.0,0.0,-0.006829268292682933,-0.013565891472868241,-0.18949044585987262,0.1990577149587749,10.193999999999999,10.4085,7.669666666666667,10.470013553314448,9.937239677603758,0.5327738757106903,0.8007866960194026,-0.2680128203087122,0.052335351248594335,-0.02632738902836073,52.23935819657332,10.4085,1.525179109412893,13.458858218825785,7.358141781174214,0.5861283026037922,0.46254538260625017,0.8522400163902787,0.0837170939479645,26.401713913831866,35.69304719338343,30.27834799364105,22.471910112359538,21.080380293863453,-492.0,-217.9,1.1654341158017805,-0.18122449255783457,-0.14956473741742357,3309.85,-0.6780327318843675,0.09063854857470882,0.11787819253438107,-0.021953211317673138,0.3273067060715371,2.0,11.0,,,1009.21,1000.56,-0.0077254921406259,-0.012056044314108894,0.012927849036738603,0.08971041977537633,0.0077254921406259,-0.0015098471587593476,0.18612986592203629,0.18375431784113716,,,0.0,0.0,0.0,0.0,0.0,0.0,0.0,0.0
2019-11-25,8.91,8.98,8.91,8.98,720,-0.11787819253438103,-0.11787819253438103,-0.11787819253438103,-0.11787819253438103,-0.24727577535624468,0.24204702627939145,9.953999999999999,10.495999999999999,7.765,10.24078069895838,9.866333034818295,0.3744476641400851,0.7155188896435392,-0.34107122550345403,0.04169795814477562,-0.03798120551263408,43.86712777102352,10.495999999999999,1.376147941863363,13.248295883726724,7.743704116273273,0.5244466241857328,0.22459356405618902,0.8820800152195445,0.09822717318703167,25.02881685110702,32.02232659519804,27.731324285941998,1.2939001848428888,14.716808560605953,-1212.0,-31.0,1.113698417527567,0.046354923335783914,-0.6019006552005428,3270.85,-0.5720406952147227,0.22012626687252548,0.007795100222717181,-0.14443597560975596,0.15647134578235677,0.0,11.0,0.0,0.0,977.85,976.35,-0.001462496676143843,-0.026482934660138957,-0.020201107899807336,0.10423258705120868,-0.11641569585823719,-0.09139525787424208,0.2622481341791988,0.2676550629865191,,,0.0,0.0,0.0,0.0,0.0,0.0,0.0,0.0
2019-11-26,8.21,8.21,8.21,8.21,108,-0.08574610244988856,-0.1935166994106089,-0.1935166994106089,-0.1990243902439024,-0.2689225289403383,0.0173482032218093,9.546,10.503,7.855333333333333,9.928352899118629,9.74364169890583,0.1847112002127993,0.6093573517573913,-0.42464615154459195,0.022498319148940227,-0.05172303916499293,39.49330680842246,10.503,1.363455748804266,13.229911497608532,7.7760885023914685,0.519263352872233,0.07956097914968407,0.8740742998467199,0.1064645919423532,23.437727901658345,30.007362921006102,31.70670391314592,0.0,7.921936765734157,-1320.0,37.75,1.096596337497677,0.17379512811095507,-0.5178944798537566,3163.5,-0.6774191460738787,0.034139402560455195,0.0,-0.21831857564505375,0.045149792073326145,1.0,11.0,0.009497964721845387,1.0,976.35,976.79,0.00045065806319444235,-0.031298656220558385,-0.01915912719531665,0.10435316574520095,-0.086196760513083,-0.167725734023344,0.03650733041712595,0.037220441591850006,,,0.0,0.0,0.0,0.0,0.0,0.0,0.0,0.0
2019-11-27,7.37,7.44,7.37,7.44,700,-0.09378806333739342,-0.17149220489977723,-0.26915520628683687,-0.26915520628683687,-0.37636211232187755,-0.1089820359281436,8.998000000000001,10.4575,7.938166666666666,9.545529376177301,9.573001573060953,-0.02747219688365199,0.48199144202918265,-0.5094636389128346,-0.0036924995811360196,-0.06847629555280035,35.66386963257834,10.4575,1.4514307822936325,13.360361564587265,7.554638435412734,0.5551731416853485,-0.019745763423794752,0.87164042128624,0.11715597060298924,22.703331749826834,27.941784350655343,36.40772243539918,1.0071942446043207,0.7670314764824173,-2020.0,66.5,1.1414395477465458,0.3046691281926017,-0.6611732206064876,3193.5,-0.5552207616944917,0.21919524033192422,0.009408602150537673,-0.28854888835763803,-0.06275588402023957,2.0,11.0,-0.14964370546318284,0.0,978.98,978.17,0.0014127908762373576,-0.02237746861757417,-0.022699797180509407,0.10236817253499958,-0.09520085421363078,-0.2467777376692627,-0.08628223874763419,-0.08828632031254235,,,0.0,0.0,0.0,0.0,0.0,0.0,0.0,0.0
2019-11-28,8.42,8.42,7.16,7.16,200,-0.037634408602150615,-0.1278928136419002,-0.20267260579064594,-0.29666011787819246,-0.33333333333333337,-0.20883977900552486,8.394,10.363,8.0225,9.178524856765408,9.394260715797179,-0.21573585903177062,0.34244598181699204,-0.5581818408487627,-0.030130706568683045,-0.07795835766044171,34.35918284002743,10.363,1.6016475070508294,13.566295014101659,7.15970498589834,0.6182177002994614,4.604853757787723e-05,0.8993803911943657,0.12561178647966,21.099537771193713,32.92881703710815,32.76444196001043,0.0,0.33573141486812114,-2220.0,35.25,1.0990925337954562,0.5107178463010026,-0.2103404864925707,3153.5,-0.6541427260774153,0.06342159505311559,0.17597765363128487,-0.3090803821287271,-0.10751012776565916,3.0,11.0,0.0,0.0,977.66,970.39,-0.007953627692527832,-0.01771452287197972,-0.02846358703269869,0.10517849506492152,-0.029680780909622784,-0.27894559500621274,-0.18037619197282617,-0.18566076326662295,,,0.0,0.0,0.0,0.0,0.0,0.0,0.0,0.0
2019-11-29,8.91,8.91,8.91,8.91,100,0.244413407821229,0.19758064516129026,0.08526187576126665,-0.12475442043221996,-0.1366279069767442,-0.02302631578947356,8.14,10.352500000000001,8.121833333333333,9.137213340339962,9.358389551664054,-0.22117621132409226,0.2297215431887752,-0.45089775451286745,-0.024823368274308897,-0.05060580858730274,47.32852585027852,10.352500000000001,1.6108868920403443,13.57427378408069,7.130726215919312,0.6224146407303914,0.2761326373801244,0.9601389346804825,0.10775970086200701,20.0375822882884,32.28713685168421,28.49885591087866,29.021558872305143,10.009584372303168,-2120.0,-41.0,1.4217225061747099,1.1232442909783602,1.4308274571140276,3108.5,-0.6623636728461785,0.03216985684413704,0.0,-0.13933832407631008,0.09704295007284891,4.0,11.0,0.0,0.0,971.1,970.75,0.00037098486175657364,-0.007189756386917323,-0.044151675380813105,0.0807923389667804,0.24404242295947243,-0.11756466404530264,0.021125359591339543,0.0221011629640675,,,0.0,0.0,0.0,0.0,0.0,0.0,0.0,0.0
2019-12-02,8.91,8.91,8.91,8.91,1200,0.0,0.244413407821229,0.19758064516129026,-0.007795100222717233,-0.12475442043221996,-0.12475442043221996,8.126000000000001,10.289,8.214166666666667,9.102257441826122,9.32517551080005,-0.22291806897392696,0.13919362075623476,-0.3621116897301617,-0.025018862960036695,-0.04064104261842443,47.32852585027852,10.289,1.6427605136669157,13.57452102733383,7.003478972666168,0.6386472985389894,0.29013983040628344,0.8915575822033052,0.10006257937186365,19.051480768447757,32.28713685168422,28.498855910878664,29.021558872305143,19.347705914870108,-2120.0,-132.25,1.3567299990731485,1.381568148494358,2.6529764545070758,3153.5,-0.4324612765133034,0.3805295703186935,0.0,-0.13402663038196128,0.08471137262858885,0.0,12.0,,,971.42,959.31,-0.011784702549575088,-0.017452757720079926,-0.06173527772072418,0.08024000416809308,0.011784702549575088,0.009657657497362693,-0.06301914271149578,-0.0671656316336895,,,0.0,0.0,0.0,0.0,0.0,0.0,0.0,0.0
2019-12-06,7.79,7.79,7.72,7.72,605,-0.13355780022446695,-0.13355780022446695,0.07821229050279332,-0.059683313032886876,-0.24682926829268292,-0.3125556544968834,8.028,10.1135,8.281500000000001,8.88960245077595,9.206273621111157,-0.31667117033520675,0.048020662537946464,-0.3646918328731532,-0.04101958164963818,-0.04723987472450171,40.94801907753691,10.1135,1.7224959705093885,13.558491941018778,6.668508058981223,0.6812660188893612,0.1526116692028926,0.912874897760212,0.1182480437513228,18.3419802035647,29.280803082263333,35.15650118350805,11.740041928721165,23.26105322444383,-2725.0,-326.05,1.3703774791032628,1.4902629823048168,3.470595600586189,3111.45,-0.5523532382151014,0.19444310530460077,0.009067357512953405,-0.23666386513076587,-0.06780172674032503,4.0,12.0,0.0,0.0,962.38,963.56,0.00030105785501466364,-0.007406644347154323,-0.057633815489638085,0.09786274028898637,-0.1338588580794816,-0.05227666868573255,-0.2549218390072453,-0.27051250691863327,,,0.0,0.0,0.0,0.0,0.0,0.0,0.0,0.0
2019-12-09,7.72,7.72,7.72,7.72,64,0.0,-0.13355780022446695,-0.13355780022446695,0.037634408602150504,-0.24165029469548138,-0.38875692794932704,8.084,9.868,8.34,8.709663612195035,9.096179278806627,-0.38651566661159187,-0.038886603291961204,-0.34762906331963067,-0.05006679619321138,-0.04502967141445993,40.94801907753691,9.868,1.6946280448895976,13.257256089779196,6.478743910220805,0.6869185427197396,0.18311630294364398,0.8476695479201969,0.1098017549119426,17.683158250459,29.280803082263336,35.156501183508055,17.721518987341756,19.49437326278937,-2725.0,-977.1,1.2693466343257158,1.8230319343476225,5.959190616303722,2657.4,-0.5957965366676913,0.024083690825619026,0.0,-0.21767328739359548,-0.07434052757793763,0.0,12.0,0.0,0.0,963.91,966.06,0.0025945452281124215,0.007036307345904769,-0.049854929923776825,0.09922249944799998,-0.0025945452281124215,0.030598101256245736,-0.3389019980255502,-0.35668447766440825,,,0.0,0.0,0.0,0.0,0.0,0.0,0.0,0.0
2019-12-10,8.84,8.84,8.84,8.84,100,0.14507772020725396,0.14507772020725396,-0.007856341189674598,0.23463687150837975,-0.13163064833005889,-0.30007917656373717,8.42,9.678500000000001,8.406666666666668,8.72971536416503,9.077203035932062,-0.3474876717670323,-0.10060681698697543,-0.2468808547800569,-0.03930856015464167,-0.027927698504531324,48.523065531228035,9.678500000000001,1.577363806782503,12.833227613565008,6.523772386434995,0.6519042441628363,0.3671042158450483,0.8671217230687542,0.09809069265483646,16.830632918226645,35.80530316443963,31.912988744761734,53.16455696202531,27.542039292696092,-2625.0,-1623.15,1.3996115144460577,1.4780813618026813,3.148789343486791,1862.4,-0.5792758512210028,0.05369415807560137,0.0,-0.0866353257219612,0.051546391752577136,1.0,12.0,,,965.92,960.3,-0.005962362586174774,0.007205563072275822,-0.05698545658087273,0.09869977314296444,0.15104008279342873,0.22743130843610393,-0.24309371998286444,-0.25778363831110107,,,0.0,0.0,0.0,0.0,0.0,0.0,0.0,0.0
2019-12-13,9.89,9.89,9.89,9.89,100,0.11877828054298645,0.2810880829015545,0.2810880829015545,0.10998877665544327,-0.028487229862475316,-0.21257961783439494,8.616,9.545,8.492666666666667,8.908220692755025,9.137410218455612,-0.22918952570058693,-0.12632335872969774,-0.10286616697088918,-0.023173865086004743,-0.010401028005145519,54.42547025686032,9.545,1.4264180386733236,12.397836077346646,6.692163922653353,0.5977655478987212,0.5604661450301198,0.8801844571352718,0.08899741730386974,16.853055700721324,41.27529553210433,29.19370174025458,88.34951456310682,53.07853017082465,-2525.0,-1669.2,1.477202362673823,1.2046972522142805,1.7171412520207627,1272.4,-0.6053796297524581,0.07859163784973278,0.0,0.03614457831325302,0.1645341078577598,4.0,12.0,,,969.43,966.18,-0.0020554241507173554,0.0027190833990617946,-0.04341455204300859,0.1044896833885919,0.1208337046937038,0.10726969325638147,-0.16916506579138635,-0.17684260841796973,,,0.0,0.0,0.0,0.0,0.0,0.0,0.0,0.0
2019-12-17,8.42,8.42,8.42,8.42,264,-0.14863498483316484,-0.04751131221719451,0.09067357512953378,-0.05499438832772163,-0.062360801781737196,-0.2942162615255658,8.518,9.369499999999999,8.554166666666667,8.833109816946559,9.084268720792233,-0.2511589038456741,-0.151290467752893,-0.09986843609278107,-0.02982884843772851,-0.011860859393441931,46.40352016245397,9.369499999999999,1.3302175326654446,12.029935065330887,6.70906493466911,0.5678926442885723,0.3215517431014792,0.9223141387684668,0.10953849629079178,15.71488229465815,36.57634769134167,37.25457927076767,41.721854304635755,61.078641943255974,-2789.0,-1613.35,1.5538810747939686,1.033937366156359,1.295705647902513,1170.5,-0.4689058299217864,0.22554463904314395,0.0,-0.1013394524787874,-0.0156843643448612,1.0,12.0,,,962.49,954.03,-0.007738150956348111,-0.006529209621993104,-0.05387018396390142,0.1012816162715804,-0.14089683387681673,-0.04846517870572853,-0.24034607756166437,-0.2540307614113857,,,0.0,0.0,0.0,0.0,0.0,0.0,0.0,0.0
2019-12-23,8.91,9.68,8.91,9.68,600,0.14964370546318295,-0.021233569261880803,0.09502262443438902,0.2538860103626943,0.17904993909865996,-0.1380231522707035,8.91,9.292,8.613,8.963400614339395,9.128396963696511,-0.16499634935711605,-0.15403164407373762,-0.010964705283378423,-0.01704507741292521,-0.0011327174879523165,52.82229927206327,9.292,1.2593841435609103,11.810768287121821,6.773231712878179,0.5421369537498539,0.5770217732976471,0.9464345574278621,0.09777216502353947,15.424947498756222,42.607539877827655,33.711902063923766,83.44370860927151,71.17169249233804,-2189.0,-1415.15,1.6456936786973089,0.7646477680237346,0.2744942129919945,1088.15,-0.25424636606454676,0.5513945687634977,0.0795454545454545,0.04175634954799823,0.1238825031928481,0.0,12.0,0.0,0.0,959.55,959.43,0.003157641597222982,-0.002121751068676181,-0.01732985097557238,0.09083987048063868,0.14648606386595997,0.2560077614313705,-0.12069330129513112,-0.12282178451737102,,,0.0,0.0,0.0,0.0,0.0,0.0,0.0,0.0
2019-12-24,8.0,8.0,8.0,8.0,200,-0.17355371900826444,-0.04988123515439424,-0.19110212335692622,0.0362694300518136,0.07526881720430101,-0.32942162615255655,8.966,9.0955,8.658666666666667,8.815185135210257,9.044812003422695,-0.2296268682124385,-0.1691506889014778,-0.06047617931096069,-0.028703358526554812,-0.007559522413870087,45.07157452775887,9.0955,1.1256084904105086,11.346716980821016,6.844283019178983,0.49501775181595664,0.25668715869394526,0.9988320890401576,0.1248540111300197,14.45110361060889,37.488656692714294,36.16934388949417,27.81456953642384,50.993377483443716,-2389.0,-1658.45,1.7331844371592888,0.7789180288404581,0.30686794658739397,666.65,-0.6308386560887641,0.3000075001875047,0.0,-0.12044417569127586,-0.0760702186633816,1.0,12.0,0.0,0.0,959.43,958.88,-0.0005732570380329038,0.005083697577644264,-0.01833556854595153,0.09071683211242035,-0.17298046197023154,0.031185732474169336,-0.311086057606605,-0.3168965357600072,,,0.0,0.0,0.0,0.0,0.0,0.0,0.0,0.0
2019-12-25,7.44,7.44,7.44,7.44,164,-0.06999999999999995,-0.23140495867768585,-0.11638954869358664,-0.1583710407239819,0.03910614525139677,-0.3072625698324022,8.686,8.930499999999999,8.695,8.603618191331757,8.925937040206199,-0.32231884887444195,-0.19978432089607065,-0.1225345279783713,-0.04332242592398413,-0.01646969462074883,42.81630907212069,8.930499999999999,1.113663820577453,11.157827641154904,6.703172358845093,0.49881364787075894,0.16540620866466924,0.9674869398230035,0.1300385671805112,13.693107209597322,35.93871714729479,38.80837304774548,10.256410256410264,40.50489613403522,-2553.0,-1809.05,1.7168635583801248,0.7763712417851288,0.37779472041107837,573.95,-0.6075240392312143,0.28573917588640124,0.0,-0.16689994961088384,-0.14433582518688903,2.0,12.0,0.0,0.0,958.18,960.92,0.002127482062406205,0.010293019881614462,-0.017634971426234713,0.09099452166912508,-0.07212748206240616,-0.16866406060559636,-0.2896275984061675,-0.29482686168771677,,,0.0,0.0,0.0,0.0,0.0,0.0,0.0,0.0
2019-12-26,8.49,8.49,8.49,8.49,100,0.1411290322580645,0.06125000000000003,-0.12293388429752061,-0.14155712841253798,-0.047138047138047146,-0.17732558139534882,8.406,8.839,8.736,8.586138469588409,8.893645407598331,-0.30750693800992224,-0.22132884431884098,-0.08617809369108126,-0.036219898469955505,-0.010150541070798734,48.06379305785977,8.839,1.0677221203645637,10.974444240729127,6.703555759270873,0.4831868403052669,0.41828398200628325,0.9733807298356462,0.11465026264259671,13.185975183695891,40.87470577608564,35.818147446019864,48.71794871794871,28.929642836927616,-2453.0,-1907.3,1.7975095654839621,0.5581902900022816,-0.3046465739282901,531.6,-0.6377828451723329,0.18811136192626035,0.0,-0.03948410453671236,-0.02815934065934067,3.0,12.0,,,960.67,958.59,-0.002424759605378135,0.006647344212715067,-0.012160059357577802,0.08733159076326912,0.14355379186344264,-0.14820447262525305,-0.16516552203777102,-0.1671986677622681,,,0.0,0.0,0.0,0.0,0.0,0.0,0.0,0.0
2019-12-30,8.91,8.91,8.91,8.91,200,0.04946996466431086,0.19758064516129026,0.11375000000000002,0.05819477434679343,0.0,-0.12475442043221996,8.504,8.7755,8.783166666666666,8.635963320420961,8.894856858887344,-0.2588935384663831,-0.2288417831483494,-0.03005175531803367,-0.029056513857057584,-0.00337281204467269,50.038746837502146,8.7755,1.0204925281451156,10.81648505629023,6.734514943709768,0.46515527463739526,0.5329497757922034,0.9338535348473858,0.10480959987063813,12.991836474948045,42.77410301615425,34.667491177897254,64.10256410256409,41.02564102564103,-2253.0,-1890.3,1.8068525996551212,0.46326849555148597,-0.43728164361986427,436.35,-0.4152936928730128,0.45834765669760513,0.0,0.015326762007862982,0.014440501717300158,0.0,12.0,,,962.89,965.03,0.0015775653599858774,0.005836798932699727,0.0059626189657149276,0.07895992798317888,0.047892399304324984,0.052357975414093705,-0.1307170393979349,-0.12994224331350623,,,0.0,0.0,0.0,0.0,0.0,0.0,0.0,0.0
2020-01-06,7.72,7.72,7.65,7.72,700,-0.13355780022446695,-0.0906949352179035,0.037634408602150504,-0.2024793388429752,0.0,-0.24682926829268292,8.112,8.649,8.8105,8.495045886510043,8.80783042489569,-0.312784538385646,-0.24563033419580874,-0.06715420418983728,-0.040516131915239124,-0.008698731112673223,44.83639469847412,8.649,0.9842598073786516,10.617519614757303,6.680480385242696,0.45520166834484993,0.26403587928827044,0.9571497109297153,0.12398312317742427,12.248658629808148,38.75208929406415,40.81065324214513,20.512820512820493,44.444444444444436,-2953.0,-2033.35,1.8669000763268369,0.534761520235672,-0.5711583495273442,346.3,1.149624821643391,2.0213687554143807,0.009067357512953289,-0.1074112614175049,-0.12377277112536178,0.0,1.0,0.0,0.0,962.79,955.79,-0.009687713699566891,-0.008012371433612553,-0.00806384656897341,0.07297816680123287,-0.12387008652490006,-0.19446696740936265,-0.23876542172370951,-0.24070644153642284,,,0.0,0.0,0.0,0.0,0.0,0.0,0.0,0.0
2020-01-07,7.72,7.72,7.72,7.72,8,0.0,-0.13355780022446695,-0.0906949352179035,-0.03500000000000003,0.0,-0.24165029469548138,8.056000000000001,8.526,8.837833333333332,8.37580805781619,8.727250393421935,-0.35144233560574456,-0.2667927344777959,-0.08464960112794867,-0.045523618601780384,-0.010964974239371589,44.83639469847412,8.526,0.935360330230242,10.396720660460485,6.655279339539516,0.4388272719822858,0.2845749990804077,0.8887818744347357,0.11512718580760825,11.558564916463958,38.752089294064156,40.810653242145136,11.428571428571402,32.01465201465201,-2953.0,-2156.4,1.867096467783648,0.5249313802253606,-0.580005340094508,326.7,-1.0071861586145816,0.024487297214569943,0.0,-0.09453436547032612,-0.12648273521036446,1.0,1.0,,,955.79,958.88,0.00323292773517192,-0.006372858874853615,-0.007432250584849753,0.07335916640843067,-0.00323292773517192,-0.028627141125146416,-0.23421804411063163,-0.23597184600108123,,,0.0,0.0,0.0,0.0,0.0,0.0,0.0,0.0
2020-01-15,6.81,6.81,6.81,6.81,400,-0.11787564766839376,-0.11787564766839376,-0.23569023569023573,-0.08467741935483886,-0.22963800904977383,-0.3310412573673871,7.93,8.3575,8.849333333333334,8.134914510459852,8.58523184576105,-0.45031733530119844,-0.3034976546424764,-0.14681968065872203,-0.0661258935831422,-0.02155942447264641,41.051241877042706,8.3575,0.9252076580564605,10.20791531611292,6.507084683887079,0.4428155108855329,0.08185062928176581,0.8902974548322545,0.130733840650845,11.544502354010508,35.92282611865863,45.132026417344726,0.0,10.647130647130647,-3353.0,-2299.45,1.9074384732384555,0.6103655114765292,-0.6425873462654855,341.65,0.18687729554853283,1.170788818966779,0.0,-0.18516302722105893,-0.23045050474612028,2.0,1.0,0.0,0.0,967.69,967.56,0.0005791106514994038,0.019578916310143413,0.014181943964026278,0.08611884167216997,-0.11845475831989316,-0.10425633566498227,-0.3452232013314134,-0.34039572818864805,,,0.0,0.0,0.0,0.0,0.0,0.0,0.0,0.0
2020-01-16,7.79,7.79,7.79,7.79,900,0.14390602055800295,0.0090673575129534,0.0090673575129534,-0.08244994110718495,-0.21233569261880691,-0.23477406679764246,7.790000000000001,8.238,8.880333333333333,8.081850739619876,8.526325783112084,-0.4444750434922078,-0.3316931324124227,-0.11278191107978508,-0.05705713010169548,-0.01447778062641657,46.30815091431875,8.238,0.8265056436270546,9.89101128725411,6.58498871274589,0.40131373810490645,0.36448973353830144,0.8967047794870936,0.11510972779038428,10.77908616383361,40.924920759282166,41.608858122177175,31.818181818181824,14.415584415584425,-2453.0,-2397.5,1.9873570517059522,0.4633221839113964,-1.0608737469210672,371.65,1.5727112746217178,2.421633257096731,0.0,-0.054382131585336224,-0.12278067640103596,3.0,1.0,,,967.2,974.31,0.006976311546570857,0.014747695672551187,0.02437101132337327,0.0876471467649416,0.1369297090114321,-0.09719763677973614,-0.2591450781210157,-0.25297970682148563,,,0.0,0.0,0.0,0.0,0.0,0.0,0.0,0.0
2020-01-21,8.91,8.91,8.91,8.91,100,0.14377406931964054,0.3083700440528636,0.15414507772020736,0.0,0.05819477434679343,-0.007795100222717233,7.790000000000001,8.2345,8.924833333333334,8.209258318139895,8.554746095474151,-0.34548777733425595,-0.33445206139678935,-0.011035715937466606,-0.038775283651431645,-0.0012385764239580927,51.61837538748891,8.2345,0.8233402762687605,9.881180552537522,6.587819447462479,0.39994670047665826,0.7051096064015147,0.9126544380951583,0.10243035219923213,10.70093523994208,46.103229374228775,37.961575524481525,68.18181818181817,33.33333333333335,-2353.0,-2454.55,2.0088882418726497,0.24003971069703603,-1.2786657169188538,340.65,-0.7277504402603417,0.29355643622486427,0.0,0.08203291031635196,-0.0016620291695457201,1.0,1.0,,,978.82,986.37,0.00790901566475588,0.020031023784901736,0.02807917200837995,0.09102681990679744,0.13586505365488466,-0.020031023784901736,-0.03587427223109718,-0.034894464558615446,,,0.0,0.0,0.0,0.0,0.0,0.0,0.0,0.0
2020-01-30,7.65,7.65,7.65,7.65,100,-0.14141414141414144,-0.01797175866495504,0.12334801762114544,-0.009067357512953289,-0.2097107438016529,-0.06820950060901343,7.776000000000001,8.2065,8.948333333333332,8.123218576887604,8.48772786617977,-0.3645092892921653,-0.3404635069758645,-0.02404578231630078,-0.047648273110086965,-0.00314323951847069,46.09510239697143,8.2065,0.8336746494002528,9.873849298800506,6.539150701199494,0.4063484552002695,0.3331183512655846,0.9374648353740757,0.12254442292471576,10.123538213631235,41.67715333690744,43.91748767404892,27.272727272727288,42.42424242424244,-2453.0,-2511.2,2.0522596858137554,0.22993265638218208,-1.3365700190565477,340.25,-0.725880202415954,0.29390154298310067,0.0,-0.06781210016450367,-0.1450921959396534,3.0,1.0,,,975.15,959.58,-0.03215460028644623,-0.01511839147704519,-0.0013944969404320329,0.15102421163559307,-0.1092595411276952,0.006051033964091901,-0.0668150036685814,-0.06690830709811924,,,0.0,0.0,0.0,0.0,0.0,0.0,0.0,0.0
2020-02-04,8.56,8.56,8.56,8.56,210,0.1189542483660131,-0.03928170594837255,0.09884467265725294,0.10880829015544058,0.07000000000000006,0.15053763440860224,7.944,8.2625,8.987,8.190415718904896,8.49308135757386,-0.3026656386689641,-0.3329039333144845,0.03023829464552036,-0.03535813535852384,0.003532511056719668,50.23660298174531,8.2625,0.816925397611778,9.896350795223555,6.628649204776443,0.39548582032642804,0.5910425850603132,0.9355030614187846,0.10928774081995146,9.80159220123943,45.72950248406214,40.86604207590857,56.81818181818183,50.75757575757578,-2243.0,-2522.35,2.0563195104796486,0.02014195225424133,-1.3971193257198562,315.75,-0.3295119067362588,0.665083135391924,0.0,0.03600605143721647,-0.04751307444085895,1.0,2.0,,,929.42,929.09,0.0010235524813066998,-0.05807151474598782,-0.0372423655223153,0.17362599449105226,0.1179306958847064,0.1668798049014284,0.18777999993091754,0.19504389599859362,,,0.0,0.0,0.0,0.0,0.0,0.0,0.0,0.0
2020-02-06,8.56,8.56,8.56,8.56,112,0.0,0.1189542483660131,-0.03928170594837255,0.25697503671071975,0.15053763440860224,0.1955307262569832,8.294,8.3325,9.004833333333334,8.247274839073373,8.49803829404987,-0.25076345497649655,-0.3164758376468869,0.06571238267039037,-0.029294796142114082,0.007676680218503547,50.23660298174531,8.3325,0.7764621182341327,9.885424236468264,6.779575763531734,0.3727390906614497,0.573248905084189,0.8686814141745857,0.10148147361852636,9.502642332589897,45.72950248406214,40.86604207590857,60.97560975609759,48.35550628233559,-2243.0,-2523.5,2.047878142722575,-0.02436450472874789,-1.3635582477716723,311.35,-0.6168103784345698,0.359723783523366,0.0,0.02730273027302732,-0.04939939662033355,3.0,2.0,0.007446808510638281,1.0,926.66,938.54,0.013640634618915515,-0.021926259405156467,-0.029099899655518402,0.18011041160338187,-0.013640634618915515,0.2789012961158762,0.2246306259125016,0.23136327396897083,,,0.0,0.0,0.0,0.0,0.0,0.0,0.0,0.0
2020-02-07,9.4,9.47,9.4,9.47,300,0.10630841121495327,0.10630841121495327,0.2379084967320262,0.21566110397946092,0.11542991755005905,0.06285072951739634,8.63,8.3605,9.036333333333333,8.435386402292854,8.570035457453583,-0.1346490551607289,-0.2801104811496553,0.14546142598892642,-0.0142184852334455,0.015360235056908807,54.307961973249306,8.3605,0.8078462268995223,9.976192453799044,6.744807546200955,0.38650617876898374,0.8433512353762587,0.8716327417335439,0.09204147219995183,9.798989003142049,49.77659958085103,37.818551306285684,92.68292682926833,70.15890613451593,-1943.0,-2514.65,1.8974675140338177,-0.21696362601634625,-1.603427882697668,321.35,-0.06684763997052731,0.9335615372646646,0.007391763463569195,0.1327073739608875,0.04799144195654592,4.0,2.0,0.029567053854276493,1.0,938.61,940.75,0.002354721162656892,0.004409472358053446,-0.025270945147854218,0.18060301482806654,0.10395369005229638,0.21125163162140748,0.08812167466525056,0.090406328021706,,,0.0,0.0,0.0,0.0,0.0,0.0,0.0,0.0
2020-02-10,9.47,9.75,9.47,9.75,300,0.029567053854276493,0.139018691588785,0.139018691588785,0.09427609427609429,0.09427609427609429,0.09427609427609429,8.798000000000002,8.4025,9.073666666666666,8.637634648093954,8.657440238382948,-0.019805590288994424,-0.22804950297752313,0.2082439126885287,-0.0020313425937430176,0.021358350019336277,55.51398122900927,8.4025,0.8581858159727692,10.118871631945538,6.686128368054462,0.4085383235812052,0.8925431925464139,0.8293732601811479,0.08506392412114337,10.243385873513231,50.98771652494394,36.906572270500874,100.0,84.55284552845531,-1643.0,-2490.8,1.8983192193156426,-0.257589867755371,-1.5923740304402367,276.35,0.09714760257704194,1.0855798805862131,0.028717948717948652,0.16036893781612616,0.07453804048345036,0.0,2.0,0.0,0.0,934.38,930.73,-0.010651076268934356,0.002790527291141487,-0.02621914855773755,0.18123358358329525,0.04021813012321085,0.0914855669849528,0.12049524283383184,0.12373958951376673,2.757950041842524,0.1852908375398589,0.0,0.0,0.0,0.0,0.0,0.0,0.0,0.0
2020-02-11,11.09,11.09,11.09,11.09,100,0.13743589743589735,0.1710665258711721,0.29556074766355134,0.44967320261437904,0.4365284974093264,0.4365284974093264,9.486,8.571,9.133333333333333,9.014921625310269,8.837629850354581,0.1772917749556875,-0.14698124739088103,0.3242730223465685,0.015986634351279304,0.02924012825487543,60.84091932887053,8.571,1.0306405775050815,10.632281155010162,6.509718844989837,0.4809896523183205,1.1110277566641755,0.8658465987396373,0.078074535504025,11.399158040375687,56.40573827483561,32.82676620765361,100.0,97.56097560975611,-1543.0,-2431.7,1.8673243564032744,-0.47500863755386646,-1.3704181340628518,251.1,-0.6469689994006288,0.39824771007566706,0.0,0.2938980282347452,0.21423357664233578,1.0,2.0,0.0,0.0,930.73,934.67,0.004233236276900865,0.00600587671807884,-0.02524820624061408,0.18159727269235676,0.13320266115899648,0.4436673258963002,0.4617767036499405,0.47373773160137267,2.9564425186094647,0.19584008366390793,0.0,0.0,0.0,0.0,0.0,0.0,0.0,0.0
2020-02-12,11.09,11.09,11.09,11.09,10,0.0,0.13743589743589735,0.1710665258711721,0.29556074766355134,0.4365284974093264,0.4365284974093264,9.992,8.7395,9.181333333333333,9.334164452185611,9.00447208366165,0.3296923685239612,-0.05164652420791258,0.3813388927318738,0.029728797883134466,0.03438583342938448,60.84091932887053,8.7395,1.1524686318370803,11.04443726367416,6.434562736325839,0.5274757740543877,1.0098837259139128,0.8040004131153775,0.07249778296802323,12.472375052462251,56.40573827483561,32.82676620765361,100.0,100.0,-1543.0,-2372.6,1.8673243564032744,-0.47500863755386646,-1.3704181340628518,248.4,-1.0096330580040098,0.040257648953301126,0.0,0.2689513130041765,0.20788556491431898,2.0,2.0,,,940.72,937.68,0.003220387944408154,0.012711818643280637,-0.01190752176020582,0.17893067420949854,-0.003220387944408154,0.2828489290202707,0.44843601916953224,0.45384013039789983,2.899689679209298,0.19346454861485535,0.0,0.0,0.0,0.0,0.0,0.0,0.0,0.0
2020-02-17,12.63,12.63,12.63,12.63,100,0.13886384129846707,0.13886384129846707,0.29538461538461536,0.47546728971962615,0.8546255506607932,0.4287330316742082,10.806000000000001,8.928999999999998,9.242166666666666,9.841216074926287,9.27302970709412,0.5681863678321672,0.07232005420010339,0.49586631363206385,0.04498704416723414,0.03926099078638668,66.23059687752314,8.928999999999998,1.4444663920959708,11.81793278419194,6.040067215808056,0.6470898833445946,1.1405479594837997,0.8565718121785649,0.06782041268238835,14.213724968234818,62.00406490850311,28.611189379765715,100.0,100.0,-1443.0,-2313.5,1.862145543112778,-0.47940472230884673,-1.3677292789084194,248.4,-0.6284796384555161,0.4025764895330113,0.0,0.4144921043789902,0.3665626746974917,0.0,2.0,,,938.52,934.77,-0.002858819137020685,0.004340678821999955,-0.032168889257019884,0.16911753478195007,0.14172266043548776,0.4711266108976262,0.46090192093122806,0.47622143555336316,2.7381228914918507,0.18144097739059417,0.0,0.0,0.0,0.0,0.0,0.0,0.0,0.0
2020-02-26,11.23,11.23,11.23,11.23,100,-0.11084718923198733,0.012623985572588037,0.012623985572588037,0.18585005279831046,0.4415917843388961,0.13549039433771481,11.158000000000001,8.996,9.257333333333333,10.054875140322242,9.417990469531592,0.6368846707906499,0.1852329775182127,0.45165169327243726,0.056712793480912724,0.040218316408943654,58.36590810609759,8.996,1.520465302741934,12.036930605483867,5.955069394516133,0.6760628291427005,0.8673217659047058,0.8953881113086675,0.07973179976034439,14.639687588228046,55.07923933561493,36.584135381460435,75.94501718213058,91.98167239404354,-1543.0,-2264.4,1.8864113835755147,-0.25377669209034115,-1.5818565182425564,248.4,-0.6284796384555161,0.4025764895330113,0.0,0.248332592263228,0.21309232320322624,2.0,2.0,,,901.51,895.97,-0.01506040652104601,-0.03530513803350699,-0.09631250882536868,0.2003471835018838,-0.09578678271094132,0.22115519083181745,0.2318029031630835,0.256507814290736,2.8658351239802387,0.19616462135468427,0.0,0.0,0.0,0.0,0.0,0.0,0.0,0.0
2020-03-05,12.56,12.56,12.56,12.56,200,0.11843276936776492,-0.005542359461599422,0.13255184851217328,0.28820512820512834,0.409652076318743,0.49168646080760103,11.720000000000002,9.203,9.320500000000001,10.440278964888051,9.650731916232955,0.7895470486550966,0.3060957917455895,0.48345125690950713,0.06286202616680706,0.038491342110629545,62.87600494384464,9.203,1.7081510471852361,12.619302094370472,5.786697905629527,0.7424322708617782,0.9913207186114789,0.9264318176437627,0.07376049503533143,15.667172779244709,59.685592638516646,32.83265276282788,98.79725085910653,91.58075601374571,-1343.0,-2192.1,1.8196286108076032,-0.46316920698482333,-1.359056354727147,245.2,-0.19125278809580687,0.8156606851549756,0.0,0.36477235684016085,0.34756719060136243,3.0,3.0,,,892.71,893.31,0.004430102207180209,-0.005709897155068866,-0.04819187248279244,0.15993685855198195,0.11400266716058471,0.2939150253601972,0.5398783332903935,0.5672134095961827,3.0146934108099663,0.20942718315548992,0.0,0.0,0.0,0.0,0.0,0.0,0.0,0.0
2020-03-09,11.93,11.93,11.93,11.93,100,-0.05015923566878988,0.06233303650934996,-0.055423594615993776,0.07574391343552755,0.5594771241830063,0.2324380165289257,11.888,9.3155,9.394166666666669,10.669466816443736,9.819566589104587,0.8499002273391483,0.4148566788643013,0.435043548474847,0.07124058904770732,0.036466349411135544,59.58342860846331,9.3155,1.8121475337870667,12.939795067574133,5.691204932425867,0.7781214250601971,0.8606908310793215,0.9052581163834941,0.07588081444958039,16.128075949804334,56.71864694631647,36.171513327533724,87.97250859106528,87.57159221076749,-1443.0,-2154.8,1.7780473024597356,-0.29474246940912435,-1.4330003265273434,220.2,-0.5392725780528012,0.4541326067211626,0.0,0.2806612634855885,0.2699370176527984,0.0,3.0,,,875.8,835.49,-0.06276361841514855,-0.055335074567800624,-0.10232827995229554,0.2656274839335547,0.012604382746358667,0.13107898800332818,0.33476629648122125,0.3729273062801075,2.257742675947551,0.23481215366457686,0.0,0.0,0.0,0.0,0.0,0.0,0.0,0.0
2020-03-16,10.18,10.18,10.18,10.18,100,-0.14668901927912825,-0.18949044585987262,-0.09349955476402494,-0.08205590622182146,0.18925233644859807,0.27249999999999996,11.706,9.4245,9.450333333333333,10.594164229298546,9.846265360282025,0.7478988690165203,0.4814651168947451,0.26643375212177517,0.0734674723984794,0.026172274275223496,51.51374962681541,9.4245,1.7943316451067797,13.013163290213559,5.835836709786441,0.7615604626693319,0.6052620347610044,0.9655968223561017,0.09485234011356598,15.35235100678821,49.37621301929707,44.434341714427354,50.803212851405604,79.19099076719249,-1543.0,-2112.5,1.7421521074333017,-0.24266428226859676,-1.537199325713937,215.2,-0.5131728816838463,0.4646840148698885,0.0,0.0801634038941057,0.07721068039928047,0.0,3.0,0.0,0.0,758.28,747.86,-0.018272992202473137,-0.10488455876192415,-0.19995292959765498,0.3166285168821456,-0.12841602707665511,0.02282865254010269,0.47245292959765495,0.590531416307865,2.7131706523177583,0.28264418720908746,0.0,0.0,0.0,0.0,0.0,0.0,0.0,0.0
2020-03-17,11.58,11.58,11.58,11.58,100,0.1375245579567781,-0.029337803855825628,-0.07802547770700641,-0.08313539192399055,0.3528037383177569,0.5564516129032258,11.496,9.6315,9.514666666666667,10.745831270944924,9.974690148409282,0.7711411225356422,0.5394003180229245,0.2317408045127176,0.06659249762829379,0.020012159284345216,56.58008993542077,9.6315,1.792144481370096,13.215788962740193,6.0472110372598085,0.7442846831210491,0.7718112323330049,0.9966256207592373,0.08606438866660081,15.351019664217754,54.455731940568356,39.97586294477894,78.9156626506024,72.56379469769111,-1443.0,-2057.0,1.7589903113568006,-0.44606081919036383,-1.4090113203540198,212.0,-0.4962188941369553,0.4716981132075472,0.0,0.2023049369257124,0.21706838565022424,1.0,3.0,0.0,0.0,724.07,745.78,-0.002781269221512117,-0.10951641791044775,-0.19629713448212682,0.31771637110565604,0.1403058271782902,0.026381025986457196,0.7527487473853526,0.9366008007204405,2.6921480857593396,0.2802309416568741,0.0,0.0,0.0,0.0,0.0,0.0,0.0,0.0
2020-03-18,9.89,9.89,9.89,9.89,100,-0.1459412780656304,-0.028487229862475316,-0.17099748533109804,-0.11932324131789851,0.04435058078141507,0.1648998822143699,11.228,9.7015,9.534500000000001,10.614164921568783,9.968416804082668,0.6457481174861144,0.5606698779155626,0.08507823957055183,0.0652930351350975,0.008602450917143763,49.813550622912004,9.7015,1.7724448621815327,13.246389724363064,6.156610275636934,0.7307920887209329,0.5265875689594083,1.0461523621335775,0.10577880304687336,14.349945461092403,48.172149336168545,46.90197723988983,44.979919678714865,58.232931726907644,-1543.0,-2011.5,1.809080676235196,-0.2535015848425467,-1.5994050277935932,212.0,-0.4962188941369553,0.4716981132075472,0.0,0.019429985053857735,0.037285646861398014,2.0,3.0,0.0,0.0,747.4,747.66,0.002520850653007667,-0.07849879829913109,-0.19499117102373065,0.3185529457107695,-0.14846212871863806,-0.04082444301876742,0.35989105323810056,0.4470647280922053,2.656267289984712,0.2743082330519013,0.0,0.0,0.0,0.0,0.0,0.0,0.0,0.0
2020-03-19,8.77,8.77,8.77,8.77,100,-0.11324570273003043,-0.2426597582037997,-0.1385068762278978,-0.3017515923566879,-0.10051282051282051,-0.015712682379349086,10.469999999999999,9.694500000000001,9.518166666666668,10.330447241327432,9.879645188965434,0.45080205236199866,0.5386963128048498,-0.08789426044285109,0.05140274257263383,-0.01002215056360902,45.8961728916868,9.694500000000001,1.7760081643956562,13.246516328791314,6.142483671208689,0.732790000266401,0.3698626478000183,1.0514271934097508,0.11988907564535357,13.806521599274236,44.50687230029903,50.94204948401086,5.159705159705137,43.01842916300748,-1643.0,-1981.0,1.8581693192177218,-0.07842943421187464,-1.763251535310083,207.0,-0.47117870609106166,0.4830917874396135,0.0,-0.09536335035329324,-0.07860407291320115,3.0,3.0,,,732.35,725.94,-0.029050637990530315,-0.0563015924601884,-0.22618400434907737,0.3151332844725563,-0.08419506473950011,-0.24544999989649952,0.2104713219697283,0.2719914335612601,2.8310540080081754,0.30681172331100787,0.0,0.0,0.0,0.0,0.0,0.0,0.0,0.0
2020-03-23,7.65,7.65,7.65,7.65,200,-0.12770809578107178,-0.22649140546006064,-0.3393782383419689,-0.3587594300083822,-0.31018935978358875,-0.009067357512953289,9.614,9.690999999999999,9.506499999999999,9.918070742661673,9.714486286079104,0.2035844565825684,0.4716739415603935,-0.2680894849778251,0.026612347265695214,-0.035044377121284324,42.31270570265275,9.690999999999999,1.7801682356924724,13.251336471384944,6.130663528615054,0.734771741076245,0.21336978732152462,1.05632525102334,0.13808173215991373,13.828553755783089,41.136177733853174,54.65741654304598,0.0,16.71320827947335,-1843.0,-1925.5,1.8524598638696428,-0.07549696179005887,-1.7635071879561435,182.0,0.09218954439128785,1.098901098901099,0.0,-0.21060778041481776,-0.1952874349129542,0.0,3.0,,,694.77,666.59,-0.060783678300198596,-0.10867007193859812,-0.262082936657294,0.3527078358233084,-0.06692441748087319,-0.25008935806978405,0.2530155791443407,0.3428780708745236,2.5982430848525735,0.3384697190273045,0.0,0.0,0.0,0.0,0.0,0.0,0.0,0.0
2020-03-26,7.65,7.65,6.67,6.67,300,-0.1281045751633988,-0.23945267958950966,-0.32558139534883723,-0.34479371316306484,-0.3985572587917042,-0.13601036269430045,8.911999999999999,9.6385,9.4785,9.418367551482953,9.488968783406579,-0.07060123192362511,0.3632189068635898,-0.4338201387872149,-0.01058489234237258,-0.06504050056779834,39.41296724599124,9.6385,1.8552550541069823,13.349010108213966,5.927989891786035,0.7699351783397759,0.09998761444839821,1.050873447378816,0.15755224098632922,14.274348177202343,38.39604527684599,57.67774296760606,0.0,1.7199017199017266,-2143.0,-1885.0,1.9128311190366152,0.028107233382564743,-1.8822163232120106,196.6,0.5372786880021027,1.5259409969481181,0.14692653673163425,-0.30798360740779174,-0.2963021575143747,3.0,3.0,,,689.0,694.21,0.005737051792828796,-0.04370884646114004,-0.22731623703307957,0.4112947900183757,-0.1338416269562276,-0.3010848667019248,0.09130587433877912,0.11816719687260724,2.4680812804476724,0.31852056440370174,0.0,0.0,0.0,0.0,0.0,0.0,0.0,0.0
2020-03-31,8.28,8.28,8.28,8.28,207,0.2413793103448274,0.08235294117647052,-0.05587229190421894,-0.2849740932642487,-0.3444180522565321,0.2158590308370043,8.251999999999999,9.712,9.4645,9.243234082024037,9.399415540191276,-0.15618145816723938,0.259338833857424,-0.4155202920246634,-0.018862494947734225,-0.05018361014790621,45.964618027338254,9.712,1.7641834252409145,13.240366850481829,6.183633149518171,0.7265994337895035,0.29707325503802867,1.090811058280329,0.13174046597588515,14.295487138874282,38.47346912813684,51.59700112792251,27.013422818791934,9.00447427293066,-1936.0,-1814.15,2.0408942525108813,-0.012348034082790433,-1.560792592557051,186.95,0.10752914249767759,1.1072479272532763,0.0,-0.14744645799011535,-0.1251518833535844,1.0,3.0,0.0,0.0,669.74,662.53,0.00040769486304470526,0.005036331366332414,-0.25609413772582845,0.4269971115185426,0.2409716154817827,-0.29001042463058113,0.47195316856283276,0.634425930076743,2.4948169788106047,0.309788665470381,0.0,0.0,0.0,0.0,0.0,0.0,0.0,0.0
2020-04-01,9.47,9.47,9.47,9.47,300,0.14371980676328522,0.41979010494752633,0.2379084967320262,-0.04246713852376138,-0.15672306322350849,0.21566110397946092,8.168,9.796000000000001,9.480833333333333,9.278121146328031,9.404644018695626,-0.12652287236759463,0.1821664926124203,-0.3086893649800149,-0.013360387789608725,-0.0325965538521663,50.247097114972824,9.796000000000001,1.7069190465804105,13.209838093160823,6.38216190683918,0.696986135802536,0.4522531544988764,1.097895982688877,0.11593410588055722,13.617641710830076,43.236903193447915,47.60231933199116,46.97986577181209,24.664429530201357,-1636.0,-1773.3,2.040741507161837,-0.012354332277809328,-1.5606007511205093,156.95,1.6267242128841317,1.9114367633004143,0.0,-0.033278889342588824,-0.001142656236266082,2.0,4.0,0.0,0.0,658.8,680.23,0.02671577136129688,-0.014516479536399785,-0.23515522223596474,0.4493665277467906,0.11700403540198834,-0.0279506589873616,0.45081632621542567,0.5894219838087311,2.673766810669634,0.34208929736726534,0.0,0.0,0.0,0.0,0.0,0.0,0.0,0.0
2020-04-03,10.53,10.81,10.53,10.53,3400,0.11193241816261867,0.2717391304347827,0.5787106446776611,0.20068415051311295,-0.1616242038216561,0.18181818181818166,8.52,9.876999999999999,9.535833333333333,9.470717893046796,9.488003721014469,-0.017285827967672418,0.14227602849640175,-0.15956185646407417,-0.0016415791042423949,-0.015153072788611032,53.762348436780364,9.876999999999999,1.7010897436024663,13.279179487204932,6.474820512795066,0.6889094840953596,0.5959678938832933,1.1151891267825287,0.10590589997934746,13.00293543989526,48.108757783211566,43.516714582283655,64.76510067114091,46.25279642058166,1764.0,-1567.45,2.017627998123077,-0.004334906631690991,-1.518174280548057,321.95,4.218286813954134,10.56064606305327,0.026590693257360035,0.0661131922648579,0.10425587695534388,4.0,4.0,0.32346491228070184,1.0,687.92,701.8,0.031709862840509695,0.010933291079068264,-0.21438246521364368,0.4731467931304091,0.08022255532210898,0.18975085943404468,0.39620064703182534,0.5043174693644912,2.754629325785087,0.3733440194441776,0.0,0.0,0.0,0.0,0.0,0.0,0.0,0.0
2020-04-06,9.12,12.14,9.12,12.07,2300,0.14624881291547975,0.2745512143611404,0.4577294685990341,0.5777777777777777,0.011735121542330251,0.5777777777777777,9.404,10.098,9.6025,9.870607447962675,9.679262704643026,0.19134474331964846,0.1520897714610511,0.03925497185859736,0.01585291991049283,0.0032522760446228134,58.364885145451396,10.098,1.683563263782484,13.46512652756497,6.730873472435032,0.6668897856139767,0.7928312886160097,1.2512470462980625,0.10366586961872928,12.435965087044236,39.81483505027833,44.06357027373422,90.60402684563758,67.44966442953022,4064.0,-1241.6,1.9779531281407494,-0.20646336919868194,-1.4410765118133335,431.95,2.1968677077686514,5.3246903576802875,0.25020712510356263,0.19528619528619529,0.25696433220515513,0.0,4.0,0.1558325912733749,1.0,716.22,736.75,0.04980051296665722,0.05845760422952062,-0.1735282239971283,0.5204192782459425,0.09644829994882254,0.5193201735482571,0.751306001774906,0.9090522188289409,2.743463249157019,0.40644816725107447,0.0,0.0,0.0,0.0,0.0,0.0,0.0,0.0
2020-04-07,11.23,12.98,11.23,12.98,1600,0.07539353769676893,0.23266856600189945,0.3706441393875395,0.9460269865067468,0.27504911591355596,0.5163551401869158,10.666,10.318999999999999,9.679666666666666,10.348975532891494,9.923761763558357,0.42521376933313704,0.20671457103546828,0.21849919829766876,0.03275915017974861,0.016833528374242585,60.84511967211622,10.318999999999999,1.7594404014674179,13.837880802934835,6.800119197065163,0.6820197311628717,0.8781031738529846,1.2868722572767723,0.0991427008687806,11.621109389646026,40.60989890601825,39.78346690444373,99.99999999999999,85.12304250559284,5664.0,-846.25,1.9580254555499907,-0.17277575021856437,-1.3899182277708175,501.45,1.238175919325626,3.1907468341808753,0.13482280431432975,0.25787382498304123,0.34095526705465073,1.0,4.0,-0.03637713437268009,0.0,744.97,746.69,0.013491686460807673,0.12748769365505996,-0.1062849345892829,0.48506701109495687,0.06190185123596126,0.8185392928516868,0.6226400747761986,0.6966874554028661,2.772688254555334,0.41246942408567705,0.0,0.0,0.0,0.0,0.0,0.0,0.0,0.0
2020-04-08,13.47,13.61,11.86,12.98,7500,0.0,0.07539353769676893,0.23266856600189945,0.567632850241546,0.12089810017271163,0.5163551401869158,11.606,10.540000000000001,9.745166666666668,10.753748527831265,10.150149781072553,0.6035987467587116,0.28609140618011697,0.31750734057859464,0.046502214696356826,0.024461274312680633,60.84511967211622,10.540000000000001,1.8038992853202727,14.147798570640546,6.932201429359456,0.6845917591348283,0.8381563510579791,1.3199528103284315,0.10169127968631983,11.180790678007364,40.173339842131035,36.01595845706363,90.92219020172911,93.84207234912223,5664.0,-450.9,1.9580254555499907,-0.17277575021856437,-1.3899182277708175,870.85,3.6980499059754024,8.612275363150944,0.13482280431432975,0.23149905123339654,0.3319423303860032,2.0,4.0,,,740.03,748.02,0.0017811943376768724,0.12903566630945007,-0.10684179104477609,0.4849429134246023,-0.0017811943376768724,0.4385971839320959,0.6231969312316918,0.6977452874342156,2.7451736753227487,0.4092395911754959,0.0,0.0,0.0,0.0,0.0,0.0,0.0,0.0
2020-04-10,13.54,13.54,13.54,13.54,200,0.04314329738058542,0.04314329738058542,0.12178956089478032,0.4297782470960927,0.3690596562184023,0.4297782470960927,12.42,10.743500000000001,9.818833333333334,11.182402600472608,10.4012497972894,0.7811528031832076,0.3851036855807351,0.39604911760247247,0.05769223066345699,0.029250304106534158,62.4419261819567,10.743500000000001,1.9036509935550698,14.550801987110141,6.936198012889861,0.7087638082766584,0.8672548184341201,1.2656704667335434,0.09347640079272847,10.771923302914319,38.9037095268781,34.877717203792905,98.99135446685878,96.63784822286264,5864.0,-60.55,1.937336134195968,-0.1073087327822999,-1.327964508834584,865.85,-0.3710666559865837,0.23098689149390772,0.0,0.26029692372131974,0.37898256751480974,4.0,4.0,0.0,0.0,759.08,757.94,-0.0031433719569133878,0.07999430037047617,-0.014702632434189122,0.4442466369938922,0.04628666933749881,0.3497839467256165,0.4444808795302818,0.45111343454451447,2.7458246591986266,0.4088561259192418,0.0,0.0,0.0,0.0,0.0,0.0,0.0,0.0
2020-04-13,11.58,11.58,11.58,11.58,7007,-0.1447562776957163,-0.10785824345146378,-0.10785824345146378,0.09971509971509973,0.3204104903078677,0.1876923076923076,12.629999999999999,10.835,9.842166666666666,11.24357143116913,10.488564627119816,0.7550068040493141,0.45908430927445093,0.29592249477486315,0.06519920587645199,0.025554619583321517,54.12244026303623,10.835,1.897354113385004,14.62970822677001,7.040291773229993,0.7004537566718981,0.5981630148458252,1.3152654333954332,0.11358078008596141,10.659842816467457,34.7627055930163,41.809488814282666,70.7492795389049,86.88760806916427,-1143.0,-35.55,2.028612323848049,-0.002939885943688491,-1.5140117280089473,1201.2,2.578535049447021,5.833333333333333,0.0,0.06875865251499769,0.17657019965116105,0.0,4.0,,,762.99,765.79,0.010357020344618162,0.039416355615880416,0.005263986977867674,0.44435921315677757,-0.15511329804033447,0.060298744099219315,0.18242832071443993,0.18147304894794392,2.5997585451322553,0.38531526615641143,0.0,0.0,0.0,0.0,0.0,0.0,0.0,0.0
2020-04-15,9.89,9.89,9.89,9.89,600,-0.1459412780656304,-0.2695716395864105,-0.2380585516178736,-0.18061309030654515,0.29281045751633994,-0.10820559062218205,12.193999999999999,10.775,9.819833333333332,11.035329672527725,10.444226506592422,0.5911031659353032,0.4854880806066214,0.1056150853286818,0.059767761975258155,0.01067897728298097,48.16368896878898,10.775,1.9078108148512012,14.590621629702403,6.959378370297598,0.7082360333554343,0.3840293815939731,1.3420321881529023,0.1356958734229426,11.297212474806333,31.635839328405623,47.04365983875046,46.39769452449569,72.04610951008647,-1743.0,-45.55,2.05347080420626,0.20038256064546703,-1.4774709300328976,1226.2,-0.27937008583270007,0.4893165878323275,0.0,-0.08213457076566122,0.007145403010913487,2.0,4.0,0.0,0.0,768.05,777.22,0.012783257971618944,0.03903638940135301,0.042157204537531356,0.440097718380765,-0.15872453603724934,-0.21964947970789817,-0.1503627951597134,-0.14428033938165652,2.433513155060217,0.3594955528940952,0.0,0.0,0.0,0.0,0.0,0.0,0.0,0.0
2020-04-16,11.23,11.23,11.23,11.23,100,0.13549039433771481,-0.030224525043177852,-0.17060561299852284,-0.1348228043143297,0.6836581709145428,0.012623985572588037,11.844,10.782,9.7965,11.065278953677305,10.502431950548539,0.5628470031287662,0.5009598651110504,0.06188713801771584,0.05011994685029085,0.005510876047882087,52.618126713335336,10.782,1.9092836904259045,14.600567380851809,6.9634326191481914,0.7083226453073286,0.5586607430638116,1.3418870318562663,0.11949127621159984,11.129382964935484,36.512126714599844,43.68812379737218,65.70605187319886,60.951008645533165,-1643.0,-50.55,2.1071965525783956,0.07442794022863754,-1.646535293768489,1230.7,-0.5050044885830518,0.08125457056959454,0.0,0.041550732702652526,0.14632777012198228,3.0,4.0,,,773.11,780.7,0.004477496719075713,0.02679099864532497,0.0441912099082471,0.44015760754172856,0.1310128976186391,-0.16161380295965466,-0.03156722433565906,-0.030231268024591862,2.434008225487483,0.3588334920328859,0.0,0.0,0.0,0.0,0.0,0.0,0.0,0.0
2020-04-21,11.23,11.23,11.23,11.23,10,0.0,0.13549039433771481,-0.030224525043177852,-0.1348228043143297,0.3562801932367152,-0.11084718923198733,11.494,10.712,9.773166666666667,11.090620653111566,10.556325880137535,0.5342947729740306,0.5076268466836464,0.02666792629038417,0.04757745084363585,0.0023747040329816713,52.618126713335336,10.712,1.8630693407442185,14.438138681488436,6.985861318511563,0.6956943019956006,0.5695089534071075,1.2460379581522474,0.11095618505362843,10.973541277198267,36.512126714599844,43.68812379737218,65.70605187319886,59.26993275696449,-1643.0,-60.55,2.050525049460023,0.2005941033330516,-1.4729367329097136,1226.2,-0.5425900644997281,0.008155276463872124,0.0,0.04835698282300238,0.1490646156994493,1.0,4.0,,,794.97,766.84,-0.03538498308112259,-0.0007427581084425983,0.15039229511393803,0.36539100267468305,0.03538498308112259,-0.1340800462058871,-0.26123948434592537,-0.2270873035706933,2.2787846929017856,0.3478149212974586,0.0,0.0,0.0,0.0,0.0,0.0,0.0,0.0
2020-04-23,9.68,12.07,9.68,12.07,600,0.07479964381121995,0.07479964381121995,0.22042467138523758,-0.10856720827178723,0.2745512143611404,0.07479964381121995,11.2,10.754,9.764999999999999,11.24129439878671,10.668449889016237,0.5728445097704729,0.5206703793010118,0.052174130469461066,0.04746019136457936,0.004322628870709284,55.40422465822095,10.754,1.8847040811979623,14.523408162395924,6.984591837604075,0.701024393229668,0.6745632130169104,1.327749532569944,0.11000410377547175,11.522087478395024,31.817610558433135,46.40945160395723,77.80979827089338,69.74063400576371,-1043.0,-35.55,2.020698212141468,0.017763003131090468,-1.435322369026446,1251.2,-0.2918853328831467,0.479539641943734,0.19801159900579954,0.12237307048540091,0.2360471070148491,3.0,4.0,,,774.23,773.91,0.006489621807210133,-0.00869732291533254,0.12120246287576952,0.3283850558033471,0.06831002200400982,-0.09986988535645469,-0.04640281906454957,-0.04138665459718227,2.3606784957176767,0.3562859016412638,0.0,0.0,0.0,0.0,0.0,0.0,0.0,0.0
2020-04-28,10.03,10.03,10.03,10.03,100,-0.16901408450704236,-0.10685663401602863,-0.10685663401602863,-0.13385146804835935,-0.047483380816714105,-0.20143312101910837,10.89,10.6275,9.733333333333333,11.054941414357986,10.621157304644663,0.43378410971332215,0.5032931253834739,-0.06950901567015177,0.043248664976403006,-0.006930111233315232,48.01945513550247,10.6275,1.8415178950786169,14.310535790157234,6.944464209842765,0.6931142395026553,0.4188848501558422,1.3786245659578051,0.13745010627694967,12.031451808077726,28.4546352349546,41.50418569048931,48.414985590778095,63.976945244956795,-1143.0,-25.55,2.075390171132117,0.19882891890983834,-1.4115631559230013,1246.2,-0.5131617982185758,0.08024394158241052,0.0,-0.05622206539637731,0.03047945205479463,1.0,4.0,0.024933214603739984,1.0,773.31,767.21,-0.004618757865511025,0.00048249960878421483,0.15847250324645912,0.2676218158614918,-0.16439532664153134,-0.13433396765714356,-0.3599056242655675,-0.31067256517265773,2.425837428564422,0.3589341175424077,0.0,0.0,0.0,0.0,0.0,0.0,0.0,0.0
2020-04-29,11.23,11.51,11.23,11.51,400,0.14755732801595212,-0.046396023198011616,0.024933214603739984,0.16380182002022226,-0.046396023198011616,-0.035205364626990754,11.214,10.6065,9.738000000000001,11.12495042753368,10.686997504300614,0.4379529232330661,0.4902250849533924,-0.05227216172032628,0.03804977612798142,-0.004541456274572223,52.92206873734702,10.6065,1.828229730468374,14.262959460936749,6.950040539063252,0.6894752200889546,0.6235484776533707,1.3858656683893906,0.12040535780967773,11.609637385924781,33.912139021086126,38.33823285357238,60.600375234521586,62.27505303206436,-743.0,9.45,2.1337692944439812,0.022177646173182138,-1.574761150395313,1261.2,-0.3867959394339429,0.3171582619727244,0.024326672458731484,0.08518361382171302,0.18196754980488783,2.0,4.0,,,768.59,769.11,0.0024765057806859225,0.0002470998283308212,0.16086818710096162,0.2669930126651678,0.1450808222352662,0.16355472019189143,-0.19607355172795238,-0.16890251098844156,2.477059642185418,0.3627933614593925,0.0,0.0,0.0,0.0,0.0,0.0,0.0,0.0
2020-05-05,11.23,11.23,11.23,11.23,500,-0.024326672458731435,0.11964107676969093,-0.06959403479701742,0.0,-0.1348228043143297,0.10314341846758368,11.214,10.659,9.726333333333335,11.141111900220807,10.727219911389456,0.4138919888313506,0.47495846572898404,-0.06106647689763345,0.036855920643931485,-0.00543779847708223,51.92428062372934,10.659,1.8304123780406025,14.319824756081205,6.998175243918796,0.6868983499542555,0.5779878904407373,1.306875263504434,0.11637357644741175,11.217952565354189,33.39315851899675,37.75151683064045,46.99331848552341,52.00289310360771,-1243.0,24.45,2.0599664214550253,-0.036685681078159935,-1.4286307244959788,1281.2,-0.3523212143634948,0.3902591320636903,0.0,0.053569753260155784,0.15459748449227173,1.0,5.0,0.0,0.0,763.22,764.16,0.0022164806484188393,-0.01609455875157728,0.08885722428042175,0.24465064796338515,-0.026543153107150275,0.01609455875157728,0.014286194187161927,0.013120355790083638,2.459581671298471,0.3608581278539362,0.0,0.0,0.0,0.0,0.0,0.0,0.0,0.0
2020-05-06,11.79,11.79,11.79,11.79,200,0.049866429207479746,0.024326672458731435,0.1754735792622133,0.049866429207479746,-0.09167950693374427,0.018134715025906578,11.326,10.6695,9.743833333333333,11.240940838648376,10.805944362397645,0.43499647625073123,0.4669660678333335,-0.031969591582602264,0.03689537542415024,-0.0027115853759628722,53.80037483936438,10.6695,1.8365656593361086,14.342631318672217,6.996368681327782,0.6885292316738774,0.652526537004542,1.2535270303969743,0.10632120698871708,10.518590199220968,35.5185803045935,36.54686736029963,59.46547884187082,55.68639085397195,-1043.0,44.45,2.0125888958448015,0.021858997870640353,-1.2957850658581622,1286.2,-0.4904718485588346,0.15549681231534754,0.0,0.10501897933361448,0.20999606588782638,2.0,5.0,,,767.3,782.59,0.02411798576214408,0.015335314036612813,0.06221920597217512,0.19292418612757367,0.025748443445335667,0.03453111517086693,-0.04408449094626854,-0.04150225367646321,2.4349423732254234,0.3664268751126358,0.0,0.0,0.0,0.0,0.0,0.0,0.0,0.0
2020-05-08,11.23,11.23,11.23,11.23,110,-0.04749787955894813,0.0,-0.024326672458731435,-0.06959403479701742,-0.17060561299852284,0.13549039433771481,11.158,10.7365,9.759000000000002,11.239257632702472,10.83735589110893,0.40190174159354264,0.45395320258537536,-0.05205146099183272,0.035788222759888036,-0.004635036597669877,51.63057104273998,10.7365,1.8310660541708719,14.398632108341744,7.074367891658255,0.6821835995607031,0.5673787817315339,1.203989385368619,0.10721187759293134,10.18964944726635,34.3385506220654,38.65496344190332,46.99331848552341,51.15070527097256,-1153.0,63.95,1.9414579044951905,0.002318236950429223,-1.1429366718213163,1286.7,-0.5314043555511557,0.08549001321209294,0.0,0.045964699855632674,0.15073265703453198,4.0,5.0,0.0,0.0,800.32,813.73,0.02158083712054637,0.0580151083720144,0.08784524477955147,0.20685345208742933,-0.0690787166794945,-0.12760914316903182,0.04764514955816335,0.04379772746795285,2.2939823850793895,0.3501294249933002,0.0,0.0,0.0,0.0,0.0,0.0,0.0,0.0
2020-05-11,11.23,11.23,11.23,11.23,30,0.0,-0.04749787955894813,0.0,0.11964107676969093,-0.030224525043177852,0.2805017103762828,11.398,10.8595,9.7765,11.237833381517476,10.866440639915675,0.3713927416018006,0.4374411103886604,-0.06604836878685982,0.03307148188796087,-0.005881421975677633,51.63057104273998,10.8595,1.773742623589141,14.406985247178282,7.312014752821719,0.6533422804324842,0.5522200903153439,1.117990143556575,0.09955388633629339,9.884204463308489,34.33855062206539,38.654963441903305,39.44020356234098,48.633000296578416,-1153.0,88.45,1.8842147924839536,-0.08557596652236214,-0.9305304273509172,1283.2,-0.5654341171393805,0.023379052369077304,0.0,0.03411759289101712,0.14867283792768382,0.0,5.0,0.0,0.0,818.26,828.33,0.0179420692367247,0.08637716893779435,0.08943485065695156,0.2080747864499297,-0.0179420692367247,0.03326390783189659,0.19106685971933124,0.17538162984607486,2.238788874704412,0.3449353426248105,0.0,0.0,0.0,0.0,0.0,0.0,0.0,0.0
2020-05-12,9.68,9.68,9.68,9.68,147,-0.1380231522707035,-0.1380231522707035,-0.17896522476675147,-0.15899218071242394,-0.021233569261880803,0.26535947712418295,11.032,10.961000000000002,9.767,10.998166707437864,10.77855614807007,0.21961055936779417,0.3938750001844872,-0.174264440816693,0.02268704125700353,-0.018002524877757543,45.71246380240134,10.961000000000002,1.6329079646608011,14.226815929321605,7.695184070678399,0.5958974417154643,0.3038774952839886,1.148847990445391,0.11868264364105278,10.457301524313284,31.029350330813696,44.566774195920786,0.0,28.811174015954816,-1300.0,115.6,1.895198727647899,-0.0942685851892477,-0.9410902151892498,1280.55,-0.5111273589818282,0.11479442427082114,0.0,-0.11686889882310025,-0.008907545817548823,1.0,5.0,0.0,0.0,827.29,835.32,0.00843866574915797,0.09312185929648242,0.10209251391930763,0.2065809790958485,-0.14646181801986147,-0.25211404000890636,0.16326696320487533,0.14814270230750282,2.1580053338790286,0.3287874273495512,0.0,0.0,0.0,0.0,0.0,0.0,0.0,0.0
2020-05-13,9.68,9.68,9.68,9.68,8,0.0,-0.1380231522707035,-0.1380231522707035,-0.1380231522707035,-0.1380231522707035,0.4512743628185907,10.722,11.1115,9.758666666666667,10.7953718293705,10.697181618583398,0.09819021078710222,0.3347380423050102,-0.23654783151790798,0.010143616816849403,-0.024436759454329337,45.71246380240134,11.1115,1.326583562150712,13.764667124301424,8.458332875698575,0.47755336800637616,0.230228075930778,1.0667874196992917,0.11020531195240617,10.989463080960592,31.029350330813703,44.56677419592078,0.0,13.146734520780342,-1300.0,157.75,1.8166049711036298,-0.17087612901078778,-0.6350312389309782,1265.95,-0.5652469843975882,0.006319364903827165,0.0,-0.1288304909328173,-0.008061210547889108,2.0,5.0,,,835.32,834.21,-0.0013288320643586315,0.06596046461109895,0.0893456430614139,0.2066913112178961,0.0013288320643586315,-0.20398361688180244,0.3619287197571768,0.33224415231518245,2.1576255032011256,0.3285507403714752,0.0,0.0,0.0,0.0,0.0,0.0,0.0,0.0
2020-05-15,11.09,11.09,11.09,11.09,500,0.14566115702479343,0.14566115702479343,-0.012466607301869992,-0.0593723494486853,-0.012466607301869992,0.3393719806763287,10.581999999999999,11.251999999999999,9.773833333333332,10.840699240236578,10.72627927646611,0.1144199637704677,0.2906744265981017,-0.17625446282763402,0.010317399798960118,-0.015893098541716322,51.56918392255965,11.251999999999999,1.1476502309639605,13.54730046192792,8.956699538072078,0.4079808855186493,0.46471050246207674,1.0913026040064853,0.09840420234503924,10.485199908030468,37.394523190459005,40.45378957254188,58.99581589958158,19.665271966527207,-800.0,214.55,1.692953897093425,-0.46517971333091956,-0.9146013037233268,1280.6,-0.35176347040902795,0.3904419803217242,0.0,-0.014397440455030108,0.13466227853281731,4.0,5.0,0.0,0.0,835.42,827.03,-0.0064512253724171575,0.016344487729345047,0.06408738838424122,0.20848975443203793,0.1521123823972106,-0.07571683717803035,0.27528459229208746,0.2587048726421728,2.110150287250558,0.31782473353677987,0.0,0.0,0.0,0.0,0.0,0.0,0.0,0.0
2020-05-18,12.63,12.63,12.63,12.63,100,0.13886384129846707,0.3047520661157026,0.3047520661157026,0.12466607301869992,0.046396023198011616,0.3336853220696938,10.862,11.41,9.814666666666666,11.115976280200181,10.86729562635751,0.2486806538426709,0.2822756720470156,-0.033595018204344684,0.019689679639166343,-0.0026599381001064675,57.02273521581777,11.41,1.1061788187031172,13.622357637406235,9.197642362593765,0.38779274976445843,0.7757239560576487,1.1233524180060221,0.0889431843235172,10.364014830858855,43.52492567027331,36.492506557832826,100.0,52.99860529986054,-700.0,261.35,1.68833674043302,-0.4717798751880629,-0.9106115890747835,1270.6,-0.5263013462225212,0.07870297497245396,0.0,0.10692375109553032,0.28684961282434474,0.0,5.0,0.0,0.0,827.49,837.01,0.012067276882337996,0.01047891540811019,0.07212757781478163,0.21083735868246142,0.12679656441612908,0.11418715761058973,0.2615577442549122,0.2439613994334715,2.181756069525535,0.3262364219426556,0.0,0.0,0.0,0.0,0.0,0.0,0.0,0.0
2020-05-19,12.63,12.63,12.63,12.63,47,0.0,0.13886384129846707,0.3047520661157026,0.12466607301869992,0.25922233300099706,0.19943019943019968,11.142,11.515,9.875499999999999,11.34890300632323,10.997866320701398,0.3510366856218319,0.29602787476197884,0.05500881085985304,0.027793878513209174,0.004355408619149092,57.02273521581777,11.515,1.1178574431285733,13.750714886257146,9.279285113742855,0.38831348436945645,0.7493609553825183,1.0431129595770205,0.08259009972898024,10.25148583062807,43.52492567027331,36.492506557832826,100.0,86.33193863319389,-700.0,138.15,1.6538723201397483,-0.3632802585590256,-0.8485208473508632,1102.95,-0.4841141912241809,0.0426129924293939,0.0,0.0968302214502823,0.27892258619816745,1.0,5.0,,,852.14,845.92,0.010645034109508789,0.01268974764162234,0.07132725430597753,0.21048233177315015,-0.010645034109508789,0.11197632537707758,0.12810294512422216,0.1195740560219476,2.153069347482584,0.32621406251444646,0.0,0.0,0.0,0.0,0.0,0.0,0.0,0.0
2020-05-22,12.63,12.63,12.63,12.63,10,0.0,0.0,0.13886384129846707,0.3047520661157026,0.09730668983492619,0.046396023198011616,11.732,11.543000000000001,9.949166666666665,11.545994851504272,11.118765111760554,0.4272297397437175,0.3222682477583266,0.1049614919853909,0.033826582719217534,0.008310490260125961,57.02273521581777,11.543000000000001,1.139298491454999,13.821596982909998,9.264403017090004,0.39480152177250233,0.7385239707049448,0.9686048910358048,0.07669080689119594,10.146994616128056,43.52492567027331,36.49250655783282,100.0,100.0,-700.0,-100.05,1.578983172611028,-0.3084072721953143,-0.6803440231055173,988.45,-0.44983057069909793,0.010116849613030502,0.0,0.0941696266135319,0.2694530530195163,4.0,5.0,,,859.29,852.74,-0.01157952082343261,0.03108714315079264,0.10901004005618287,0.1657196912685051,0.01157952082343261,0.27366492296490996,-0.06261401685817125,-0.0564593778204201,2.1499847571106763,0.32879403419572323,0.0,0.0,0.0,0.0,0.0,0.0,0.0,0.0
2020-06-03,11.23,11.23,10.88,10.88,200,-0.1385589865399841,-0.1385589865399841,-0.1385589865399841,0.12396694214876036,-0.03116651825467498,-0.1617873651771956,11.972,11.437999999999999,10.006499999999999,11.443534105119,11.101078807185699,0.34245529793330043,0.3263056577933214,0.01614964013997905,0.031475670765928346,0.0014843419246304273,49.16519271291428,11.437999999999999,1.0958322960438278,13.629664592087654,9.246335407912344,0.38322514287246984,0.372699499272268,1.0244188273903903,0.09415614222338145,9.944370106132688,38.21399662122057,44.241716615298586,40.67796610169494,80.225988700565,-900.0,-428.25,1.637726417866032,-0.11089790199332036,-0.9416698694912279,918.45,-0.3300241061266302,0.21775817954161902,0.032169117647058786,-0.04878475257912207,0.0872932593814022,2.0,6.0,,,876.73,881.17,0.007281664380429875,0.0276274665298315,0.12596634252929362,0.15654141272649186,-0.14584065092041398,0.09633947561892886,-0.2877537077064892,-0.2555615535186416,2.092744079586036,0.318223110977131,0.0,0.0,0.0,0.0,0.0,0.0,0.0,0.0
2020-06-05,11.58,11.58,11.58,11.58,200,0.06433823529411753,-0.08313539192399055,-0.08313539192399055,0.044183949504057685,-0.01781170483460548,-0.10785824345146378,12.070000000000002,11.368,10.080166666666667,11.464528858177616,11.136554451097869,0.327974407079747,0.3266394076506065,0.0013349994291405043,0.02832248765800924,0.00011528492479624389,52.01359659442009,11.368,1.0351841941362554,13.438368388272512,9.297631611727489,0.3642449662689147,0.5511986178886961,1.0012460540053623,0.08646338981048034,9.519456116025482,38.80256340416224,42.032383732621305,64.40677966101694,68.36158192090399,-700.0,-746.45,1.6554489286659928,-0.19404097171764229,-1.016349584647047,553.45,-0.23074891082313634,0.36136959074893843,0.0,0.018648838845883198,0.1487905292571221,4.0,6.0,0.0,0.0,883.4,886.22,0.0026247313044462928,0.02515992457806515,0.08908360266919013,0.1376128017459915,0.06171350398967124,0.019024024925992533,-0.1969418461206539,-0.18083262445415327,2.0847000534662565,0.31658145886578987,0.0,0.0,0.0,0.0,0.0,0.0,0.0,0.0
2020-06-08,11.58,11.58,11.58,11.58,600,0.0,0.06433823529411753,-0.08313539192399055,-0.08313539192399055,0.03116651825467498,-0.1447562776957163,11.860000000000001,11.27,10.124666666666666,11.482293649227213,11.169402269535064,0.3128913796921484,0.3238898020589149,-0.010998422366766458,0.02701998097514235,-0.0009497774064565163,52.01359659442009,11.27,0.9030882686939772,13.076176537387955,9.463823462612044,0.320528223138945,0.5858166390668307,0.929728478719265,0.08028743339544603,9.12489312521165,38.80256340416224,42.032383732621305,64.40677966101694,56.49717514124296,-700.0,-1074.65,1.6474552928666655,-0.13190756903189516,-0.9863762158779109,573.45,0.017358575224006096,1.04629871828407,0.0,0.027506654835847355,0.1437413577401725,0.0,6.0,0.0,0.0,888.7,899.92,0.015458915393468775,0.024184278511841795,0.0864269071505317,0.13459996443132394,-0.015458915393468775,-0.10731967043583235,-0.231183184846248,-0.21279221208962196,2.044879607306255,0.3231838846210254,0.0,0.0,0.0,0.0,0.0,0.0,0.0,0.0
2020-06-09,11.72,11.72,11.72,11.72,900,0.012089810017271274,0.012089810017271274,0.07720588235294112,-0.07205067300079182,0.04363312555654497,0.012089810017271274,11.678,11.277,10.1715,11.518863857038411,11.21018728660654,0.3086765704318708,0.3208471557335061,-0.012170585301635284,0.02633759133377737,-0.001038445844849427,52.629269206328,11.277,0.9061549768694739,13.089309953738947,9.464690046261051,0.3214170353354524,0.6222197116685407,0.873319301667889,0.07451529877712362,8.653574142870758,39.5033086697136,41.55108916312826,69.15254237288136,65.98870056497177,200.0,-1007.5,1.5596583414445226,-0.2447050517964153,-0.633960920623367,268.1,2.4161952954469297,3.3569563595673255,0.0,0.03928349738405612,0.1522390994445264,1.0,6.0,0.0,0.0,902.26,899.43,-0.0005444928438083085,0.02815500685871064,0.07674903031173663,0.1346139194193563,0.012634302861079583,-0.10020567985950246,-0.06465922029446536,-0.06005040958870933,2.053502709387958,0.32334098184292753,0.0,0.0,0.0,0.0,0.0,0.0,0.0,0.0
2020-06-10,11.72,11.72,11.72,11.72,207,0.0,0.012089810017271274,0.012089810017271274,-0.07205067300079182,0.21074380165289264,0.18503538928210306,11.496,11.368500000000001,10.238166666666666,11.549807879032501,11.247951191302352,0.3018566877301492,0.31704906213283474,-0.01519237440268556,0.025755690079364263,-0.0012962776794100306,52.629269206328,11.368500000000001,0.8493420053814117,13.067184010762825,9.669815989237177,0.29884048216788905,0.6034624443901584,0.8109393515487541,0.06919277743590052,8.215920802125646,39.50330866971358,41.55108916312826,69.15254237288136,67.57062146892657,200.0,-910.35,1.4544883291478174,-0.30495399932983563,-0.16616928073972526,248.45,-0.16594799027962895,0.8331656268866976,0.0,0.030918766767823236,0.14473619951488725,2.0,6.0,,,898.78,900.0,0.0006337346986424741,0.021369315796043953,0.07886503398424849,0.1338119819073339,-0.0006337346986424741,-0.09341998879683577,0.10617035529785457,0.09840930232558143,2.052732397061971,0.3277563249663543,0.0,0.0,0.0,0.0,0.0,0.0,0.0,0.0
2020-06-15,11.58,11.58,11.58,11.58,2000,-0.011945392491467643,-0.011945392491467643,0.0,0.06433823529411753,0.19628099173553726,0.03116651825467498,11.636000000000001,11.386,10.3025,11.55445282071981,11.27254739935403,0.2819054213657797,0.31002033397942375,-0.028114912613644072,0.02434416419393607,-0.0024278853725081236,51.85763108603077,11.386,0.8499436513830614,13.085887302766121,9.686112697233877,0.2985925351776079,0.5570626063517025,0.7630151121524146,0.06589076961592527,7.921761462025556,38.985582244108755,42.317114762175585,64.40677966101694,67.57062146892657,-1800.0,-918.2,1.3815438748114053,-0.2389013718033056,0.1583862910439029,343.45,3.5876692534269483,5.823263939438055,0.0,0.017038468294396703,0.1239990293618054,0.0,6.0,-0.030224525043177852,0.0,867.52,832.47,-0.0359574763757643,-0.07495110676504568,-0.005424069007538668,0.23259448715416378,0.024012083884296653,0.1392893420591632,0.03659058726221365,0.036790139517755005,1.9683068504579695,0.32467423884976043,0.0,0.0,0.0,0.0,0.0,0.0,0.0,0.0
2020-06-16,11.58,11.58,11.23,11.23,4018,-0.030224525043177852,-0.04180887372013653,-0.04180887372013653,-0.030224525043177852,0.012623985572588037,0.0,11.566,11.386,10.342333333333334,11.504537002147531,11.26939574014262,0.2351412620049107,0.29504451958452116,-0.05990325757961046,0.020938669813438174,-0.005334217059626933,49.88833927962515,11.386,0.8499436513830614,13.085887302766121,9.686112697233877,0.2985925351776079,0.45411460520172436,0.7335140327129563,0.06531736711602461,7.933542684579054,37.65685571314119,44.28309232583855,52.54237288135593,62.03389830508476,-5818.0,-1126.95,1.387204139340178,-0.18221738892854503,0.08231881244204876,543.85,3.712493392263163,7.388066562471269,0.031166518254674945,-0.013701036360442509,0.08582847197602073,1.0,6.0,,,848.86,856.13,0.028421444616622882,-0.04814160079161245,0.012069699262341693,0.251358009298206,-0.058645969659800734,0.017917075748434597,-0.012069699262341693,-0.011925758938479025,1.877959244885697,0.3190525197866439,0.0,0.0,0.0,0.0,0.0,0.0,0.0,0.0
2020-06-23,11.58,11.58,11.37,11.37,1700,0.012466607301869992,-0.0181347150259068,-0.02986348122866911,-0.0181347150259068,-0.09976247030878871,-0.05799502899751463,11.524,11.351,10.367,11.483839001817142,11.276847907539464,0.2069910942776776,0.27743383452315246,-0.07044274024547487,0.018205021484404362,-0.006195491666268678,50.69489424553649,11.351,0.8345682779295954,13.020136555859192,9.68186344414081,0.2940950675463292,0.5056915654783614,0.7061201732334594,0.06210379711815826,7.944482391235873,36.32362458830648,42.715261027270145,57.2881355932203,58.07909604519774,-4118.0,-1280.7,1.362239472525133,-0.10452860211258096,0.29148280049121966,598.85,1.1341083137983146,2.8387743174417635,0.01846965699208451,0.001673861333802984,0.0967493006655733,1.0,6.0,0.0,0.0,871.7,868.2,-0.0035350289229638676,0.014098326188779708,-0.0010700355527941685,0.24471233186859478,0.01600163622483386,-0.03223304121468651,-0.05692499344472046,-0.05698597045912224,1.8887984372689584,0.3236335103319355,0.0,0.0,0.0,0.0,0.0,0.0,0.0,0.0
2020-06-24,11.51,11.51,11.51,11.51,140,0.012313104661389573,0.024933214603739984,-0.006044905008635637,-0.017918088737201465,-0.08867775138558998,0.14755732801595212,11.482,11.425,10.4185,11.487863770768351,11.294118432906911,0.19374533786144,0.26069613519081,-0.06695079732936998,0.016832783480576888,-0.005816750419580363,51.5349507817636,11.425,0.7747427416823789,12.97448548336476,9.875514516635242,0.2712447235649468,0.5274284596120962,0.6656830180024981,0.057835188358166645,7.954640690274348,35.77796511366189,42.07358533670731,62.033898305084726,57.28813559322034,-3978.0,-1422.45,1.2059537585998215,0.10019749900012229,0.7274882752101511,600.85,-0.47515305637045535,0.23300324540234665,0.0,0.007439824945295381,0.10476556126121794,2.0,6.0,0.0,0.0,868.2,859.71,-0.009778852798894233,0.006167782407190625,0.002600643746792919,0.2423940423517643,0.022091957460283806,-0.02408587114439209,0.1449566842691592,0.14458068142410663,1.8241927552113613,0.31844284294650815,0.0,0.0,0.0,0.0,0.0,0.0,0.0,0.0
2020-06-25,11.58,11.58,11.58,11.58,300,0.006081668114682914,0.018469656992084582,0.03116651825467498,-0.011945392491467643,-0.08313539192399055,0.006081668114682914,11.454,11.428500000000001,10.450166666666666,11.502038575265528,11.315294845284177,0.1867437299813517,0.24590565414891832,-0.05916192416756663,0.016126401552793757,-0.00510897445315774,51.97553993299796,11.428500000000001,0.7753048636368812,12.979109727273764,9.877890272726239,0.2713583982628976,0.5488517508097803,0.6231342310023197,0.05381124620054574,7.884681701321235,36.293279725595795,41.73598885072201,39.99999999999996,53.10734463276835,-3678.0,-1569.2,1.0903654065669595,0.006586270370067668,1.5864986036321664,595.85,-0.30460911431835924,0.5034824200721658,0.0,0.013256332852080277,0.10811629798567801,3.0,6.0,,,851.09,854.59,-0.005955496620953626,-0.0007950705625123788,-0.007894217485691635,0.24278303936232942,0.01203716473563654,-0.011150321928955265,0.013975885600374549,0.014087092169703164,1.8030931774153403,0.31951065756976704,0.0,0.0,0.0,0.0,0.0,0.0,0.0,0.0
2020-07-01,11.58,11.58,11.58,11.58,300,0.0,0.006081668114682914,0.018469656992084582,0.0,0.06433823529411753,0.03116651825467498,11.453999999999999,11.446,10.509833333333335,11.514032640609294,11.334902634522386,0.17913000608690766,0.2325505245365162,-0.053420518449608545,0.01546891244273814,-0.004613170850570686,51.97553993299796,11.446,0.774538232551671,12.995076465103342,9.896923534896658,0.2706756011014052,0.5432515769939933,0.5786246430735826,0.049967585757649625,7.8197197830076295,36.2932797255958,41.73598885072201,39.99999999999996,47.34463276836157,-3678.0,-1690.95,1.085820628151985,-0.049065743593544285,1.672838739842482,585.85,-0.29368825539027954,0.5120764700861995,0.0,0.011707146601432905,0.10182527474270109,2.0,7.0,,,827.67,843.49,0.02227581776975196,-0.018866827185911594,-0.042761328687994316,0.263710528869324,-0.02227581776975196,0.018866827185911594,0.0739278469426693,0.07723031795335089,1.7452743367384411,0.32088662810321417,0.0,0.0,0.0,0.0,0.0,0.0,0.0,0.0
2020-07-17,10.53,10.53,10.53,10.53,100,-0.09067357512953378,-0.09067357512953378,-0.08514335360556047,-0.06233303650935007,-0.09067357512953378,-0.10687022900763354,11.314,11.383,10.561333333333332,11.36264300359248,11.275280217150357,0.0873627864421227,0.2035129769176375,-0.11615019047551481,0.008296560915681168,-0.01103040745256551,44.87812112229651,11.383,0.7960302824179308,12.97506056483586,9.790939435164137,0.2797260062963826,0.23210818142212372,0.6122943114254696,0.05814760792264669,8.767693941814581,31.847711755051268,48.87275421772764,0.0,26.666666666666657,-3778.0,-1827.7,1.120728837594629,0.1320288551290671,1.2546171576544094,580.85,-0.4928501702069871,0.17216148747525178,0.0,-0.07493630853026445,-0.0029667971215754374,4.0,7.0,,,873.48,872.02,-0.0054856699702336975,0.0009297413941529165,0.0039836050474348905,0.1639543965797502,-0.08518790515930008,-0.06326277790350299,-0.11085383405506843,-0.11041398833383431,1.7769302415923696,0.3259838130384415,0.0,0.0,0.0,0.0,0.0,0.0,0.0,0.0
2020-07-21,11.93,11.93,11.93,11.93,100,0.13295346628679972,0.030224525043177852,0.030224525043177852,0.049252418645558516,0.030224525043177852,0.06233303650934996,11.426,11.418000000000001,10.618666666666666,11.449928695347483,11.323777978842923,0.12615071650455967,0.18804052483502195,-0.06188980833046229,0.010574242791664683,-0.00518774587849642,53.914408072042946,11.418000000000001,0.8042950492921395,13.026590098584279,9.809409901415723,0.2817638988586929,0.6591455773756815,0.6685590034665075,0.05604015117070474,8.182356642567816,42.04161953156406,41.56259102131262,66.66666666666663,35.55555555555555,-3678.0,-1953.95,1.206046171210555,0.05667063889719191,0.6237506829339201,580.35,-0.49220827532958134,0.17230981304385284,0.0,0.04484147836748975,0.12349321948769476,1.0,7.0,,,863.94,861.69,0.00033666124912934414,-0.007395376162007028,-0.0074982722874913366,0.1689463005200101,0.13261680503767037,0.056647794807565544,0.0698313087968413,0.0703588788281373,1.7941766613045744,0.32961579961930243,0.0,0.0,0.0,0.0,0.0,0.0,0.0,0.0
2020-08-11,10.53,10.53,10.53,10.53,100,-0.11735121542330262,0.0,-0.09067357512953378,-0.08514335360556047,-0.10153583617747453,-0.06233303650935007,11.23,11.383,10.645666666666667,11.308401203755562,11.264979610039743,0.04342159371581822,0.15911673861118122,-0.115695144895363,0.004123608140153677,-0.010987193247422889,45.824423482678625,11.383,0.8277941518848704,13.038588303769739,9.72741169623026,0.29088786853548976,0.2423876461141527,0.7208047889331856,0.06845249657485143,8.71748716774043,36.20902516245797,49.66983585041215,0.0,22.22222222222223,-3778.0,-2085.2,1.2829724331315897,0.08280856258099002,0.0868769286682958,583.85,-0.4967894165839231,0.1712768690588336,0.0,-0.07493630853026445,-0.010865140745843438,1.0,8.0,0.0,0.0,847.61,843.08,-0.00014231499051231555,0.018741617023333434,-0.02883275160981902,0.308974769906914,-0.11720890043279031,-0.1038849706288939,-0.03350028489953105,-0.03449486682655489,1.7951930340151716,0.3261180736399573,0.0,0.0,0.0,0.0,0.0,0.0,0.0,0.0
2020-08-12,11.37,11.37,11.37,11.37,100,0.07977207977207978,-0.046940486169321116,0.07977207977207978,-0.0181347150259068,-0.02986348122866911,0.1745867768595042,11.187999999999999,11.4675,10.7065,11.31787794163932,11.272758898184948,0.04511904345437223,0.13631719957981944,-0.09119815612544721,0.003968253601967655,-0.008020946009274162,50.61284923996713,11.4675,0.7246333010928273,12.916766602185653,10.018233397814345,0.25276068928461376,0.4663622966771747,0.7293187325808151,0.06414412775556862,8.433449026432958,41.45701663623847,45.58357010967238,59.99999999999997,42.22222222222222,-3678.0,-2204.1,1.2028610623003089,0.03911869782138791,0.25146832144537407,581.5,-0.49378565731828356,0.17196904557179707,0.0,-0.008502289077828684,0.061971699434922645,2.0,8.0,,,844.19,846.92,0.004554727902452704,0.010885652900453513,-0.02642802128955868,0.30945706029047626,0.07521735186962708,-0.029020367926360313,0.20101479814906287,0.2064714294831287,1.7477925338938252,0.3207424366173422,0.0,0.0,0.0,0.0,0.0,0.0,0.0,0.0
2020-08-26,11.37,11.37,11.37,11.37,1,0.0,0.07977207977207978,-0.046940486169321116,-0.0181347150259068,-0.0181347150259068,0.1745867768595042,11.145999999999999,11.552000000000001,10.767333333333335,11.325896719848656,11.27996194276384,0.04593477708481508,0.11824071508081857,-0.07230593799600349,0.004039997984592356,-0.006359361301319568,50.61284923996713,11.552000000000001,0.591533244160822,12.735066488321646,10.368933511678357,0.2048245305266005,0.42308124615287,0.6772245373964713,0.05956240434445658,8.169699323790306,41.457016636238464,45.58357010967238,59.99999999999997,40.0,-3678.0,-2323.0,1.2028610623003089,0.03911869782138791,0.25146832144537407,581.15,-0.5948198239807062,0.001720726146433795,0.0,-0.01575484764542956,0.0559717664540893,2.0,8.0,,,873.62,873.47,-0.0007436049970255265,0.0261510085642791,0.10448383996762933,0.11964158782514808,0.0007436049970255265,-0.0442857235901859,0.07010293689187486,0.06347122008949402,1.7504009685444815,0.3211816139766169,0.0,0.0,0.0,0.0,0.0,0.0,0.0,0.0
2020-08-28,11.72,12.63,11.72,12.63,5000,0.11081794195250683,0.11081794195250683,0.19943019943019968,0.19943019943019968,0.12466607301869992,0.13886384129846707,11.565999999999999,11.629000000000001,10.864333333333333,11.526527993718094,11.379964761818371,0.14656323189972298,0.12390521844459947,0.022658013455123513,0.011604373072028738,0.0017939836464864222,57.19469155227616,11.629000000000001,0.6273746467370841,12.88374929347417,10.374250706525833,0.21579659359775868,0.8988844644926701,0.7188513561538663,0.056916180218041665,8.30395993354262,48.78658269691759,39.87651916687302,100.0,73.33333333333333,1322.0,-2216.9,1.1565097595808453,-0.0959333339307421,0.2888509951077181,806.15,3.022447607173005,6.202319667555666,0.07205067300079178,0.08607790867658438,0.16251955941459828,4.0,8.0,,,881.54,878.98,0.004881617907649405,0.028311378366363327,0.10094064304412642,0.11263309253400414,0.10593632404485742,0.17111882106383636,0.03792319825434065,0.03444617881440193,1.7682492064934332,0.3266137790927215,0.0,0.0,0.0,0.0,0.0,0.0,0.0,0.0
2020-09-04,13.68,13.68,13.68,13.68,135,0.08313539192399033,0.20316622691292885,0.20316622691292885,0.14668901927912814,0.20316622691292885,0.08313539192399033,11.916,11.681500000000002,10.9625,11.857831379299926,11.550337742424418,0.3074936368755079,0.16062290213078118,0.14687073474472673,0.02247760503475935,0.01073616482052096,61.76737423352854,11.681500000000002,0.7479042649121245,13.17730852982425,10.185691470175753,0.25609870818375186,1.1680333612734557,0.7425048307143044,0.054276668911864355,9.151270664334282,53.959621495919144,35.848614143496505,100.0,86.66666666666667,1457.0,-2109.05,1.0884585279681012,-0.3026407616263269,0.4356477530184664,807.9,-0.48526963419127933,0.16709988860007427,0.0,0.1710824808457816,0.24789053591790178,4.0,9.0,0.0,0.0,896.02,901.54,-0.0026881423056075437,0.030673023059070825,0.07321079948573872,0.09511646623816823,0.08582353422959788,0.11601599622005732,0.009924592438251612,0.009247570414877782,1.7221184692235658,0.320913137878771,0.0,0.0,0.0,0.0,0.0,0.0,0.0,0.0
2020-09-07,13.68,13.68,13.68,13.68,100,0.0,0.08313539192399033,0.20316622691292885,0.2991452991452992,0.18853171155516946,0.08313539192399033,12.546,11.733999999999998,11.042,12.138165013253783,11.708090502244831,0.4300745110089519,0.21451322390641533,0.21556128710253655,0.03143819524919239,0.0157574040279632,61.76737423352854,11.733999999999998,0.8481273489282505,13.4302546978565,10.037745302143497,0.28911789634506585,1.0736166869453907,0.6894687713775683,0.05039976398958833,9.938059200069395,53.959621495919144,35.84861414349651,100.0,100.0,1457.0,-2001.2,1.0884585279681012,-0.3026407616263269,0.4356477530184664,810.55,-0.5129691733088506,0.12337301832089323,0.0,0.1658428498380775,0.23890599529070822,0.0,9.0,,,903.85,888.25,-0.014741442420746709,0.010546315046986221,0.055605732892828996,0.11516232489798114,0.014741442420746709,0.28859898409831297,0.027529659031161335,0.026079489882759432,1.6722637531560536,0.3171547443324588,0.0,0.0,0.0,0.0,0.0,0.0,0.0,0.0
2020-09-11,11.72,11.72,11.72,11.72,1000,-0.14327485380116955,-0.14327485380116955,-0.07205067300079182,0.030782761653474155,0.012089810017271274,-0.07205067300079182,12.616,11.6885,11.109833333333333,12.073831934291663,11.708972687263733,0.3648592470279297,0.2445824285307182,0.1202768184972115,0.031131335070642464,0.01026252717552999,50.165791492351666,11.6885,0.8215215344584758,13.33154306891695,10.045456931083049,0.28113839567385907,0.5095858716657882,0.7802210019934562,0.06657175784927101,9.468462528661822,44.277304575293584,47.35970394621091,37.777777777777814,79.2592592592593,457.0,-1943.35,1.2112741335914594,-0.3458108420168882,-0.11497846354825915,860.05,0.10195309929752104,1.162723097494332,0.0,0.0026949565812552922,0.054921315951334426,4.0,9.0,,,888.82,888.97,0.0001687630791387118,-0.013942808971315723,0.039670194725454744,0.1128568321019878,-0.14344361688030827,0.04472557062478988,-0.11172086772624656,-0.10745798840155141,1.5174069628782327,0.28056301528288474,0.0,0.0,0.0,0.0,0.0,0.0,0.0,0.0
2020-09-16,11.72,11.72,11.72,11.72,5,0.0,-0.14327485380116955,-0.14327485380116955,0.030782761653474155,0.012089810017271274,0.07720588235294112,12.686,11.7305,11.1625,12.019396252092946,11.709789525244197,0.3096067268487488,0.25758728819432436,0.05201943865442443,0.026416956215763548,0.004438518656520856,50.16579149235166,11.7305,0.7991803366740065,13.328860673348013,10.132139326651986,0.2725136479004328,0.49671538465157405,0.7244909304224951,0.06181663228860879,9.032408476640505,44.27730457529358,47.35970394621091,37.777777777777814,58.51851851851856,457.0,-1875.5,1.0968766320272316,-0.33868048474134366,0.49985154025014356,850.3,-0.6132890576245762,0.005880277549100318,0.0,-0.0008951025105492505,0.049944008958566766,2.0,9.0,,,897.43,897.47,0.0013500546716354034,0.009164305311923693,0.060300320168236166,0.10702265926741918,-0.0013500546716354034,0.021618456341550463,0.01690556218470496,0.0159441262660589,1.5148747484733727,0.2827989970242708,0.0,0.0,0.0,0.0,0.0,0.0,0.0,0.0
2020-09-18,11.72,11.72,10.53,10.53,2300,-0.10153583617747453,-0.10153583617747453,-0.23026315789473684,-0.1662707838479811,0.0,-0.09067357512953378,12.266,11.677999999999999,11.195333333333332,11.79025836715557,11.622397708559442,0.16786065859612798,0.2396419622746851,-0.07178130367855712,0.015941183152528772,-0.006816837956178264,44.30601502509913,11.677999999999999,0.8428810242570969,13.363762048514193,9.992237951485805,0.28870732120469156,0.15950117307130324,0.7577415782494599,0.07196026384135422,9.463904379149708,39.31047815724933,53.26465266884657,0.0,25.18518518518523,-1843.0,-1932.65,1.1372058814924484,-0.14567297809589994,0.09810944656408677,955.3,0.9564880028138312,2.4076206427300324,0.11301044634377981,-0.09830450419592396,-0.059429524206514595,4.0,9.0,0.0,0.0,896.08,900.95,0.007728960672900742,0.013476270290335934,0.062177998373044385,0.10821392468109647,-0.10926479685037527,-0.17974705413831704,-0.15285157350257816,-0.14390391604486574,1.4910024605862813,0.27472056718715154,0.0,0.0,0.0,0.0,0.0,0.0,0.0,0.0
2020-09-21,10.67,10.67,10.67,10.67,35,0.013295346628680038,-0.08959044368600688,-0.08959044368600688,-0.2200292397660819,-0.10561609388097237,-0.0785837651122625,11.664,11.6325,11.215333333333335,11.617910926054712,11.551849730147632,0.06606119590708026,0.20492580900116414,-0.13886461309408388,0.0061913023343093026,-0.013014490449304956,45.118223098833994,11.6325,0.8724911400545818,13.377482280109163,9.887517719890837,0.30001844489304325,0.22420923382104826,0.7136171798030699,0.06688071038454264,9.864579145765395,38.75961588445347,52.518248936196166,4.444444444444462,14.074074074074112,-1808.0,-1988.05,1.1385361708295492,-0.17546406934580483,0.0886281718067366,927.05,-0.6286456531855532,0.03775416644193949,0.0,-0.08274231678486998,-0.04862390774534886,0.0,9.0,0.28933474128827874,1.0,904.5,907.94,0.007758477162994604,0.01494572811518391,0.06219144107255681,0.10822128553657079,0.0055368694656854345,-0.23497496788126582,-0.1407752061848193,-0.13253280034215897,1.4808782830986102,0.27539124276483995,0.0,0.0,0.0,0.0,0.0,0.0,0.0,0.0
2020-09-22,9.47,12.21,9.47,12.21,1500,0.14432989690721665,0.1595441595441598,0.04180887372013653,-0.10745614035087714,0.1595441595441598,0.04180887372013653,11.370000000000001,11.657,11.256333333333336,11.709001552815526,11.600601601988549,0.10839995082697662,0.18562063736632664,-0.07722068653935002,0.008877964850694236,-0.006324380551953318,53.2027833316756,11.657,0.8819064277849898,13.420812855569979,9.893187144430021,0.3026186592725365,0.6567626628453442,0.8583588098171364,0.07029965682368029,9.34811001766074,42.73719428589314,40.543569513144156,65.083135391924,23.17585994545617,-308.0,-2013.45,1.2508565411092831,-0.041526880438954965,-0.24018023727321144,957.05,0.38108926090086687,1.567316232171778,0.2244062244062244,0.047439306854250685,0.08472267464242345,1.0,9.0,,,905.9,906.19,-0.0019274401392161966,0.011079374288710975,0.0431804577059447,0.09748237803909023,0.14625733704643284,-0.11853551463958811,-0.0013715839858081669,-0.0013148098928390528,1.4842594977282544,0.2711022602075395,0.0,0.0,0.0,0.0,0.0,0.0,0.0,0.0
2020-09-28,11.23,11.23,11.23,11.23,100,-0.08026208026208026,0.05248359887535159,0.06647673314339997,-0.04180887372013653,-0.012313104661389462,-0.04180887372013653,11.272,11.6325,11.258666666666667,11.635309006228521,11.573149631470878,0.06215937475764299,0.16092838484458993,-0.09876901008694694,0.005535117965952181,-0.008795103302488597,48.32430998325365,11.6325,0.8868565124552394,13.406213024910478,9.858786975089522,0.3049581818027901,0.38653745156426456,0.8670474662587696,0.0772081448137818,8.868531541563563,39.28686000036548,37.270334798364324,41.805225653206655,37.110935163191726,-408.0,-2043.85,1.2870406504111167,0.05899455918148962,-0.5131947162309806,951.7,-0.596472863048557,0.10507512871703267,0.0,-0.03460133247367292,-0.0025461866414021594,0.0,9.0,,,911.2,912.5,0.004657205456527258,0.005022358305614816,0.038135111151561984,0.10033875697596857,-0.08491928571860752,-0.046831232025751346,-0.07994398487169851,-0.07700730281920609,1.4453031116835635,0.266048214448893,0.0,0.0,0.0,0.0,0.0,0.0,0.0,0.0
2020-09-30,10.18,11.93,10.18,11.93,500,0.06233303650934996,-0.02293202293202301,0.11808809746954085,0.017918088737201243,0.049252418645558516,0.030224525043177852,11.314,11.65,11.272666666666668,11.680646082193364,11.599582992102665,0.08106309009069967,0.14495532589381188,-0.06389223580311221,0.006794894391508774,-0.005355593948291049,51.729109480260135,11.65,0.8892160947474775,13.428432189494956,9.871567810505045,0.30531024712359744,0.5787210222728578,0.9301155043831433,0.07796441780244286,8.842185814063892,34.00702381130788,40.325017939130554,58.432304038004744,55.10688836104515,92.0,-1949.25,1.3040301907389957,-0.06951827703573295,-0.6467344161446246,876.7,-0.26731374693963705,0.5703205201323144,0.14668901927912825,0.02403433476394845,0.05831214146312602,2.0,9.0,0.0,0.0,904.34,905.21,0.001360649571893191,-0.007989041095890381,0.015116683300999245,0.10092098521149659,0.06097238693745677,0.025907129833091624,0.015107841742178607,0.014882862227276528,1.4480901454639032,0.26582778027092563,0.0,0.0,0.0,0.0,0.0,0.0,0.0,0.0
2020-10-01,11.58,11.58,11.58,11.58,100,-0.029337803855825628,0.03116651825467498,-0.051597051597051635,0.09971509971509973,-0.08313539192399055,0.03116651825467498,11.524000000000001,11.6675,11.255166666666666,11.66516206954823,11.59813240009506,0.06702966945317002,0.12937019460568353,-0.06234052515251351,0.005788399780066495,-0.0053834650390771595,49.95674089643114,11.6675,0.88394376458428,13.43538752916856,9.89961247083144,0.30304478751550196,0.47525295061016926,0.8886786826414902,0.07674254599667446,8.81772192424277,33.05035003045871,39.19060854215736,50.118764845605696,50.11876484560572,-8.0,-1658.75,1.3037188970618212,-0.07103349182120855,-0.6440148721528015,680.8,-0.4810264817832516,0.14688601645123386,0.0,-0.007499464323976857,0.028860819475500232,3.0,10.0,,,910.13,914.09,0.009809878370764746,0.006064408197406834,0.011195061783023874,0.09503855791141029,-0.039147682226590375,0.0936506915176929,0.019971456471651106,0.019750350082244017,1.4525779773452696,0.2708560490432711,0.0,0.0,0.0,0.0,0.0,0.0,0.0,0.0
2020-11-02,10.53,10.53,10.53,10.53,300,-0.09067357512953378,-0.11735121542330262,-0.06233303650935007,-0.013120899718837897,-0.23026315789473684,-0.07387862796833777,11.495999999999999,11.625499999999999,11.243500000000001,11.490521751156194,11.519011481569501,-0.028489730413307157,0.0977982096018854,-0.12628794001519256,-0.002705577437161174,-0.011993156696599484,44.97794225992473,11.625499999999999,0.9181186427174447,13.461737285434888,9.78926271456511,0.31589820402303365,0.20169977249412385,0.9002016338813839,0.08548923398683608,9.525382009718996,30.29677109992877,44.25692278519411,25.178147268408527,44.576405384006335,-308.0,-1468.25,1.3463346611330222,0.05510350316969109,-0.8916786116620765,610.8,-0.26214455464484937,0.49115913555992147,0.0,-0.09423250612876866,-0.06345888735713978,0.0,11.0,,,926.09,933.68,0.008871168163203436,-0.018005889777029882,0.02077229194909691,0.1404276837177313,-0.09954474329273721,0.004884990058191985,-0.09465091991743468,-0.09272481303024505,1.3399309816563136,0.2495047279255576,0.0,0.0,0.0,0.0,0.0,0.0,0.0,0.0
2020-11-24,9.82,9.82,9.82,9.82,100,-0.06742640075973405,-0.15198618307426592,-0.17686504610226317,-0.19574119574119575,-0.2821637426900584,-0.14682884448305822,11.017999999999999,11.541,11.197833333333334,11.233518404824473,11.39315877923102,-0.159640374406548,0.04631049280019872,-0.2059508672067467,-0.016256657271542563,-0.020972593401909035,41.93456141887207,11.541,1.0031419063176372,13.547283812635275,9.534716187364726,0.347679371395074,0.07109757125053787,0.8866158028898564,0.09028674163847825,10.619370473001066,28.56380051585609,47.44541811231421,8.313539192399043,27.870150435471107,-408.0,-1289.75,1.3659552972943079,0.179504925770483,-0.9905842001652486,608.8,-0.4288333759845648,0.164257555847569,0.0,-0.14912052681743349,-0.1230446366112492,1.0,11.0,0.006233303650934996,1.0,996.55,995.76,0.0015791750067892796,0.027722159149551118,0.0520777203714855,0.1579398529213779,-0.06900557576652333,-0.22346335489074687,-0.19890656485454372,-0.18906071386466616,1.321900106835702,0.2479229764553493,0.0,0.0,0.0,0.0,0.0,0.0,0.0,0.0
2020-11-25,11.23,11.3,11.23,11.3,1300,0.1507128309572301,0.07312440645773988,-0.024179620034542215,0.006233303650934996,-0.03583617747440271,-0.024179620034542215,11.032,11.527,11.187333333333333,11.243746342543785,11.386258128917612,-0.14251178637382722,0.008546036965393534,-0.15105782333922074,-0.01261166251095816,-0.013367948968072632,49.591398685654845,11.527,1.0045218815567796,13.536043763113558,9.517956236886441,0.34858050891186926,0.4435054616111994,0.9290003883977239,0.08221242375201096,10.346502537162108,36.69278183483527,42.0464338397569,43.46793349168647,25.65320665083137,892.0,-1061.25,1.4729497322130993,0.15588569137236452,-1.2003364412363375,658.8,0.5370973171164986,1.9732847601700063,0.006194690265486751,-0.01969289494230919,0.010070913533162695,2.0,11.0,,,1000.39,999.94,0.004197798666345287,0.027128080285147904,0.08565224472069932,0.11331039322882673,0.1465150322908848,-0.020894776634212908,-0.10983186475524154,-0.1011667090353573,1.4745606842620977,0.24253119075894733,0.0,0.0,0.0,0.0,0.0,0.0,0.0,0.0
2020-12-16,11.93,11.93,11.93,11.93,300,0.05575221238938033,0.2148676171079429,0.13295346628679972,0.0,0.017918088737201243,0.030224525043177852,11.032,11.544500000000001,11.2165,11.34932382830628,11.426535304553346,-0.07721147624706504,-0.00860546567709818,-0.06860601056996686,-0.006472043273014672,-0.005750713375521112,52.464888990573776,11.544500000000001,1.0085345021888545,13.56156900437771,9.527430995622293,0.3494424192260744,0.59555944768457,0.9076432177978865,0.07608073912807095,9.619133239629047,39.831487398398224,39.96181569279424,58.432304038004744,36.73792557403011,1192.0,-817.75,1.4847708401639244,0.06340342454323843,-1.2831914181356043,658.8,-0.30054665842389217,0.45537340619307837,0.0,0.033392524578803595,0.0636116435608256,2.0,12.0,,,1058.34,1066.99,0.011106162403934583,0.02681088987903335,0.09600115045247715,0.10846831387141709,0.044646049985445746,-0.02681088987903335,-0.0657766254092993,-0.06001510617223693,1.3333660882057434,0.2206705682637185,0.0,0.0,0.0,0.0,0.0,0.0,0.0,0.0
2020-12-18,12.28,12.28,12.28,12.28,900,0.029337803855825628,0.08672566371681412,0.25050916496944997,0.060449050086355705,0.16619183285849948,0.16619183285849948,11.172,11.632000000000001,11.228166666666665,11.492504777797622,11.489754911623468,0.002749866174154292,-0.006334399306847685,0.009084265481001977,0.00022393047020800424,0.0007397610326548841,54.03260418509384,11.632000000000001,0.9916578357265948,13.61531567145319,9.648684328546812,0.3410102598784713,0.6633627993079901,0.8678115593837518,0.07066869376089184,9.176817598199113,41.56482777485992,38.81059181070019,66.74584323040379,56.21536025336502,2092.0,-524.25,1.4420282868413776,-0.08060043933894,-1.1041494109395087,698.8,0.16943133089948884,1.287922152261019,0.0,0.055708390646492356,0.09367810120381792,4.0,12.0,0.0,0.0,1055.75,1067.46,0.01491771014575427,0.02055527936058743,0.07824242424242422,0.13144108137183044,0.014420093710071358,0.039893770725768274,0.08794940861607525,0.08156737913356427,1.3895343002039071,0.23415026253597787,0.0,0.0,0.0,0.0,0.0,0.0,0.0,0.0
2020-12-21,12.28,12.28,12.28,12.28,200,0.0,0.029337803855825628,0.08672566371681412,0.16619183285849948,0.15089034676663537,0.029337803855825628,11.522,11.6495,11.268,11.61365788890568,11.548291584836544,0.06536630406913524,0.0080057413683489,0.057360562700786336,0.005322988930711339,0.004671055594526575,54.03260418509384,11.6495,1.0002445753546358,13.64998915070927,9.649010849290729,0.3434463540425376,0.6575864582360911,0.8058250194277695,0.06562092992082814,8.76609593115703,41.564827774859914,38.81059181070019,100.0,75.05938242280287,2092.0,-235.75,1.3690463019468342,0.0003259470400442488,-0.8736699347773419,703.8,-0.425127664902625,0.2841716396703609,0.0,0.05412249452766216,0.08981185658501945,0.0,12.0,,,1071.62,1081.08,0.01275926030015162,0.015966694546514004,0.0873977811082387,0.13523779452858165,-0.01275926030015162,0.15022513831198547,-0.058059977252413075,-0.053393503519236885,1.370414646087163,0.23655491182096638,0.0,0.0,0.0,0.0,0.0,0.0,0.0,0.0
2020-12-23,12.28,12.28,12.28,12.28,100,0.0,0.0,0.029337803855825628,0.25050916496944997,0.005733005733005614,0.16619183285849948,12.014,11.737,11.326500000000001,11.716172059843267,11.602492208181985,0.11367985166128136,0.029140563426935395,0.08453928823434596,0.009257316910527799,0.006884306859474427,54.03260418509384,11.737,0.9733398822178465,13.683679764435693,9.790320235564307,0.3317167529071642,0.6394682396971967,0.7482660894686431,0.06093372064076899,8.384711526046527,41.564827774859914,38.81059181070019,100.0,88.91528107680126,2092.0,57.75,1.2911228140250763,-0.04155039635609888,-0.5673437565487665,703.8,-0.5095118778646387,0.14208581983518045,0.0,0.04626395160603214,0.08418311040480275,2.0,12.0,,,1087.89,1078.9,-0.004199547741012499,0.011162241445561882,0.07896473788427305,0.13839767989629917,0.004199547741012499,0.2393469235238881,0.08722709497422643,0.08084332315184728,1.2005371470397967,0.20345304592527294,0.0,0.0,0.0,0.0,0.0,0.0,0.0,0.0
2020-12-25,12.28,12.28,12.28,12.28,200,0.0,0.0,0.0,0.08672566371681412,0.09349955476402494,0.08003518029903245,12.209999999999999,11.7825,11.403666666666668,11.802914819867379,11.652677970538875,0.150236849328504,0.05335982060724912,0.0968770287212549,0.012234271117956353,0.007889008853522386,54.03260418509384,11.7825,0.9765453340596878,13.735590668119377,9.829409331880624,0.33152398355516677,0.6273622387636104,0.6948185116494544,0.05658131202357121,8.030568864158202,41.564827774859914,38.81059181070019,100.0,100.0,2092.0,346.25,1.2654380801472898,0.08485377582700865,-0.35861089383417255,708.8,-0.43024481477785764,0.28216704288939054,0.0,0.04222363674941643,0.07684662827745448,4.0,12.0,,,1068.83,1084.42,0.015831085131894573,0.01588818316377205,0.07344934766684497,0.15402926708645692,-0.015831085131894573,0.07083748055304206,0.006585832632187483,0.006135205770539498,0.8111792371012572,0.1192301024148405,0.0,0.0,0.0,0.0,0.0,0.0,0.0,0.0
2020-12-30,10.53,10.53,10.53,10.53,1000,-0.14250814332247552,-0.14250814332247552,-0.14250814332247552,-0.11735121542330262,-0.11735121542330262,-0.07387862796833777,11.929999999999998,11.7405,11.467999999999998,11.607081770657013,11.569516639387848,0.037565131269165164,0.05020088273963233,-0.012635751470467166,0.0035674388669672524,-0.0011999763979550966,44.22377438769193,11.7405,1.012617634492049,13.765735268984098,9.715264731015903,0.34499983288345426,0.20114583265004693,0.7701886179602077,0.07314231889460662,8.647075686157697,34.81894325943083,48.74150463556052,37.722419928825595,79.24080664294188,1092.0,584.75,1.372280783690237,0.04029315572867884,-0.6350378066650778,758.75,0.20581573889208096,1.3179571663920921,0.0,-0.10310463779225765,-0.08179281478897793,2.0,12.0,0.0,0.0,1099.78,1097.54,-0.0017735495547935853,0.017276856057095058,0.08204511396797853,0.150841800277472,-0.14073459376768194,-0.13462807148039768,-0.1559237419363163,-0.1441009620796001,0.9133427606656863,0.13396171147694202,0.0,0.0,0.0,0.0,0.0,0.0,0.0,0.0
2020-12-31,11.93,12.07,11.93,11.93,2800,0.13295346628679972,-0.028501628664495127,-0.028501628664495127,-0.028501628664495127,0.030224525043177852,-0.055423594615993776,11.86,11.705499999999999,11.528833333333333,11.656761498248242,11.596219110544304,0.06054238770393816,0.0522691837324935,0.00827320397144466,0.0050748019869185385,0.0006934789582099464,51.76734767704971,11.705499999999999,0.9921453363399507,13.6897906726799,9.721209327320098,0.3390356110682843,0.556569333084855,0.8251751452487643,0.06916807588003054,8.134705314576712,43.50790618172184,42.24401674976712,87.54448398576514,75.08896797153027,3892.0,713.25,1.3980534484995386,0.08127271058050597,-0.654310352446531,648.75,2.7022118036215907,4.315992292870906,0.011735121542330309,0.01917901841014924,0.034796813785725744,3.0,12.0,0.05392912172573183,1.0,1098.25,1103.87,0.005767443555587892,0.03405088429256575,0.08243773288880174,0.15089255900026075,0.12718602273121182,-0.06255251295706088,-0.13786132750479552,-0.12736190112005075,1.020795801073399,0.1555689243955091,0.0,0.0,0.0,0.0,0.0,0.0,0.0,0.0
2021-01-04,12.98,13.68,12.98,13.68,1302,0.14668901927912814,0.2991452991452992,0.1140065146579805,0.1140065146579805,0.2991452991452992,0.0,12.14,11.705499999999999,11.598999999999998,11.968028960056206,11.750573250503985,0.2174557095522207,0.08530648889643895,0.13214922065578177,0.015895885201185726,0.00966003074969165,59.19622276802728,11.705499999999999,0.9921453363399507,13.6897906726799,9.721209327320098,0.3390356110682843,0.9975329540135677,0.8912340634452812,0.06514868884833927,8.707194812683388,50.309162973739554,36.31908377165828,100.0,75.08896797153027,5194.0,900.1,1.4643019383890028,0.14548738784441115,-0.7708303512554311,707.1,0.7443401242895511,1.841323716588884,0.0511695906432748,0.1686813890905985,0.1794120182774379,0.0,1.0,0.0,0.0,1113.77,1120.47,0.015038002663357197,0.033243577211781394,0.09689766909122954,0.15552782712912913,0.13165101661577094,0.08076293744619911,-0.09689766909122954,-0.0883379296188207,0.9112082245783999,0.13635104008468815,0.0,0.0,0.0,0.0,0.0,0.0,0.0,0.0
2021-01-05,14.74,15.02,13.68,14.74,1800,0.07748538011695905,0.23554065381391465,0.39981006647673323,0.2003257328990229,0.5010183299389002,0.07748538011695905,12.632,11.758500000000002,11.669166666666666,12.394486043124482,11.972012268985171,0.422473774139311,0.15273994594501336,0.2697338281942976,0.02866172144771445,0.018299445603412318,62.921484177508546,11.758500000000002,1.1228735458634969,14.004247091726995,9.512752908273008,0.38197849925194427,1.163810277431375,0.9232887731991897,0.06263831568515534,9.944236192986187,55.46044728540032,32.554004782387814,94.61538461538463,94.05328953371661,6994.0,1176.95,1.487134560816068,0.029161023856566836,-0.9296975076889507,792.1,1.2271114650651258,2.2724403484408535,0.0909090909090909,0.2535612535612535,0.26315789473684226,1.0,1.0,0.034696406443618155,1.0,1116.96,1132.55,0.01078119003632394,0.03777042691028387,0.09958445795063975,0.15653638332319805,0.0667041900806351,0.16255530598873902,-0.022099077833680703,-0.020097662961577334,0.7362071837900073,0.10712910791024507,0.0,0.0,0.0,0.0,0.0,0.0,0.0,0.0
2021-01-06,16.14,16.7,16.14,16.7,7800,0.1329715061058343,0.2207602339181287,0.39983235540653816,0.3599348534201954,0.4778761061946901,0.42491467576791786,13.516,12.0075,11.746333333333334,13.056872805720715,12.322233582393677,0.7346392233270382,0.26911980142141834,0.4655194219056199,0.043990372654313666,0.027875414485366463,68.62535960423894,12.0075,1.5750183791743224,15.157536758348645,8.857463241651356,0.524678202514869,1.244832578153781,0.9973395751135332,0.05972093264152894,11.817908686847625,59.707283053009164,27.984286721199393,100.0,98.20512820512823,14794.0,1893.8,1.4371394336356371,-0.05391960783807612,-0.9974027326330458,1132.1,3.7656462380628213,6.8898507199010695,0.03353293413173645,0.3907974182802414,0.4217202531286357,2.0,1.0,,,1139.12,1143.21,0.00941238797404087,0.03976389053106444,0.11071060762100937,0.15593541136647865,0.12355911813179343,0.32017096288913094,0.3142040681469085,0.28288562834552455,0.20924306408672239,0.02716827659880444,0.0,0.0,0.0,0.0,0.0,0.0,0.0,0.0
2021-01-08,16.63,16.63,14.18,14.18,400,-0.15089820359281436,-0.037991858887381325,0.03654970760233911,0.3466286799620133,0.18860016764459342,0.2098976109215016,14.245999999999999,12.130500000000001,11.766333333333334,13.229661604840604,12.459845909623775,0.7698156952168294,0.3692589801805006,0.4005567150363288,0.05428883605196258,0.028248005291701607,56.5749680163612,12.130500000000001,1.6458479657355536,15.422195931471109,8.838804068528894,0.5427139741100708,0.8113136879389778,1.1061010340339952,0.07800430423370912,12.12749999524754,49.9908913140504,36.08736963533095,63.372093023255815,85.99582587954683,14394.0,2590.65,1.5617806047793303,-0.10101604048716349,-1.1193016731512668,1151.85,-0.42727150221172844,0.3472674393367192,0.1727785613540197,0.16895428877622498,0.20513328989489787,4.0,1.0,0.01542983100661277,1.0,1164.1,1167.69,0.009684476303297052,0.05781477891418385,0.1326788953448894,0.1492681973822565,-0.1605826798961114,0.28881390104782945,0.0772187155766122,0.06817352728471193,0.003284290767047027,0.0004156537214940907,0.0,0.0,0.0,0.0,0.0,0.0,0.0,0.0
2021-01-11,13.61,14.03,13.61,13.82,2700,-0.02538787023977429,-0.17245508982035918,-0.062415196743555,0.15842414082145861,0.12540716612377856,0.31244064577397923,14.624,12.295,11.780333333333335,13.320482896403588,12.560598064466458,0.7598848319371303,0.44738415053182656,0.31250068140530374,0.05498443067562448,0.022612205600962644,55.08680417571786,12.295,1.6418715252002,15.5787430504004,9.0112569495996,0.5341590972591134,0.7322045264494813,1.067808103031567,0.07726541990098168,12.049728219077336,48.08479655199194,38.524284176465265,58.13953488372094,73.8372093023256,11694.0,3267.5,1.5094771090812658,-0.1442975626046454,-0.9068850931074569,1171.85,0.8606427613491799,2.3040491530485987,0.03039073806078147,0.12403416022773484,0.17314167680597592,0.0,1.0,0.0,0.0,1176.47,1184.89,0.014729936883933314,0.057493730309602364,0.13282534704960036,0.14936573343144705,-0.040117807123707605,0.10093041051185625,0.17961529872437887,0.15855515520744645,-0.04096236964315694,-0.005217463312441068,0.0,0.0,0.0,0.0,0.0,0.0,0.0,0.0
2021-01-12,14.74,14.74,14.74,14.74,500,0.06657018813314042,0.03949224259520445,-0.11736526946107784,0.07748538011695905,0.2003257328990229,0.38144329896907214,14.835999999999999,12.4985,11.800333333333334,13.538870143110728,12.72203524487635,0.8168348982343776,0.5212743000723368,0.29556059816204083,0.05541620747858735,0.020051600960789746,58.11871510028663,12.4985,1.6816072355746212,15.861714471149241,9.135285528850758,0.5381788968515008,0.8332377431216955,1.057250381386455,0.07172662017547185,12.33184559293964,49.892855027024964,36.129774926924306,68.23338735818479,63.24833842172054,12194.0,3967.6,1.5191046028014203,-0.22671478370409112,-0.9433770498522022,1195.1,-0.3942887794465513,0.41837503137812737,0.0,0.179341520982518,0.24911725657467287,1.0,1.0,0.0,0.0,1190.38,1192.28,0.006236865869405417,0.05273939340426481,0.12046913325000719,0.14357268521039637,0.060333322263735,0.024745986712694235,0.26097416571906495,0.23291508706008646,0.01121639016299309,0.0014209431281077714,0.0,0.0,0.0,0.0,0.0,0.0,0.0,0.0
2021-01-13,14.74,14.74,14.74,14.74,160,0.0,0.06657018813314042,0.03949224259520445,0.0,0.2003257328990229,0.2072072072072071,14.836000000000002,12.624999999999998,11.853,13.723659351862924,12.871514115626251,0.852145236236673,0.587448487305204,0.264696748931469,0.057811752797603325,0.017957717023844574,58.11871510028663,12.624999999999998,1.7524313936567573,16.129862787313513,9.120137212686483,0.5552257880892698,0.8017236520150842,0.9817324970017084,0.06660329016293816,12.59381172581178,49.892855027024964,36.129774926924306,68.23338735818479,64.86876986669687,12194.0,4592.7,1.4479532929967176,-0.14403569848032646,-0.7463626765590247,1128.1,-0.5450592075191022,0.1418313979257158,0.0,0.16752475247524767,0.24356702944402264,2.0,1.0,0.0,0.0,1197.32,1186.05,-0.005225282651726171,0.037473430078463155,0.12393036853127626,0.13996838490466784,0.005225282651726171,-0.037473430078463155,0.08327683867593083,0.0740943042448039,0.1427474827038596,0.0185808496935007,0.0,0.0,0.0,0.0,0.0,0.0,0.0,0.0
2021-01-14,12.56,12.56,12.56,12.56,200,-0.14789687924016282,-0.14789687924016282,-0.09117221418234445,-0.24790419161676636,0.0228013029315961,0.11843276936776492,14.008000000000001,12.6915,11.8975,13.544634836191705,12.848438995950232,0.6961958402414723,0.6091979578924578,0.08699788234901451,0.0554296051147669,0.006926582989571219,49.02399722858269,12.6915,1.721673833649616,16.134847667299233,9.248152332700768,0.5426226478035272,0.48090521017543064,1.0673230329301577,0.08497794848170045,11.924131631538941,42.61386821321002,45.44795336851655,32.90113452188008,56.455969746083234,11994.0,5212.8,1.5239010042562802,-0.2292205066182274,-0.8024972846531286,1133.1,-0.526215121039772,0.17650692789691996,0.0,-0.010361265413859622,0.05568396722000424,3.0,1.0,0.0,0.0,1189.48,1187.4,0.0011382319463766333,0.026727425226331425,0.11285016729303932,0.13951824143023953,-0.14903511118653945,-0.2746316168430978,0.005582602074725607,0.00501649030462481,0.3766524489334156,0.04876035657391139,0.0,0.0,0.0,0.0,0.0,0.0,0.0,0.0
2021-01-15,13.33,13.33,13.33,13.33,100,0.06130573248407645,-0.09565807327001352,-0.09565807327001352,-0.0599435825105783,0.26590693257359943,0.11735121542330273,13.838,12.7615,11.932500000000001,13.511614092162212,12.8841101814354,0.6275039107268121,0.6128591484593287,0.014644762267483458,0.04707456194499716,0.0010986318280182639,51.88782646978572,12.7615,1.7175388603586783,16.196577720717357,9.326422279282642,0.5383501501731548,0.5827492194094052,1.0460856734351465,0.07847604451876568,11.279600945838048,45.6310563158909,43.05843834240967,45.3808752025932,48.83846569421937,12094.0,5812.9,1.5234376862538157,-0.2281924571618602,-0.800258463348127,1113.1,-0.5682077497980553,0.08983918785374181,0.0,0.044548054695764616,0.11711711711711703,4.0,1.0,,,1188.84,1194.2,0.005726798046151282,0.022702943418201782,0.13541934073038786,0.11863594930509315,0.055578934437925165,-0.08264652592878008,-0.018068125307085126,-0.01591317380190327,0.37749313609215235,0.04961370351490437,0.0,0.0,0.0,0.0,0.0,0.0,0.0,0.0
2021-01-21,14.03,14.03,14.03,14.03,200,0.052513128282070554,0.1170382165605095,-0.04816824966078703,0.01519536903039076,0.17602682313495377,0.2115716753022452,13.88,12.884,11.979166666666666,13.591365770291102,12.968990908736481,0.6223748615546203,0.614762291078387,0.007612570476233316,0.044360289490707076,0.0005425923361534795,54.3961023498391,12.884,1.716205729294493,16.316411458588988,9.451588541411015,0.532817674416173,0.6669380279471363,1.021365268189779,0.07279866487453877,11.061561931922324,48.292638091648264,40.95055198267843,56.72609400324149,45.00270124257161,12294.0,6428.0,1.5231233442622645,-0.3614860053890361,-0.7360459931365824,1118.1,-0.5157511700271069,0.17887487702352206,0.0,0.08894753182241533,0.17120000000000002,3.0,1.0,0.0,0.0,1146.86,1164.21,0.026024958578630075,-0.01953006568974236,0.07907127629993504,0.24345686832418764,0.02648816970344048,0.03472543472013312,0.13250039900231014,0.12279114634266364,0.5467933896443621,0.06645517379177185,0.0,0.0,0.0,0.0,0.0,0.0,0.0,0.0
2021-01-22,14.03,14.03,14.03,14.03,3,0.0,0.052513128282070554,0.1170382165605095,-0.04816824966078703,0.025584795321637488,0.3323836657169992,13.738,13.059000000000001,12.011833333333334,13.658847959477086,13.047584174756,0.6112637847210856,0.6140625898069267,-0.002798805085841183,0.04356833818396904,-0.0001994871764676538,54.3961023498391,13.059000000000001,1.6403045288508196,16.33960905770164,9.778390942298362,0.5024288318709915,0.6479908125170316,0.9484106061762233,0.06759876024064315,10.859097133286294,48.29263809164827,40.95055198267843,56.72609400324149,52.944354403025415,12294.0,7058.1,1.4736190319375835,-0.4782688096943623,-0.3612766355275453,1103.25,-0.6151717707612535,0.002719238613188307,0.0,0.07435485106057116,0.16801487422125394,4.0,1.0,0.0,0.0,1166.77,1166.78,0.002207505518763808,-0.02296097806062647,0.0929818645083933,0.2375372301700102,-0.002207505518763808,-0.025207271600160563,0.23940180120860588,0.21903547440495297,0.5305203378164278,0.06482090315402521,0.0,0.0,0.0,0.0,0.0,0.0,0.0,0.0
2021-01-25,12.63,12.63,12.63,12.63,100,-0.09978617248752664,-0.09978617248752664,-0.05251312828207044,-0.14314789687924012,-0.14314789687924012,0.2861507128309573,13.315999999999999,13.1995,12.055166666666667,13.500563658019074,13.016652013662963,0.48391164435611067,0.5880324007167635,-0.10412075636065288,0.038314461152502824,-0.008243923702347812,48.527826416725595,13.1995,1.458540997745814,16.11658199549163,10.282418004508372,0.4419988629102054,0.402385328749729,0.9806669914493501,0.07764584255339271,10.368381644785616,43.36816948887869,46.97190770609795,34.03565640194492,49.16261480280932,12194.0,7688.2,1.5028634260252596,-0.4644019929076028,-0.5157075484266285,1103.25,-0.5609371315757579,0.0906412871062769,0.0,-0.04314557369597327,0.047683565829312435,0.0,1.0,0.0,0.0,1164.2,1166.05,-0.0006256535079449677,-0.021720891991207747,0.07527526235222504,0.2343455351636702,-0.09916051897958167,-0.12142700488803237,0.21087545047873224,0.19611299344637612,0.37288505704479397,0.04639128219477997,0.0,0.0,0.0,0.0,0.0,0.0,0.0,0.0
2021-01-26,11.93,11.93,11.93,11.93,100,-0.055423594615993776,-0.14967925873129007,-0.14967925873129007,-0.05015923566878988,-0.28562874251497006,0.05575221238938033,13.190000000000001,13.231,12.062166666666666,13.258938479862293,12.936159271910151,0.32277920795214143,0.5349817621638392,-0.21220255421169776,0.027056094547539097,-0.01778730546619428,45.86363221803744,13.231,1.4216961700729491,16.0743923401459,10.387607659854101,0.4298076245402311,0.2712239739779907,0.9606193492029681,0.08052132013436447,10.305651981490335,41.11086697228554,49.73200682016951,0.0,30.253916801728824,12094.0,8248.3,1.436246000389534,-0.3694030746045523,-0.5446324442238373,1043.25,-0.5235457789931387,0.09585430146177809,0.0,-0.09832968029627387,-0.010957124894643067,1.0,1.0,0.0,0.0,1164.97,1136.12,-0.02566785300801855,0.0045269672855878795,0.04104166475768101,0.25615706366418156,-0.029755741607975228,-0.05468620295437776,0.014710547631699322,0.014130604114796386,0.611643497430958,0.08276223974223941,0.0,0.0,0.0,0.0,0.0,0.0,0.0,0.0
2021-01-27,11.93,11.93,11.93,11.93,500,0.0,-0.055423594615993776,-0.14967925873129007,-0.10502625656414111,-0.15867418899858954,0.0,12.91,13.231,12.073833333333333,13.054486406037325,12.861628955472362,0.19285745056496317,0.466556899844064,-0.27369944927910084,0.01616575444802709,-0.022942116452565033,45.86363221803744,13.231,1.4216961700729491,16.0743923401459,10.387607659854101,0.4298076245402311,0.2712239739779907,0.8920036814027561,0.07476979726762414,10.247403008430432,41.11086697228554,49.73200682016951,0.0,11.345218800648325,12094.0,8793.4,1.4245701357935923,-0.28456520074485286,-0.5033243436131186,1053.25,-0.3077259853459001,0.47472110135295514,0.0,-0.09832968029627387,-0.011912814212553302,2.0,1.0,0.0,0.0,1122.41,1097.17,-0.034283350350314934,-0.033057778404484095,-0.0021100692139082167,0.28579176415419166,0.034283350350314934,-0.07196847815965701,0.0021100692139082167,0.0021145310207169032,0.524601363844328,0.07766071121775817,0.0,0.0,0.0,0.0,0.0,0.0,0.0,0.0
2021-01-28,11.93,11.93,11.93,11.93,200,0.0,0.0,-0.055423594615993776,-0.14967925873129007,-0.13675832127351673,-0.028501628664495127,12.49,13.2135,12.076166666666666,12.881488497416198,12.79261940321515,0.08886909420104772,0.3910193387154608,-0.3021502445144131,0.007449211584329231,-0.025326927453010316,45.86363221803743,13.2135,1.4360995237466498,16.0856990474933,10.3413009525067,0.4347370564185568,0.27656492833946006,0.8282891327311307,0.06942909746279385,10.193314676303379,41.11086697228554,49.73200682016951,0.0,0.0,12094.0,9293.5,1.4214238518904112,-0.23319252060637707,-0.49791275556159603,1018.25,-0.4526238820110429,0.1964154186103609,0.0,-0.09713550535437243,-0.012103730488427611,3.0,1.0,0.0,0.0,1041.71,1023.94,-0.0667444425203022,-0.12048513584318976,-0.06705905935091194,0.3714956644443466,0.0667444425203022,-0.029194122888100305,0.038557430686416816,0.041328908408275744,0.2997027733215777,0.05431887666484765,0.0,0.0,0.0,0.0,0.0,0.0,0.0,0.0
2021-01-29,11.93,11.93,11.93,11.93,100,0.0,0.0,0.0,-0.14967925873129007,-0.19063772048846683,-0.028501628664495127,12.07,13.195999999999998,12.087833333333332,12.73510565165986,12.728721669643658,0.006383982016201273,0.3140922673756089,-0.30770828535940764,0.0005351200348869466,-0.025792815201962083,45.86363221803743,13.195999999999998,1.4501375615328749,16.096275123065748,10.295724876934248,0.4395688273818961,0.28174484380265163,0.7691256232503356,0.06446987621545143,10.143089796471115,41.11086697228554,49.73200682016951,0.0,0.0,12094.0,9793.6,1.4214238518904112,-0.23319252060637707,-0.49791275556159603,1013.25,-0.5044712933652866,0.09869232667160129,0.0,-0.09593816307972103,-0.013057206281798406,4.0,1.0,,,998.33,1056.61,0.031906166376935996,-0.09442225612369093,-0.04281301240182267,0.39093945355775356,-0.031906166376935996,-0.05525700260759914,0.014311383737327543,0.014951502603726796,0.35224751864290643,0.06525610686961998,0.0,0.0,0.0,0.0,0.0,0.0,0.0,0.0
2021-02-03,13.68,13.68,13.68,13.68,100,0.14668901927912814,0.14668901927912814,0.14668901927912814,0.08313539192399033,-0.07191316146540028,0.1140065146579805,12.28,13.266,12.128666666666666,12.880474012942958,12.799186731151535,0.08128728179142364,0.2675312702587719,-0.18624398846734824,0.005942052762530968,-0.013614326642350018,54.30023739301509,13.266,1.437327197851729,16.140654395703457,10.391345604296543,0.43338676250617475,0.5720086561742477,0.8391880787324545,0.06134415780208001,10.004095979767445,49.8826093444876,42.32425043031367,37.23404255319149,12.411347517730517,12194.0,10298.7,1.5106672000556132,-0.24798103877066444,-0.7284108614538011,1013.25,-0.5044712933652866,0.09869232667160129,0.0,0.031207598371777445,0.12790633760237458,2.0,2.0,,,1084.87,1111.29,0.033248723884968356,0.012869473281259758,-0.027921379274149172,0.43304921281932907,0.11344029539415978,0.07026591864273057,0.14192789393212968,0.14600454212865221,0.6399509951122092,0.11866855270396541,0.0,0.0,0.0,0.0,0.0,0.0,0.0,0.0
2021-02-08,12.28,12.28,12.28,12.28,100,-0.10233918128654973,0.029337803855825628,0.029337803855825628,0.029337803855825628,-0.022292993630573354,0.0,12.35,13.266,12.172,12.788093395567119,12.76072845476994,0.027364940797179216,0.21949800436645336,-0.19213306356927415,0.0022284153743631283,-0.01564601494863796,47.87274447063757,13.266,1.437327197851729,16.140654395703457,10.391345604296543,0.43338676250617475,0.3285011232178544,0.8792460731087078,0.07159984308702833,9.648195279353631,44.2092704613101,48.883932791562664,12.45551601423486,16.563186189142137,12094.0,10798.8,1.56223709959504,-0.13712552523192081,-1.017454153179254,1008.25,-0.5010172357034454,0.09918175055789735,0.0,-0.0743253429820594,0.008872822872165509,0.0,2.0,0.0,0.0,1127.06,1083.18,-0.03880522845657597,0.04603528696004866,-0.08583919182371358,0.44695791375640564,-0.06353395282997376,-0.016697483104223032,0.08583919182371358,0.0938994442290293,0.9085166661449857,0.1796300155950006,0.0,0.0,0.0,0.0,0.0,0.0,0.0,0.0
2021-02-09,13.68,13.68,13.68,13.68,200,0.1140065146579805,0.0,0.14668901927912814,0.14668901927912814,0.026256564141035277,0.2991452991452992,12.7,13.4235,12.238666666666667,12.9253097962491,12.8288226433055,0.09648715294360066,0.19489583408188282,-0.09840868113828216,0.007053154454941569,-0.007193617042272088,53.76637020714298,13.4235,1.2864036977886477,15.996307395577297,10.850692604422704,0.383328848001981,0.5498482708890156,0.9164427821723716,0.0669914314453488,9.472578881773078,50.297018722739075,43.54983733655932,62.27758007117436,37.32237954620026,12294.0,11358.9,1.5061082059954272,-0.29877679138340685,-0.8619524720484689,968.25,-0.4216966412201558,0.20655822359927706,0.0,0.019108280254777066,0.11776882013291212,1.0,2.0,,,1090.88,1114.93,0.029311841060580823,0.036633101819568026,-0.06487570033884649,0.46130741056898894,0.08469467359739968,0.11005591745956012,0.3640209994841457,0.38927552157082257,1.037829824712521,0.20704751745575561,0.0,0.0,0.0,0.0,0.0,0.0,0.0,0.0
2021-02-19,13.68,13.68,13.68,13.68,400,0.0,0.1140065146579805,0.0,0.14668901927912814,-0.024946543121881604,0.14668901927912814,13.05,13.511000000000001,12.281833333333333,13.041415981441547,12.891872817875463,0.14954316356608466,0.1858252999787232,-0.036282136412638555,0.010931517804538353,-0.0026522029541402453,53.76637020714298,13.511000000000001,1.23807958251143,15.987159165022861,11.03484083497714,0.3665397328136866,0.5341254315124849,0.8509825834457737,0.062206329199252466,9.309506512591135,50.297018722739075,43.54983733655932,62.27758007117436,45.67022538552788,12294.0,11779.0,1.4435419813967383,-0.2153816420220839,-0.6763826407948083,848.25,-0.25279214470560557,0.4715590922487474,0.0,0.012508326548738014,0.11384022472215061,4.0,2.0,-0.024946543121881604,0.0,1160.65,1173.5,-0.0007493315621861507,0.041343141865809896,-0.017333779936359095,0.4852677515466024,0.0007493315621861507,0.10534587741331825,0.16402279921548724,0.16691608591660412,1.1149069932574032,0.22707088781019635,0.0,0.0,0.0,0.0,0.0,0.0,0.0,0.0
2021-02-22,14.03,14.03,13.68,13.68,500,0.0,0.0,0.1140065146579805,0.14668901927912814,-0.024946543121881604,0.0,13.4,13.511,12.299333333333333,13.139659676604387,12.950252609143947,0.18940706746044,0.18654165347506657,0.002865413985373433,0.013845545866991228,0.00020946008665010475,53.76637020714298,13.511,1.23807958251143,15.98715916502286,11.034840834977139,0.3665397328136867,0.5341254315124853,0.815198113199647,0.059590505350851385,9.374281085219625,51.82127952733592,42.21427740850618,83.33333333333334,69.29616449189403,12294.0,12134.0,1.351396573220832,-0.21242000855195922,-0.4323028470104707,808.15,-0.17395235402399642,0.6186970240673143,0.0255847953216374,0.012508326548738014,0.11225540679711643,0.0,2.0,0.02026049204052094,1.0,1173.57,1175.04,0.0013123135918193807,0.08480584944330571,-0.014178566035203177,0.4852724939478856,-0.0013123135918193807,0.06188316983582243,0.014178566035203177,0.014382489106753882,1.043738685730094,0.2167436921928751,0.0,0.0,0.0,0.0,0.0,0.0,0.0,0.0
2021-02-23,13.82,14.1,13.82,14.1,1100,0.030701754385964897,0.030701754385964897,0.030701754385964897,0.030701754385964897,0.11638954869358664,-0.04341926729986434,13.484,13.479,12.323833333333335,13.287404341742173,13.035419082540692,0.25198525920148107,0.1996303746203495,0.05235488458113158,0.017871294978828445,0.0037131123816405375,55.64539169410446,13.479,1.2126521608268348,15.904304321653669,11.05369567834633,0.359864132599402,0.6280251707910572,0.7869696765425294,0.05581345223705882,9.47916197367919,50.48115370386896,40.60503075008459,100.0,81.87030446816925,13394.0,12454.0,1.3274121237391268,-0.16937750747752375,-0.27493643757127545,773.15,0.18595368727702913,1.4227510832309385,0.01985815602836875,0.046071667037614006,0.14412452835292022,1.0,2.0,0.0,0.0,1174.57,1177.64,0.0022126906318082895,0.056245683585516515,0.04123784261715313,0.4465110604118704,0.028489063754156607,-0.025543929199551618,-0.08465710991701747,-0.08130429614835322,1.0509411850533623,0.21758392408811467,0.0,0.0,0.0,0.0,0.0,0.0,0.0,0.0
2021-02-24,13.89,13.89,13.89,13.89,800,-0.014893617021276562,0.015350877192982448,0.015350877192982448,0.1311074918566777,0.16429170159262374,-0.1682634730538921,13.806000000000001,13.3385,12.344833333333334,13.380111366089531,13.098721372722864,0.2813899933666679,0.2159822983696132,0.06540769499705473,0.020258458845692433,0.004708977321602212,54.45372168309908,13.3385,0.9552970053450115,15.249094010690023,11.427905989309977,0.286478091343108,0.6443268420486734,0.7457575567894915,0.05369024886893387,9.57655137010593,49.465787116344366,39.78831028147364,90.32258064516134,91.21863799283157,12594.0,12344.0,1.2330733548642614,-0.17935683617075796,0.08651337250823411,423.15,0.6265057488168063,1.8905825357438262,0.0,0.04134647823968218,0.12516707394456517,2.0,2.0,,,1184.32,1162.01,-0.013272307326517518,0.005390299191887715,0.024086085944935887,0.44993367639009213,-0.0016213096947590433,0.12571719266478998,-0.192349558998828,-0.18782557603186734,1.0619802120885768,0.22008676616249367,0.0,0.0,0.0,0.0,0.0,0.0,0.0,0.0
2021-03-01,14.03,14.03,13.33,13.33,1700,-0.04031677465802741,-0.05460992907801421,-0.025584795321637377,-0.025584795321637377,0.11735121542330273,-0.0599435825105783,13.736,13.296000000000001,12.385666666666667,13.37240192515268,13.11585312289154,0.25654880226113974,0.22409559914791852,0.032453203113221224,0.019245971662501107,0.0024345988832123948,51.29880790280979,13.296000000000001,0.9345722353879279,15.165144470775857,11.426855529224145,0.2811589155800024,0.5090950701060272,0.7424891598759564,0.05570061214373267,9.185742568314893,46.13470904884717,42.496207708908436,64.51612903225808,84.94623655913982,10894.0,12169.0,1.1181337697143918,-0.0028309593318708833,0.4925096736156385,488.15,1.820433276983046,3.4825361057052135,0.05251312828207046,0.0025571600481346657,0.07624404553650721,0.0,3.0,0.0,0.0,1176.93,1186.17,0.015148014069680915,0.009472017973856328,0.01725483469834055,0.44372640502363747,-0.055464788727708325,-0.035056813295493705,-0.07719841720891885,-0.07588896565117975,1.0618136865073096,0.226491529541804,0.0,0.0,0.0,0.0,0.0,0.0,0.0,0.0
2021-03-02,13.47,13.47,13.47,13.47,600,0.010502625656414244,-0.030237580993520474,-0.044680851063829685,-0.015350877192982337,0.129086336965633,-0.02532561505065123,13.693999999999999,13.2785,12.417166666666667,13.38741701359073,13.142086224899574,0.245330788691156,0.22834263705656602,0.01698815163458997,0.018213124624436226,0.0012611842341937617,52.04680882541809,13.2785,0.9274939352901954,15.13348787058039,11.423512129419608,0.27939720157855047,0.551617588189427,0.6994542198848167,0.05192681662099604,8.8228486809375,45.47512751030924,41.8886453195371,70.96774193548391,75.26881720430113,11494.0,12159.0,1.1148820119810743,-0.0852734558091251,0.5440880502277103,383.15,0.5187975207947391,1.5659663317238681,0.0,0.014421809692359844,0.08478853200542269,1.0,3.0,,,1196.16,1186.61,0.0003709417705723972,0.007616928772799625,0.044440728092102866,0.43226915530415466,0.010131683885841847,-0.022967805965781962,-0.0697663431427541,-0.06679780026406801,1.0594329936607054,0.22703832792656856,0.0,0.0,0.0,0.0,0.0,0.0,0.0,0.0
2021-03-04,12.28,12.28,11.58,11.93,947,-0.11432813659985164,-0.10502625656414111,-0.14110871130309577,-0.1279239766081871,0.0,-0.19063772048846683,13.344,13.138,12.423,13.163199011499849,13.052302060092197,0.11089695140765166,0.20485349992678314,-0.09395654851913149,0.00929563716744775,-0.007875653689784701,44.03488554428995,13.138,0.907057707210857,14.952115414421714,11.323884585578286,0.2761631016017223,0.1670553619696036,0.7844932041787585,0.06575802214407028,9.328572841907745,37.64951196489675,51.888773861217736,13.888888888888877,49.79091995221031,10547.0,12076.65,1.1580309710570778,0.06556107671110824,0.28752865773380154,405.5,1.2416306465303593,2.335388409371147,0.05867560771165124,-0.09194702390013698,-0.0396844562505031,3.0,3.0,,,1191.78,1168.52,-0.01552719154134552,0.002651381893378435,0.14119967966873048,0.3236303848448138,-0.09880094505850612,-0.13057535850156554,-0.3318374001571973,-0.2907794368234695,1.1774324817332238,0.24846396059234563,0.0,0.0,0.0,0.0,0.0,0.0,0.0,0.0
2021-03-08,12.0,12.0,12.0,12.0,800,0.005867560771165126,-0.10913140311804015,-0.09977494373593399,-0.14893617021276595,-0.12280701754385959,-0.18588873812754414,12.924000000000001,13.001,12.427666666666669,12.98424531742295,12.974353759344627,0.00989155807832276,0.16586111155709107,-0.1559695534787683,0.0008242965065268967,-0.012997462789897359,44.45344944767704,13.001,0.8579528879226556,14.71690577584531,11.285094224154689,0.263965198960897,0.20831731727609742,0.7334579753088472,0.06112149794240393,9.798173848522971,37.392854370103784,51.535046888384905,16.666666666666668,33.841099163679836,11347.0,12034.3,1.1587531958354114,0.052363121308835366,0.2769070244249764,437.5,0.8227133708921244,1.8285714285714285,0.0,-0.07699407737866315,-0.034412466807928754,0.0,3.0,0.0,0.0,1180.33,1168.27,-0.0003593767380571933,-0.015090585666472811,0.1282073567614026,0.2967298752783699,0.006226937509222319,-0.13384558454629314,-0.31409609488894674,-0.27840280690119,1.1782887791029935,0.24866078798858007,0.0,0.0,0.0,0.0,0.0,0.0,0.0,0.0
2021-03-09,12.0,12.0,12.0,12.0,600,0.0,0.005867560771165126,-0.10913140311804015,-0.13606911447084236,-0.02280130293159599,-0.04458598726114649,12.546000000000001,12.972999999999999,12.432333333333334,12.832822960896342,12.902179406800581,-0.06935644590423884,0.1188176000648251,-0.18817404596906395,-0.005779703825353237,-0.015681170497421997,44.45344944767704,12.972999999999999,0.8819064277850052,14.73681285557001,11.209187144429988,0.27192058206583075,0.22417708689237476,0.6810681199296438,0.056755676660803646,10.234231926094253,37.39285437010379,51.53504688838492,16.666666666666668,15.740740740740756,11347.0,12001.95,1.033528967527086,0.27786732251201596,0.6734950681967107,457.5,0.32509029775923004,1.3114754098360655,0.0,-0.07500192707931852,-0.03477491487250994,1.0,3.0,0.0,0.0,1160.96,1161.97,-0.00539258904191664,-0.020765036532643277,0.08036967820516394,0.27312672896386714,0.00539258904191664,-0.11530407793819908,-0.12495566546631043,-0.11566010041479635,1.176293159150581,0.24858403042704882,0.0,0.0,0.0,0.0,0.0,0.0,0.0,0.0
2021-03-10,12.0,12.0,12.0,12.0,1020,0.0,0.0,0.005867560771165126,-0.09977494373593399,-0.12280701754385959,-0.09977494373593399,12.280000000000001,12.9065,12.439333333333334,12.704696351527675,12.83535130259313,-0.13065495106545555,0.06892308983876898,-0.19957804090422454,-0.010887912588787962,-0.01663150340868538,44.45344944767704,12.9065,0.9034511316991678,14.713402263398335,11.099597736601664,0.279998801130955,0.24915632727829515,0.6324203970775264,0.05270169975646053,10.63914299812473,37.392854370103784,51.535046888384905,16.666666666666668,16.666666666666668,11347.0,11964.6,1.0076677325673604,0.4075187045181263,1.1369370082462438,503.5,1.155389381486125,2.025819265143992,0.0,-0.07023592763336295,-0.035318077067367004,2.0,3.0,,,1163.86,1170.08,0.006979526149556214,-0.014212898605670099,0.0529024827002853,0.250840372304151,-0.006979526149556214,-0.08556204513026389,-0.1526774264362193,-0.14500623651742284,1.2427699088377049,0.2516737501543056,0.0,0.0,0.0,0.0,0.0,0.0,0.0,0.0
2021-03-15,12.91,12.91,12.0,12.0,2200,0.0,0.0,0.0,-0.10913140311804015,-0.12280701754385959,-0.14468995010691377,11.986,12.804999999999998,12.452166666666667,12.596281528215725,12.773473428326973,-0.1771919001112483,0.019700091848765526,-0.19689199196001383,-0.014765991675937359,-0.01640766599666782,44.45344944767704,12.804999999999998,0.8844177388780652,14.573835477756129,11.036164522243867,0.2762726244054871,0.27244915931322605,0.6522475115719888,0.05435395929766573,10.09875519552323,43.63199579072093,46.399300123063135,16.666666666666668,16.666666666666668,11347.0,11917.25,0.9860718131077469,0.5333673469035953,1.6097013851503503,603.5,2.7544457277555705,3.6454018227009115,0.07583333333333335,-0.06286606794220995,-0.03631228835677858,0.0,3.0,0.0,0.0,1183.89,1184.56,0.002539016215850287,0.013943694522670302,0.09359478572351776,0.1960774161209486,-0.002539016215850287,-0.12307509764071045,-0.23828473583043153,-0.21789125089215133,1.3612657188837542,0.26985731632160587,0.0,0.0,0.0,0.0,0.0,0.0,0.0,0.0
2021-03-16,12.84,12.84,12.84,12.84,200,0.07000000000000006,0.07000000000000006,0.07000000000000006,0.07627829002514663,-0.06140350877192979,-0.08481824661439774,12.168,12.7455,12.476666666666665,12.633776677720999,12.778401322524974,-0.14462464480397585,-0.01316485548178275,-0.1314597893221931,-0.011263601620247341,-0.010238301349080459,50.43654487390962,12.7455,0.8363924727190792,14.418284945438158,11.072715054561842,0.26249028212909,0.5282463087253716,0.665658403602561,0.051842554797707247,9.596966521678983,39.699168182333494,42.217037881173106,50.0,27.777777777777796,11547.0,11879.9,1.022328489666469,0.3931992196694311,0.9271535193722684,613.35,-0.7245803142803305,0.3260780957039211,0.0,0.007414381546428261,0.02912102591504162,1.0,3.0,0.0,0.0,1184.91,1179.9,-0.003933950158708566,0.015430690981695028,0.058272716672795655,0.17475764508394154,0.07393395015870863,0.060847599043451606,-0.1430909632871934,-0.13521180413407108,1.3387215387502132,0.263975195629853,0.0,0.0,0.0,0.0,0.0,0.0,0.0,0.0
2021-03-17,12.63,12.63,12.63,12.63,107,-0.016355140186915862,0.05249999999999999,0.05249999999999999,0.05249999999999999,-0.10425531914893604,0.0,12.294,12.7455,12.495333333333331,12.633195650379307,12.76740863196757,-0.1342129815882629,-0.037374480703078784,-0.09683850088518411,-0.010626522691073862,-0.007667339737544268,49.01512099722698,12.7455,0.8363924727190792,14.418284945438158,11.072715054561842,0.26249028212909,0.46547673378010174,0.6331113747738066,0.05012758311748271,9.330219860702671,38.75859509130706,43.586061510059984,41.6666666666667,36.111111111111136,11440.0,11842.2,0.9578516651406557,0.4918852815978943,1.560622969765463,613.7,-0.8887311398379386,0.17435228939221117,0.0,-0.009062021890078764,0.010777356879902111,2.0,3.0,,,1178.64,1186.09,0.005246207305703798,0.013682825105975738,0.026224714045925746,0.12188488562268496,-0.02160134749261966,0.03881717489402425,-0.026224714045925746,-0.025554553195794583,1.3509120088352287,0.26512527581698675,0.0,0.0,0.0,0.0,0.0,0.0,0.0,0.0
2021-03-23,11.93,11.93,11.93,11.93,100,-0.055423594615993776,-0.07087227414330222,-0.005833333333333357,-0.005833333333333357,-0.14110871130309577,0.0,12.28,12.7455,12.501166666666668,12.525011704167106,12.705378362932935,-0.1803666587658288,-0.0659729163156288,-0.11439374245020001,-0.015118747591435775,-0.009588746223822298,44.511951044820066,12.7455,0.8363924727190792,14.418284945438158,11.072715054561842,0.26249028212909,0.2562448172958678,0.6378891337185348,0.053469332247991185,9.712012163936704,35.72055971473885,48.00798496884964,13.888888888888877,35.18518518518521,11340.0,11804.5,0.9578516651406557,0.4918852815978943,1.5606229697654639,613.7,-0.9010088544202666,0.1629460648525338,0.0,-0.06398336667843552,-0.04568906902022496,1.0,3.0,0.08313539192399033,1.0,1190.28,1183.45,-0.009192669306698598,0.003008729553351852,0.0049335960055703065,0.12412824990538716,-0.04623092530929518,-0.008842062886685209,-0.0049335960055703065,-0.004909375132029048,1.3910813703876044,0.2723225271616678,0.0,0.0,0.0,0.0,0.0,0.0,0.0,0.0
2021-03-24,12.63,13.68,12.63,13.68,1300,0.14668901927912814,0.08313539192399033,0.06542056074766345,0.1399999999999999,0.026256564141035277,0.14668901927912814,12.616,12.833000000000002,12.536166666666666,12.702702211218321,12.777572558271237,-0.07487034705291506,-0.06775240246308604,-0.00711794458982902,-0.005472978585739406,-0.0005203175869758056,55.51527421765354,12.833000000000002,0.8381251005730654,14.509250201146132,11.156749798853872,0.26124058305090475,0.7526472478335466,0.7173256241672109,0.05243608363795402,9.618975688275862,46.921790738635295,39.64219136141628,83.33333333333334,46.296296296296326,12640.0,11831.8,1.0871825649903453,0.532801146598003,0.6079432675549751,653.7,1.0963952313111744,1.9886798225485696,0.0767543859649122,0.06600171433024227,0.09124267120464791,2.0,3.0,0.013916500994035852,1.0,1169.42,1161.81,-0.01828552114580262,-0.02047062195954774,-0.0001721155583859213,0.1323860273983115,0.16497454042493076,0.16047062195954764,0.14686113483751406,0.14688641627507049,1.2109358557668188,0.23093017847153732,0.0,0.0,0.0,0.0,0.0,0.0,0.0,0.0
2021-03-25,15.09,15.3,15.09,15.3,1400,0.11842105263157898,0.28248113998323565,0.2114014251781473,0.27500000000000013,0.13585746102449892,0.28248113998323565,13.276,13.001500000000002,12.615666666666668,13.102286486415503,12.96441903543633,0.1378674509791722,-0.0266284317746344,0.16449588275380658,0.009010944508442626,0.01075136488586971,62.85791585573989,13.001500000000002,0.9746647196803429,14.950829439360687,11.052170560639317,0.2998622373357974,1.0895617112194822,0.7818023652981245,0.05109819381033493,10.626064719181937,54.77787732047892,33.77476493608678,100.0,65.74074074074076,14040.0,11929.1,1.1533713532968135,0.37360373437237937,-0.09931414009808126,713.7,1.1403953055444076,1.961608518985568,0.013725490196078487,0.17678729377379532,0.21277776309879237,3.0,3.0,0.11872455902306633,1.0,1164.41,1163.1,0.0011103364577684793,-0.03150865155628102,-0.0019992620749423873,0.13200941578800562,0.1173107161738105,0.30650865155628115,0.28448040205817804,0.2850502922970186,1.1675890550184849,0.22164179170426238,0.0,0.0,0.0,0.0,0.0,0.0,0.0,0.0
2021-03-26,14.74,17.47,14.74,16.49,1400,0.07777777777777772,0.20540935672514604,0.38222967309304257,0.28426791277258556,0.38222967309304257,0.38222967309304257,14.006,13.229499999999998,12.691666666666666,13.623473180813118,13.225573180959566,0.39789999985355173,0.058277254551002834,0.3396227453025489,0.02412977561270781,0.020595678914648207,67.1475985283756,13.229499999999998,1.214632173042343,15.658764346084684,10.800235653915312,0.36724960823684744,1.1710879376415004,0.9209593392054013,0.055849565749266306,12.619740743291757,60.00971950654526,26.62344035294139,83.36162988115449,88.89832107149596,15440.0,12096.4,1.1728685697274814,0.21608453720855342,-0.3638074866928651,778.7,1.0316472497833187,1.7978682419416976,0.16555488174651298,0.24645678219131484,0.29927774130006557,4.0,3.0,0.0,0.0,1162.71,1162.21,-0.00076519645774209,-0.02666555001884341,-0.005357433224644215,0.13164516938955556,0.07854297423551981,0.31093346279142897,0.3875871063176868,0.38967476283892544,1.166120659534446,0.22430295080815377,0.0,0.0,0.0,0.0,0.0,0.0,0.0,0.0
2021-03-29,15.44,15.44,15.44,15.44,500,-0.06367495451788963,0.009150326797385588,0.1286549707602338,0.22248614410134593,0.2866666666666666,0.1286549707602338,14.568000000000001,13.317499999999999,12.7735,13.902938845303408,13.389604797184784,0.5133340481186242,0.1492886132645271,0.364045434854097,0.0332470238418798,0.02357807220557623,60.50721612442624,13.317499999999999,1.309073095140659,15.935646190281318,10.69935380971868,0.3931888402900423,0.9053440575394185,0.9301765292621583,0.06024459386412943,14.47101133710802,55.171144438906225,24.476796179867616,65.53480475382004,82.9654782116582,14940.0,12233.7,1.1044651628556557,0.30637360873378866,-0.14154679047799817,798.7,-0.5106788303122484,0.6260172780768749,0.0,0.1593767599023841,0.20875249540063412,0.0,3.0,0.0,0.0,1169.65,1175.68,0.0115899880400272,-0.015697864253242155,-0.008843589030240184,0.12664128010331216,-0.07526494255791683,0.23818400835458808,0.13749855979047398,0.13872539012883323,1.095191634555247,0.21425000449746445,0.0,0.0,0.0,0.0,0.0,0.0,0.0,0.0
2021-03-30,15.44,15.44,15.44,15.44,500,0.0,-0.06367495451788963,0.009150326797385588,0.2942162615255657,0.2866666666666666,0.25732899022801314,15.27,13.4755,12.841333333333333,14.139409792179807,13.541485923319245,0.5979238688605619,0.2390156643837341,0.3589082044768278,0.03872563917490686,0.02324535003088263,60.50721612442624,13.4755,1.366692030145509,16.20888406029102,10.742115939708983,0.4056820244578707,0.8593530869918883,0.8637353486005757,0.05594140858812019,16.190048317080265,55.171144438906225,24.476796179867613,65.53480475382004,71.47707979626487,14940.0,12376.0,1.0253636753153208,0.41226816314712444,0.1989053021326455,818.7,-0.5627737853786833,0.6107243190423842,0.0,0.14578308782605465,0.20236735541480644,1.0,3.0,,,1179.64,1186.36,0.009084104518236158,0.002458912501584143,-0.00021068421806658133,0.13105706685849708,-0.009084104518236158,0.29175734902398154,0.2575396744460797,0.2575939454250502,1.0733228898366713,0.21164651118991462,0.0,0.0,0.0,0.0,0.0,0.0,0.0,0.0
2021-04-02,15.09,15.44,15.09,15.44,300,0.0,0.0,-0.06367495451788963,0.1286549707602338,0.2866666666666666,0.1286549707602338,15.622,13.5635,12.909166666666666,14.339500593382914,13.682116595665967,0.6573839977169467,0.3226893310503766,0.33469466666657005,0.04257668378995769,0.021677115716746766,60.50721612442624,13.5635,1.4354836888842477,16.434467377768495,10.692532622231504,0.4233372474314883,0.8268062212289119,0.8270399665576774,0.053564764673424706,17.41361639686909,53.50341534872269,26.75973312590411,65.53480475382004,65.53480475382004,14940.0,12508.3,0.9544814229889861,0.5539078037161573,1.0596121333217279,823.7,-0.9335642635974538,0.3642102707296346,0.022668393782383396,0.1383492461385336,0.19604931895939592,4.0,4.0,,,1225.76,1224.45,0.006866211660225385,0.05355314444033343,0.047711540271586195,0.13798073984373257,-0.006866211660225385,0.07510182631990037,0.0809434304886476,0.07725736271613992,1.0676269419584734,0.21066779966770335,0.0,0.0,0.0,0.0,0.0,0.0,0.0,0.0
2021-04-06,12.98,12.98,12.98,12.98,100,-0.15932642487046622,-0.15932642487046622,-0.15932642487046622,-0.1516339869281046,0.08166666666666678,-0.051169590643274754,15.158000000000001,13.5285,12.915,14.130346655939388,13.630107958949969,0.5002386969894186,0.358199204238185,0.14203949275123356,0.038539190831234096,0.010942950134917839,46.92751964135103,13.5285,1.4410167280522497,16.4105334561045,10.6464665438955,0.4260684416017297,0.40484149327999497,0.9436799689464147,0.07270261702206585,16.678823154043794,43.54101843383237,37.747951081703725,18.95306859205778,50.00755936656598,14840.0,12635.6,1.1241138531675363,-0.052257278053501964,0.9563050488899054,808.7,-1.2289206618749926,0.12365524916532707,0.0,-0.04054403666334028,0.005032907471931969,1.0,4.0,-0.026964560862865916,0.0,1233.37,1239.96,0.003163302455402306,0.045180215111770616,0.06711877242958075,0.13636182962348223,-0.16248972732586853,-0.1968142020398752,-0.1182883630728555,-0.11084835739843701,1.0308615334259181,0.19916552752647484,0.0,0.0,0.0,0.0,0.0,0.0,0.0,0.0
2021-04-07,12.98,12.98,12.63,12.63,1000,-0.026964560862865916,-0.1819948186528496,-0.1819948186528496,-0.23408126137052743,-0.016355140186915862,-0.07675438596491224,14.386000000000001,13.475999999999999,12.8975,13.899524093487175,13.556025887916638,0.3434982055705369,0.3552590045046554,-0.011760798934118522,0.027197007566946704,-0.0009311796464068504,45.36744689008511,13.475999999999999,1.4542728333034023,16.384545666606805,10.567454333393194,0.43166305529931814,0.35456649181875033,0.9012742568788137,0.0713597986444033,15.737063593418844,42.333255699528316,39.47472981867442,12.635379061371864,32.37441746908325,13840.0,12712.9,1.1281123038142655,0.008426288246252824,0.8921830348265228,833.7,0.29001094003168426,1.1994722322178242,0.0277117973079968,-0.06277827248441659,-0.02074045357627452,2.0,4.0,,,1237.39,1242.38,0.0019516758605115925,0.04275498556368773,0.061790646793381754,0.13572319090764876,-0.02891623672337751,-0.27683624693421516,-0.138545032758294,-0.13048243848888796,1.0559007743877091,0.2052908153251061,0.0,0.0,0.0,0.0,0.0,0.0,0.0,0.0
2021-04-12,13.12,13.12,13.05,13.05,300,0.03325415676959609,0.0053929121725733165,-0.15479274611398952,-0.15479274611398952,0.03325415676959609,-0.07446808510638292,13.908000000000001,13.4235,12.886999999999999,13.768828079104534,13.518542488811702,0.2502855902928314,0.33426432166229064,-0.08397873136945927,0.01917897243623229,-0.006435151829077338,47.61788071028218,13.4235,1.4495054510527625,16.322510902105527,10.524489097894476,0.43193070393049887,0.43558147716368867,0.8718975242446126,0.06681207082334197,14.961806461299224,41.78082386426098,37.89012210362145,20.216606498194967,17.26835138387489,14140.0,12750.2,1.1291165496380926,0.003823897714543727,0.8774675459597524,793.7,-0.8486967448668591,0.3779765654529419,0.005363984674329387,-0.02782433791485084,0.012648405369752647,0.0,4.0,0.025584795321637488,1.0,1236.79,1252.45,0.01687965834727123,0.013268071679948257,0.05731241980144541,0.14728323178937977,0.016374498422324857,-0.16806081779393778,-0.13178050490782833,-0.12463724291877287,1.088700547686288,0.2109572244397018,0.0,0.0,0.0,0.0,0.0,0.0,0.0,0.0
2021-04-13,13.68,14.95,13.68,14.03,2400,0.0750957854406129,0.11084718923198711,0.08089368258859775,-0.09132124352331605,0.17602682313495377,0.010079193664506825,13.626000000000001,13.4305,12.925500000000001,13.809008374626913,13.556428230381206,0.25258014424570696,0.31792748617897393,-0.06534734193326697,0.018002861314733214,-0.0046576865241102616,52.531297227277996,13.4305,1.452212377537727,16.334924755075455,10.526075244924547,0.4325117836380558,0.6032046016947724,0.9453334153699974,0.06737943088880952,15.38673052327277,49.60999163068257,32.450527169904426,37.90613718411552,23.5860409145608,16540.0,12947.5,1.159664490447734,-0.1344397435535187,0.5267573288770399,873.7,2.232392259719728,2.746938308343825,0.09052031361368494,0.044637206358661086,0.08545123979729974,1.0,4.0,0.03064861012116893,1.0,1262.44,1248.33,-0.003289552477144908,0.006750217748959564,0.057996440376302916,0.14690793782274275,0.07838533791775781,-0.09807146127227562,-0.04791724671179609,-0.045290555698611956,1.0388317942456053,0.20588019211019143,0.0,0.0,0.0,0.0,0.0,0.0,0.0,0.0
2021-04-14,14.03,14.46,14.03,14.46,1000,0.03064861012116893,0.10804597701149432,0.1448931116389549,-0.06347150259067347,0.05701754385964919,0.08477119279819956,13.430000000000001,13.487,12.971166666666667,13.909160932376619,13.62335947257519,0.28580145980142824,0.3115022809034648,-0.025700821102036586,0.019764969557498492,-0.0017773735201961677,54.54594981749509,13.487,1.4699699245043971,16.426939849008793,10.547060150991205,0.43596646385538573,0.6654795761090232,0.908523885700712,0.06283014423933,15.781302866533919,47.93283654295155,31.353478673147595,45.667870036101114,34.59687123947055,17540.0,13279.8,1.1517899384970618,-0.28465485560613757,0.6804578408372683,838.7,0.24567510575075835,1.192321449862883,0.029737206085753906,0.07214354563653891,0.114780217662251,2.0,4.0,-0.019957234497505305,0.0,1240.9,1255.87,0.006040069532895931,0.010858191535600747,0.058831960475174805,0.14710560818026563,0.024608540588272998,-0.07432969412627422,0.025939232323024752,0.024497968791368896,1.0435333839863055,0.20675225493713487,0.0,0.0,0.0,0.0,0.0,0.0,0.0,0.0
2021-04-15,14.03,14.03,13.75,13.75,1300,-0.049100968188105165,-0.019957234497505305,0.05363984674329503,0.05932203389830515,-0.10130718954248374,0.020786933927245732,13.584,13.501,13.024833333333333,13.884674635087908,13.632740252384435,0.2519343827034728,0.29958870126346643,-0.047654318559993636,0.018322500560252565,-0.003465768622544992,50.71830106987174,13.501,1.4711323959167932,16.443264791833585,10.558735208166413,0.43585879443501757,0.5423143424567215,0.8943436081506612,0.06504317150186627,15.896952618879157,45.214776565352985,31.811837989071915,32.8519855595668,38.80866425992783,16240.0,13517.1,1.1684292466508774,-0.16298995731651672,0.4227731315539776,873.7,0.6441515904426675,1.4879249170195719,0.020363636363636316,0.01844307829049696,0.05567569642605785,3.0,4.0,,,1262.25,1247.25,-0.006863767746661642,0.010008988654859774,0.038561460189518115,0.14638792264095832,-0.04223720044144352,0.049313045243445375,-0.017774526262272383,-0.017114563695661222,1.1137636725780735,0.2236139260693548,0.0,0.0,0.0,0.0,0.0,0.0,0.0,0.0
2021-04-20,13.33,13.33,13.33,13.33,1000,-0.030545454545454542,-0.07814661134163214,-0.04989308624376332,0.055423594615993554,-0.19163129169193438,0.11735121542330273,13.724,13.571000000000002,13.069166666666666,13.799340075843615,13.610315048504107,0.18902502733950755,0.2774759664786747,-0.08845093913916713,0.014180422156002067,-0.00663547930526385,48.54801649239048,13.571000000000002,1.4250314862634446,16.42106297252689,10.720937027473113,0.4200225440316688,0.4577202324434381,0.8604619218541854,0.06455078183452254,15.628679384023163,43.63836363816891,34.18921786884596,25.27075812274369,34.59687123947055,15240.0,13751.75,1.0915675462657801,-0.11521187733590275,1.045129548734808,876.35,0.18672164309217099,1.1410965938266675,0.0,-0.017758455530174744,0.019957916215009863,1.0,4.0,0.0,0.0,1267.74,1268.28,0.0061082993542656006,0.015981351085049722,0.0716802568760826,0.15114600481209384,-0.03665375389972014,0.03944224353094383,0.04567095854722014,0.042616217154498814,1.1025769765786817,0.22083882537710622,0.0,0.0,0.0,0.0,0.0,0.0,0.0,0.0
2021-04-22,13.33,13.33,13.33,13.33,700,0.0,-0.030545454545454542,-0.07814661134163214,0.021455938697317878,-0.13665803108808283,0.11083333333333334,13.780000000000001,13.6375,13.087833333333332,13.727133910329213,13.589550970837136,0.13758293949207712,0.24949736108135517,-0.11191442158927806,0.010321300787102559,-0.008395680539330687,48.54801649239048,13.6375,1.3781218149504069,16.39374362990081,10.881256370099186,0.4042153811036939,0.4442175581534017,0.7990003560074579,0.059940011703485216,15.379568523085455,43.638363638168904,34.18921786884596,14.462809917355363,24.195184533221973,15240.0,13946.4,1.091905262473055,-0.10097200959922373,1.0371947757538034,871.35,-0.25836879469246515,0.8033511218224594,0.0,-0.02254812098991743,0.01850318998561007,3.0,4.0,0.0,0.0,1264.31,1227.82,-0.03190147286088252,-0.022335114303231984,0.05681651905216856,0.18180576168976678,0.03190147286088252,0.04379105300054986,0.05401681428116478,0.05111276490039263,1.069870482417318,0.22814293102768246,0.0,0.0,0.0,0.0,0.0,0.0,0.0,0.0
2021-04-23,13.68,13.68,13.68,13.68,420,0.026256564141035277,0.026256564141035277,-0.005090909090909146,-0.024946543121881604,-0.11398963730569944,0.1399999999999999,13.709999999999999,13.7215,13.128666666666668,13.719882539509335,13.596250898923275,0.12363164058606024,0.2243242169822962,-0.10069257639623597,0.009037400627635982,-0.007360568450017249,50.591367342579446,13.7215,1.3231631756793203,16.36782635135864,11.07517364864136,0.38571968827878,0.49215894139838523,0.7669289020069252,0.05606205424027231,15.408683316436523,45.475614660210915,33.074733273879644,21.694214876033044,20.47592763871072,15660.0,14162.05,1.0934819200054766,-0.16282121521083995,1.0235840352413976,862.35,-0.6619257381796166,0.4870412245607932,0.0,-0.0030244506795904513,0.04199461737673271,4.0,4.0,0.027711797307996777,1.0,1227.18,1248.53,0.016867293251453752,0.001026257767087646,0.07345026223024687,0.18831648392139683,0.009389270889581525,-0.02597280088896925,0.06654973776975304,0.06199610742232853,1.09032752289255,0.23640819409052227,0.0,0.0,0.0,0.0,0.0,0.0,0.0,0.0
2021-04-26,12.63,12.98,11.93,12.98,1451,-0.051169590643274754,-0.026256564141035277,-0.026256564141035277,-0.1023513139695712,-0.15932642487046622,0.08166666666666678,13.414000000000001,13.770500000000002,13.146166666666666,13.606054456507898,13.550602684188217,0.05545177231968168,0.19054972804977333,-0.13509795573009165,0.0042720933990509765,-0.010408162999236643,46.60490955594046,13.770500000000002,1.2732613532516845,16.317022706503373,11.223977293496633,0.3698518872231756,0.3447883464810259,0.8371482661492877,0.06449524392521477,14.690959562572042,38.685357710060735,43.06777593912385,18.95306859205778,18.37003112848208,14209.0,14305.15,1.113862314237239,-0.06890789315018574,0.7139521720265573,883.9,0.8333985061028965,1.64158841497907,0.0808936825885979,-0.057405322973022144,-0.012639933060334396,0.0,4.0,0.046396023198011616,1.0,1251.25,1215.77,-0.026238856895709373,-0.018519266010607827,0.04608461465655944,0.21587206231789285,-0.02493073374756538,-0.08383204795896337,0.035582052010107335,0.03401450658156291,1.133517619298254,0.251558414475422,0.0,0.0,0.0,0.0,0.0,0.0,0.0,0.0
2021-04-27,12.07,12.63,12.07,12.63,300,-0.026964560862865916,-0.07675438596491224,-0.05251312828207044,-0.08145454545454545,-0.026964560862865916,0.05249999999999999,13.190000000000001,13.802000000000001,13.163666666666668,13.455892232429761,13.482409892766867,-0.026517660337106008,0.14713625037239747,-0.17365391070950348,-0.002099577223840539,-0.013749319929493544,44.707982997211595,13.802000000000001,1.2343530161267293,16.27070603225346,11.333293967746542,0.3577316377703897,0.2626286838757008,0.8423519614243387,0.06669453376281383,14.02450179112645,35.70020617446975,39.744455564455855,19.943019943019976,20.19676780370362,13909.0,14433.25,1.1199740277212895,-0.01015526876480666,0.6214609960639721,788.9,-0.7927719689532163,0.3802763341361389,0.04433887569279497,-0.0849152296768585,-0.040540882732774564,1.0,4.0,0.027711797307996777,1.0,1213.84,1219.75,0.0032736455086077587,-0.032389852290215515,0.037484689711486,0.2131488609347995,-0.030238206371473675,-0.04906469316432993,0.015015310288513994,0.014472801803648405,1.1512942758900377,0.25504644879491456,0.0,0.0,0.0,0.0,0.0,0.0,0.0,0.0
2021-04-28,12.63,12.98,12.63,12.98,900,0.027711797307996777,0.0,-0.051169590643274754,-0.026256564141035277,0.027711797307996777,0.010903426791277315,13.120000000000001,13.809000000000001,13.2045,13.382678042825182,13.445194345154507,-0.0625163023293247,0.10520573983205304,-0.16772204216137776,-0.004816356111658297,-0.012921574896870397,47.02983665336668,13.809000000000001,1.228995738933171,16.26699147786634,11.35100852213366,0.35599847604697527,0.33136638034245486,0.807183964179743,0.06218674608472596,13.099780916955185,37.69169128439978,38.51349529615927,29.914529914529936,22.936872816535914,14809.0,14596.35,1.097216027054186,0.04450531674280255,0.9206757723395632,823.9,0.126583505268777,1.0923655783468869,0.02696456086286592,-0.06003331160837144,-0.017001779696315555,2.0,4.0,,,1220.26,1229.55,0.008034433285509346,-0.030537420758823042,0.03640547557233886,0.2127135701047612,0.01967736402248743,0.004280856617787765,-0.025502048781061548,-0.024606246669025444,1.2042078817991653,0.2700892260121752,0.0,0.0,0.0,0.0,0.0,0.0,0.0,0.0
2021-05-04,12.42,12.42,12.42,12.42,100,-0.04314329738058553,-0.016627078384798155,-0.04314329738058553,-0.0682670667666917,-0.048275862068965614,-0.016627078384798155,12.937999999999999,13.7985,13.247833333333334,13.234573728544385,13.36925402329121,-0.13468029474682552,0.05722853291627733,-0.19190882766310285,-0.010843824053689655,-0.015451596430201518,43.85653476544113,13.7985,1.2404425144193698,16.27938502883874,11.31761497116126,0.3595876405172648,0.22217575905860243,0.7895279667383329,0.06356907944753083,12.421922147603908,35.78211022471368,38.46214839832379,13.960113960113967,21.27255460588798,14709.0,14759.8,1.1074962833304214,0.09177572443703955,0.7762369344090673,823.55,-1.2026586963982704,0.12142553579017668,0.0,-0.09990216327861734,-0.06248820561852886,1.0,5.0,0.0,0.0,1222.08,1242.2,0.0022672443702143052,-0.005069962275636053,0.021462050818189304,0.20205929268006192,-0.04541054175079984,-0.06319710449105564,-0.03808912920298746,-0.03728883434531727,1.2026335197970395,0.2709491367830673,0.0,0.0,0.0,0.0,0.0,0.0,0.0,0.0
2021-05-05,12.49,12.63,12.49,12.49,1500,0.005636070853462183,-0.03775038520801233,-0.011084718923198733,-0.08698830409356717,-0.10976478973627934,0.046940486169321005,12.7,13.8265,13.267666666666665,13.12002392415294,13.30412409564001,-0.18410017148706892,0.008962792035608085,-0.19306296352267702,-0.014739805563416246,-0.015457403004217536,44.361899474808595,13.8265,1.2017630688635395,16.23002613772708,11.42297386227292,0.3476694952051611,0.2219709869134447,0.7481331119713093,0.0598985678119543,11.59400408511613,37.06967300093022,37.690985864888184,18.543046357615914,20.805896744086628,16209.0,15003.25,1.0869052681012539,-0.018066643105153293,1.0658114250430293,893.55,1.020253309634742,1.678697330871244,0.011208967173739037,-0.09666220663219172,-0.05861367233625592,2.0,5.0,0.055423594615993554,1.0,1244.69,1256.43,0.011455482208984069,0.033443825723615594,0.026117848830087054,0.20442707127582174,-0.005819411355521886,-0.12043212981718276,0.02082263733923395,0.020292637305719285,1.171382096921144,0.2733821668261517,0.0,0.0,0.0,0.0,0.0,0.0,0.0,0.0
2021-05-06,12.63,13.33,12.63,13.33,1100,0.06725380304243389,0.07326892109500815,0.026964560862865916,0.026964560862865916,-0.07814661134163214,-0.025584795321637377,12.77,13.809000000000001,13.291,13.152327935821718,13.306040829296306,-0.15371289347458728,-0.023572345066430987,-0.13014054840815628,-0.01153134984805606,-0.009762981876080741,50.15956851049674,13.809000000000001,1.206547488541319,16.22209497708264,11.395905022917363,0.34949597756284145,0.4007498659296248,0.7546950325447872,0.05661628151123685,11.338984193100849,40.74774096248058,34.6944653441849,46.35761589403975,26.28692540392323,17309.0,15236.7,0.98047027277609,-0.46175718218934086,1.283867383825422,883.55,0.36756841353884406,1.2449776469922473,0.05251312828207046,-0.03468752263016883,0.002934316454743735,3.0,5.0,0.052513128282070554,1.0,1255.42,1250.57,-0.004664008341093484,0.025267472842795513,0.011747097609319912,0.2031491556292887,0.07191781138352737,0.001697088020070403,-0.03733189293095729,-0.036898443315695806,1.1242225924055316,0.2613459400732282,0.0,0.0,0.0,0.0,0.0,0.0,0.0,0.0
2021-05-07,13.33,14.03,13.33,14.03,3200,0.052513128282070554,0.1232986389111288,0.12962962962962954,0.11084718923198711,0.02036363636363636,-0.08300653594771246,13.05,13.745499999999998,13.320166666666667,13.287354407233762,13.359667434533616,-0.07231302729985423,-0.03332048151311564,-0.03899254578673859,-0.005154171582313203,-0.002779226356859486,54.42184216975347,13.745499999999998,1.156321185575455,16.058142371150907,11.432857628849089,0.33649447035770397,0.5615097266116458,0.7507882445058738,0.053513060905621794,11.66981834605015,44.69374434433399,32.38392934431593,69.5364238410596,44.81236203090511,20509.0,15560.15,0.8999976185386437,-0.8834641025660515,1.674382057547386,973.55,2.8586042741609927,3.286939551127318,0.04989308624376332,0.020697682878032975,0.05329012399744748,4.0,5.0,0.052513128282070554,1.0,1245.48,1241.81,-0.00700480580855134,0.009971127648326528,0.00149198361237457,0.20468947627538417,0.05951793409062189,0.10087606158366058,-0.08449851956008703,-0.08437263696839736,1.0903055743871088,0.25179585267968513,0.0,0.0,0.0,0.0,0.0,0.0,0.0,0.0
2021-05-10,13.33,14.03,13.33,14.03,200,0.0,0.052513128282070554,0.1232986389111288,0.08089368258859775,0.052513128282070554,-0.14918132201334133,13.26,13.622500000000002,13.349333333333332,13.401607575351644,13.409321698642238,-0.007714123290593733,-0.02819920986861126,0.020485086578017526,-0.0005498305980465954,0.0014600917019256968,54.42184216975347,13.622500000000002,0.9638348570056203,15.550169714011243,11.694830285988761,0.2830126208862163,0.6056975676481529,0.7471605127554541,0.053254491286917616,11.9770214880745,41.702837866989,30.216795991344217,69.5364238410596,61.81015452538634,20509.0,15813.6,0.848588839002649,-1.0108179204861978,2.278521853064204,913.55,-0.9027548572528413,0.21892616715012864,0.04989308624376332,0.029913745641401812,0.05098881342389139,0.0,5.0,0.0,0.0,1239.96,1259.58,0.014309757531345335,0.01629027182726972,0.013844395434569057,0.21073999985062938,-0.014309757531345335,0.06460341076132803,-0.1630257174479104,-0.16079954496176097,1.0873058857262665,0.25139758330492185,0.0,0.0,0.0,0.0,0.0,0.0,0.0,0.0
2021-05-11,14.03,14.03,14.03,14.03,100,0.0,0.0,0.052513128282070554,0.12962962962962954,0.052513128282070554,-0.09132124352331605,13.581999999999999,13.552000000000001,13.378499999999999,13.498283332989853,13.455297869113183,0.04298546387667024,-0.013962275119554961,0.0569477389962252,0.00306382493775269,0.004058997790179986,54.42184216975347,13.552000000000001,0.8709921747186644,15.29398434943733,11.810015650562672,0.25708151556040865,0.6371998549109797,0.6937919047014931,0.049450599052137785,12.262281548525683,41.702837866989,30.216795991344224,83.00395256916991,74.02560008376305,20509.0,16092.05,0.8214806682684721,-1.241099993907427,3.324714702802467,893.55,-0.9841513801998939,0.11191315539141626,0.0,0.03527154663518295,0.0486975370930971,1.0,5.0,0.0,0.0,1265.11,1256.04,-0.0028104606297336687,0.011141523104170048,0.017127031557466532,0.2096694376372043,0.0028104606297336687,0.11848810652545949,-0.10844827508078259,-0.10662215408307663,1.0876665366452527,0.2513929781350958,0.0,0.0,0.0,0.0,0.0,0.0,0.0,0.0
2021-05-12,14.03,14.03,14.03,14.03,100,0.0,0.0,0.0,0.1232986389111288,0.025584795321637488,-0.09132124352331605,13.89,13.4815,13.407666666666668,13.58008589714526,13.497868397327021,0.08221749981823834,0.005273679868003699,0.07694381995023464,0.0058601211559685205,0.005484235206716653,54.42184216975347,13.4815,0.7601403956196028,15.001780791239206,11.961219208760795,0.22553585153569045,0.6803943071440466,0.6442353400799579,0.04591841340555652,12.52716589037321,41.70283786698901,30.216795991344224,100.0,84.18012547007652,20509.0,16370.5,0.8214806682684721,-1.241099993907427,3.324714702802467,873.55,-0.9417183364167827,0.11447541640432718,0.0,0.04068538367392338,0.04641622952042357,2.0,5.0,,,1251.97,1269.09,0.010389796503295967,0.010076168190826351,0.03038988032411538,0.2118212634663865,-0.010389796503295967,0.11322247072030245,-0.12171112384743143,-0.11812142779308588,1.097971337868576,0.2527632015614634,0.0,0.0,0.0,0.0,0.0,0.0,0.0,0.0
2021-05-14,14.03,14.03,14.03,14.03,1000,0.0,0.0,0.0,0.052513128282070554,0.08089368258859775,-0.09132124352331605,14.03,13.411000000000001,13.466000000000001,13.649303451430605,13.537285553080576,0.11201789835002884,0.02662252356440873,0.08539537478562012,0.007984169518890152,0.006086626855710629,54.42184216975347,13.411000000000001,0.6217200249901698,14.65444004998034,12.167559950019662,0.18543584370745497,0.7489062500479156,0.5982185300742466,0.04263852673373105,12.77312992208877,41.70283786698901,30.216795991344224,100.0,94.33465085639,20509.0,16648.95,0.8214806682684721,-1.241099993907427,3.324714702802467,908.55,0.11282596204357152,1.1006548896593473,0.0,0.04615614048169392,0.04188326154760125,4.0,5.0,0.0,0.0,1266.43,1266.36,0.003462784966600241,0.019769529960299792,0.014443296243781711,0.20497867508899548,-0.003462784966600241,0.03274359832177076,-0.10576453976709776,-0.1042587004702148,1.074785039647598,0.2565115300209072,0.0,0.0,0.0,0.0,0.0,0.0,0.0,0.0
2021-05-17,14.03,14.03,14.03,14.03,1207,0.0,0.0,0.0,0.0,0.11084718923198711,0.08089368258859775,14.03,13.4635,13.501,13.70787215121051,13.57378291951905,0.13408923169146014,0.048115865189819015,0.08597336650164113,0.009557322287345698,0.006127823699332939,54.42184216975347,13.4635,0.627713268434335,14.71892653686867,12.20807346313133,0.18649333930533224,0.7256205295026598,0.5554886350689433,0.03959291768132169,13.001525094396078,41.70283786698901,30.216795991344224,100.0,100.0,20509.0,16932.4,0.5795345866396746,0.2784951133208484,-0.5384579512739911,963.9,0.3077385726493921,1.252204585537919,0.0,0.04207672596278833,0.03918228279386704,0.0,5.0,0.0,0.0,1272.55,1258.7,-0.006048832875327648,-0.000698645580272661,0.0022534179493101103,0.20536883875460404,0.006048832875327648,0.000698645580272661,0.07864026463928764,0.07846345368439045,1.0376100970343782,0.25480586690175944,0.0,0.0,0.0,0.0,0.0,0.0,0.0,0.0
2021-05-18,14.03,14.03,14.03,14.03,2900,0.0,0.0,0.0,0.0,0.08089368258859775,0.11084718923198711,14.03,13.5335,13.506833333333333,13.757430281793509,13.607576777332454,0.1498535044610545,0.06846339304406612,0.08139011141698838,0.01068093403143653,0.005801148354739015,54.42184216975347,13.5335,0.6076120212941385,14.748724042588277,12.318275957411723,0.17958754831910104,0.7042833183840388,0.5158108754211617,0.03676485213265586,13.21360632582429,41.70283786698901,30.216795991344224,100.0,100.0,20509.0,17265.85,0.5678897338286338,0.21005604473322245,-0.37881856882503845,1058.9,2.0434593691766514,2.7386910945320615,0.0,0.03668674031107977,0.038733480583901914,1.0,5.0,,,1259.57,1252.68,-0.004782712322237259,-0.0026750740422278874,0.004353577871316849,0.2045516891397174,0.004782712322237259,0.0026750740422278874,0.10649361136067026,0.10603199282306419,0.9248257568199698,0.23458261600290567,0.0,0.0,0.0,0.0,0.0,0.0,0.0,0.0
2021-05-21,14.03,14.03,14.03,14.03,64,0.0,0.0,0.0,0.0,0.12962962962962954,0.0750957854406129,14.03,13.5825,13.495000000000001,13.799364084594508,13.638867386418939,0.1604966981755691,0.08687005407036673,0.07362664410520238,0.011439536577018468,0.005247800720256763,54.42184216975347,13.5825,0.6060821118593475,14.794664223718694,12.370335776281305,0.17848911816214905,0.6845872000029637,0.4789672414625073,0.03413879126603758,13.410538897864775,41.70283786698901,30.216795991344217,100.0,100.0,20509.0,17584.3,0.5588188485731056,0.3502249986979046,-0.131597575981396,1047.1,-1.0768965737026839,0.06112119186324134,0.0,0.03294680655254911,0.03964431270841029,4.0,5.0,0.0,0.0,1272.84,1283.93,0.0044671496299542035,0.013874411699674738,0.012339546472387886,0.19906013021563687,-0.0044671496299542035,-0.013874411699674738,0.06275623896822502,0.06199129450875085,0.8812098200209726,0.22538683644543134,0.0,0.0,0.0,0.0,0.0,0.0,0.0,0.0
2021-05-24,11.93,11.93,11.93,11.93,200,-0.14967925873129007,-0.14967925873129007,-0.14967925873129007,-0.14967925873129007,-0.04483586869495604,-0.14967925873129007,13.61,13.477499999999997,13.4155,13.511769610041506,13.512284617054574,-0.0005150070130675033,0.06939304185367988,-0.06990804886674738,-4.316907066785443e-05,-0.005859853215988884,37.1695837193461,13.477499999999997,0.6992241941497056,14.875948388299408,12.079051611700587,0.2075234113595861,-0.053291781429932496,0.5947552956437567,0.04985375487374323,13.95634158816197,31.185191826901978,47.81643852999279,0.0,66.66666666666669,20309.0,17772.75,0.7254122993855731,-1.454403173648689,4.262693095206423,937.1,-0.8443541891765229,0.21342439440828087,0.0,-0.11482099795956213,-0.11073012560098394,0.0,5.0,-0.027711797307996888,0.0,1287.5,1297.98,0.01094296418029006,0.03120680066735515,0.057141926340994686,0.16035925098368636,-0.16062222291158013,-0.18088605939864522,-0.20682118507228475,-0.1956418338151995,0.7078862278285484,0.17976158097815548,0.0,0.0,0.0,0.0,0.0,0.0,0.0,0.0
2021-05-25,12.63,12.63,12.28,12.28,1500,0.029337803855825628,-0.12473271560940846,-0.12473271560940846,-0.12473271560940846,-0.07876969242310583,-0.15076071922544965,13.26,13.368500000000001,13.383833333333333,13.322266593112044,13.421004275050532,-0.09873768193848775,0.03576689709524636,-0.1345045790337341,-0.008040527845153727,-0.010953141615124928,40.55212042896077,13.368500000000001,0.7078676281251038,14.78423525625021,11.952764743749793,0.21180166155517946,0.11557078020255689,0.6022727745263456,0.04904501421224313,13.574152045547464,36.89811884964654,43.84677224650538,16.666666666666654,38.88888888888891,21809.0,17986.2,0.7245236815693278,-1.4582902029971492,4.2862440167138045,962.1,0.6098750492789163,1.5590894917368257,0.02850162866449523,-0.08142274750345979,-0.0824751254623115,1.0,5.0,0.0,0.0,1299.19,1308.58,0.008166535693924226,0.04462432544624306,0.048096561556390194,0.15306660619259896,0.021171268161901402,-0.16935704105565152,-0.19885728078183984,-0.1897318320427872,0.8100122274220892,0.21458279654130863,0.0,0.0,0.0,0.0,0.0,0.0,0.0,0.0
2021-05-26,12.28,12.28,12.28,12.28,100,0.0,0.029337803855825628,-0.12473271560940846,-0.12473271560940846,-0.12473271560940846,-0.10690909090909095,12.91,13.294999999999998,13.358166666666666,13.161917886479422,13.336485439861603,-0.17456755338218066,-0.0062999930002390426,-0.16826756038194163,-0.014215598809623833,-0.013702570063676029,40.55212042896077,13.294999999999998,0.7416801694020818,14.778360338804163,11.811639661195834,0.22314559440453777,0.1578713973105625,0.5592532906316067,0.04554179891136862,13.21926175597685,36.89811884964654,43.84677224650538,16.666666666666654,11.111111111111121,21809.0,18264.65,0.7075310279481507,-1.7005163116564703,5.446418446161971,902.1,-0.8927591081665384,0.1108524553818867,0.0,-0.07634449040992841,-0.08071217357671334,2.0,5.0,,,1308.04,1316.7,0.0062051995292609075,0.04293895397191272,0.08301734703109975,0.10976622727268028,-0.0062051995292609075,-0.16767166958132118,-0.1899264379401907,-0.17536786318413122,0.8414326347097303,0.22200798972317642,0.0,0.0,0.0,0.0,0.0,0.0,0.0,0.0
2021-05-28,14.03,14.03,14.03,14.03,1000,0.14250814332247552,0.14250814332247552,0.17602682313495377,0.0,0.0,0.052513128282070554,12.91,13.330000000000002,13.346333333333332,13.295468980867204,13.387856888760743,-0.09238790789353857,-0.023517575978898947,-0.06887033191463962,-0.006585025509161694,-0.004908790585505319,54.6955024164367,13.330000000000002,0.7597160134239127,14.849432026847827,11.810567973152176,0.2279717969764179,0.7303492316968596,0.6443066270150634,0.045923494441558334,13.441834968149733,49.14032591856401,35.340191216593,100.0,44.44444444444446,22809.0,18643.1,0.871217150627177,-0.30763844138013835,4.133124047491146,902.1,0.10896536178718873,1.108524553818867,0.0,0.05251312828207033,0.05122505557081847,4.0,5.0,0.0,0.0,1307.79,1320.46,0.012956726527919571,0.028451706868754423,0.07393761945427202,0.12424564196307383,0.12955141679455595,-0.028451706868754423,-0.021424491172201465,-0.019949474517047316,0.9211460191273463,0.23619413675061351,0.0,0.0,0.0,0.0,0.0,0.0,0.0,0.0
2021-05-31,15.79,15.79,15.79,15.79,1200,0.12544547398431938,0.28583061889250816,0.28583061889250816,0.12544547398431938,0.12544547398431938,0.18454613653413343,13.262,13.453,13.363833333333334,13.679242983810711,13.565793415519206,0.11344956829150554,0.003875852875181952,0.10957371541632359,0.007184899828467736,0.0069394373284562124,63.97764621609914,13.453,0.9379490503501378,15.328898100700275,11.577101899299723,0.2788817513863489,1.1229016381880215,0.7239990107997017,0.045851742292571364,14.838840413878902,57.97153632553233,29.203764468035768,100.0,72.22222222222224,24009.0,19081.55,0.9715689799297462,-0.107911429260599,2.50891784374032,927.1,0.303395183121223,1.2943587531010678,0.0,0.17371589979930135,0.18154721075539682,0.0,5.0,0.0,0.0,1326.65,1328.05,0.005747996910167696,0.023166766822293017,0.07153519069865011,0.12344150598537312,0.11969747707415168,0.10227870716202636,0.11301094583548332,0.10546638768046357,0.9617046171909331,0.23947897131829343,0.0,0.0,0.0,0.0,0.0,0.0,0.0,0.0
2021-06-01,13.54,13.54,13.54,13.54,19400,-0.1424952501583281,-0.03492516037063442,0.10260586319218246,0.1349538977367979,-0.03492516037063442,-0.01023391812865504,13.584,13.445999999999998,13.380166666666666,13.65782098630137,13.563882792147412,0.09393819415395832,0.02188832113093723,0.0720498730230211,0.006937828224073732,0.0053212609322763,49.90171896965986,13.445999999999998,0.9366873319816119,15.319374663963222,11.572625336036774,0.2786515936283243,0.5250884144555311,0.832999081456866,0.06152135018145244,14.091570734048268,46.78682524995338,42.862802848823144,41.709844559585484,80.56994818652852,4609.0,18529.0,1.1096240410100167,-0.2793457361180004,1.3771577676728297,1876.1,4.152633737217544,10.340600181227014,0.0,0.006990926669641517,0.011945541286232153,1.0,6.0,0.0,0.0,1329.47,1337.78,0.007326531380595691,0.022314264317045973,0.07694413137981004,0.1240819125303024,-0.14982178153892378,0.11263963341975192,-0.08717804950846508,-0.08094946336424169,0.9045871695788847,0.22626806734788021,0.0,0.0,0.0,0.0,0.0,0.0,0.0,0.0
2021-06-02,12.21,12.21,11.79,12.21,44100,-0.09822747415066457,-0.226725775807473,-0.12972202423378465,-0.005700325732898914,-0.12972202423378465,-0.05932203389830504,13.569999999999999,13.407499999999999,13.3615,13.43507929610116,13.46359517791427,-0.028515881813110155,0.011807480542127753,-0.04032336235523791,-0.0023354530559467775,-0.003302486679380664,43.771277087515394,13.407499999999999,0.9720075535769354,15.351515107153869,11.463484892846129,0.28998920114172966,0.19200342230025297,0.8984991470670899,0.0735871537319484,13.91105982963845,40.27780053319705,50.811780504740504,10.500000000000043,50.73661485319519,-39491.0,15844.0,1.1512373962034528,-0.2727691157067513,0.8928567955299684,4008.55,3.878571744955381,11.001484327250502,0.03439803439803454,-0.08931568152153635,-0.08618044381244616,2.0,6.0,0.0,0.0,1337.78,1340.78,0.0022425211918253307,0.01828814460393402,0.0671346593124964,0.12075089606780263,-0.1004699953424899,-0.023988470336832934,-0.12645669321080144,-0.11850115831892427,0.8753655427644083,0.21612212183956656,0.0,0.0,0.0,0.0,0.0,0.0,0.0,0.0
2021-06-03,11.93,11.93,11.93,11.93,54700,-0.02293202293202301,-0.11890694239290989,-0.24445851804939833,-0.028501628664495127,-0.14967925873129007,-0.055423594615993776,13.5,13.372499999999999,13.3265,13.20352863516252,13.349995535105805,-0.14646689994328455,-0.019847395554954708,-0.12661950438832983,-0.012277191948305495,-0.01061353766876193,42.58516513340472,13.372499999999999,1.0132068682627595,15.398913736525518,11.34608626347448,0.30307178710420934,0.144075646054072,0.8543206365622978,0.0716111179012823,13.743442561257906,39.33488053783626,49.62225567459705,3.500000000000014,18.56994818652853,-94191.0,10439.0,1.1500965693051457,-0.2817443172059317,0.9136570984707791,6728.55,3.138822934533948,8.129537567529407,0.0,-0.10787063002430353,-0.10479120549281506,3.0,6.0,0.0,0.0,1345.21,1364.28,0.017527111084592484,0.046572105832444866,0.09092653749890056,0.12691903667683613,-0.040459134016615494,-0.07507373449693999,-0.14635013211489434,-0.13415214231603734,0.787031170630225,0.19293705437224007,0.0,0.0,0.0,0.0,0.0,0.0,0.0,0.0
2021-06-04,11.93,11.93,11.51,11.93,12300,0.0,-0.02293202293202301,-0.11890694239290989,-0.14967925873129007,-0.14967925873129007,-0.08089368258859786,13.079999999999998,13.319999999999999,13.291500000000001,13.007601152829825,13.244810680653522,-0.23720952782369764,-0.0633198220087033,-0.17388970581499436,-0.01988344742864188,-0.014575834519278656,42.58516513340472,13.319999999999999,1.06070483021536,15.441409660430718,11.198590339569279,0.31852997904365166,0.17238765196398215,0.8232977339507052,0.06901070695311862,13.845384090990523,37.90156380748104,51.4579613585053,9.813084112149532,7.937694704049882,-94191.0,4989.0,1.1453402777912816,-0.2246696799507238,0.9620864332164304,7298.55,0.327598379469782,1.685266251515712,0.035205364626990775,-0.10435435435435425,-0.10243388631832384,4.0,6.0,-0.12089810017271163,0.0,1367.06,1374.05,0.007161286539419942,0.040584341820274705,0.10648972064969686,0.11981105651662516,-0.007161286539419942,-0.19026360055156477,-0.18738340323829472,-0.1693494297699114,0.7850264486401108,0.19270792412499194,0.0,0.0,0.0,0.0,0.0,0.0,0.0,0.0
2021-06-07,11.58,11.58,10.18,10.18,174964,-0.14668901927912825,-0.14668901927912825,-0.16625716625716636,-0.35528815706143124,-0.27441197434069853,-0.18035426731078907,11.958000000000002,13.207999999999998,13.250666666666666,12.572585590856006,13.01778766727178,-0.44520207641577336,-0.13969627289011732,-0.30550580352565604,-0.04373301340037067,-0.030010393273640083,35.593823942791175,13.207999999999998,1.260232225884572,15.728464451769142,10.687535548230855,0.3816572458766117,-0.1006829411687616,0.8894907529542262,0.08737630186190827,14.679787552016371,32.575262819865344,54.906850309849695,0.0,4.437694704049868,-269155.0,-9204.2,1.2493036237519102,-0.31071797997770334,0.3308658395081846,16041.75,3.9369877539524842,10.90679009459691,0.13752455795677804,-0.2292549969715323,-0.23173676796136045,0.0,6.0,-0.012867647058823595,0.0,1374.59,1358.78,-0.011113132709872242,0.023139189036557317,0.07875641086711438,0.12762109359921547,-0.135575886569256,-0.37842734609798856,-0.25911067817790345,-0.2401938709867113,0.8749559984438148,0.2111620862588322,0.0,0.0,0.0,0.0,0.0,0.0,0.0,0.0
2021-06-08,10.88,11.93,10.74,10.74,41800,0.05500982318271119,-0.09974853310980714,-0.09974853310980714,-0.20679468242245191,-0.09974853310980714,-0.14011208967173738,11.398,13.120499999999998,13.230833333333331,12.290649346108928,12.849062654881278,-0.5584133087723497,-0.2234396800665638,-0.33497362870578595,-0.05199379038848694,-0.031189350903704463,39.042586945974804,13.120499999999998,1.368785381662413,15.858070763324823,10.382929236675173,0.41729671328452816,0.06521671843308978,0.9509556991717815,0.08854336118917891,15.15474277229217,30.92228586851819,47.68952536536624,9.98217468805705,6.59841960006888,-227355.0,-21382.4,1.2680102468541719,-0.37326331992623296,0.18259629559676477,18056.75,0.5847013281924254,2.314923781965193,0.11080074487895712,-0.18143363438893323,-0.18825974680355217,1.0,6.0,0.0465337132003798,1.0,1355.36,1319.88,-0.028628622735100473,-0.013380376444557252,0.05082640680233119,0.17097554443044732,0.08363844591781167,-0.19341430597789466,-0.19093849647406858,-0.18170317688826942,0.6840055975120306,0.16588461673879767,0.0,0.0,0.0,0.0,0.0,0.0,0.0,0.0
2021-06-09,10.53,11.02,10.53,11.02,8100,0.02607076350093096,0.08251473477406668,-0.07627829002514674,-0.09746109746109755,-0.10260586319218234,-0.1732933233308327,11.16,13.005,13.215666666666666,12.09516483132294,12.71357653229748,-0.6184117009745407,-0.3024340842481592,-0.31597761672638147,-0.05611721424451368,-0.028673104966096322,40.750918436064374,13.005,1.4454884441272253,15.895976888254452,10.11402311174555,0.4445946771633143,0.15669044120263995,0.9180302920880828,0.08330583412777522,15.714630788853087,29.74337051602316,47.50529028157274,14.973262032085561,8.318478906714223,-219255.0,-33210.6,1.245369631027767,-0.34760812368383776,0.36133368341111416,18406.75,-0.2545906341349607,0.4400559577328969,0.044464609800363,-0.1526336024605922,-0.16614119605518696,2.0,6.0,0.04474885844748866,1.0,1323.52,1332.9,0.009864533139376297,-0.00587717597219517,0.050280121977164915,0.17066547112752758,0.016206230361554663,-0.09158392148890238,-0.2235734453079976,-0.21287030062714885,0.7472665474246013,0.1747912502568913,0.0,0.0,0.0,0.0,0.0,0.0,0.0,0.0
2021-06-10,10.95,11.93,10.53,11.44,44100,0.038112522686025496,0.06517690875232773,0.12377210216110024,-0.04107292539815588,-0.0684039087947883,-0.1846044191019245,11.062000000000001,12.875499999999999,13.207500000000001,11.99437024188864,12.619237529905075,-0.6248672880164339,-0.36692072500181416,-0.2579465630146197,-0.054621266435002966,-0.022547776487291935,43.3170222271311,12.875499999999999,1.4647165164919425,15.804933032983884,9.946066967016113,0.4550398870698436,0.25498671861807054,0.9524566997960769,0.08325670452762911,15.445265220589906,33.4450222017665,42.51763149438129,22.45989304812834,15.805109922757003,-175155.0,-42993.8,1.2373488671872572,-0.3380093606514911,0.4313831634394038,20451.75,0.5809320461538102,2.1562946936081264,0.12237762237762241,-0.11149081589064502,-0.1338254779481357,3.0,6.0,0.006081668114682914,1.0,1332.9,1323.58,-0.006992272488558937,-0.029832585686222823,0.048803873247806884,0.17161540065110772,0.04510479517458443,-0.011240339711933056,-0.23340829234973137,-0.22254713040574614,1.0257021227173648,0.2007301961025517,0.0,0.0,0.0,0.0,0.0,0.0,0.0,0.0
2021-06-11,11.51,11.65,11.09,11.58,17601,0.012237762237762295,0.05081669691470059,0.07821229050279332,-0.029337803855825628,-0.17462580185317178,-0.17462580185317178,10.991999999999999,12.753,13.201666666666666,11.930620973905773,12.542256972134329,-0.6116359982285555,-0.4158637796471625,-0.19577221858139304,-0.052818307273623105,-0.016906063780776602,44.18479997560298,12.753,1.4655306206286094,15.684061241257218,9.821938758742782,0.45966615561157664,0.2999018267702817,0.9244240783820715,0.07982936773593018,15.195140050059809,31.997849935968226,40.677885754794076,24.95543672014261,20.796197266785523,-157554.0,-51896.95,1.2390516630603785,-0.3618951157293794,0.4233849294143282,21321.8,-0.0920150559930641,0.8254931572381319,0.04835924006908467,-0.09197835803340393,-0.12283802550183054,4.0,6.0,0.012237762237762295,1.0,1326.79,1351.74,0.021275631242539284,-0.016236672610167036,0.06742158627878347,0.18420773235415988,-0.009037869004776988,-0.013101131245658593,-0.24204738813195525,-0.22675894065040825,1.103648752929219,0.21059162270852919,0.0,0.0,0.0,0.0,0.0,0.0,0.0,0.0
2021-06-14,11.44,11.65,11.44,11.58,11800,0.0,0.012237762237762295,0.05081669691470059,0.1375245579567781,-0.2666244458518049,-0.17462580185317178,11.272,12.6305,13.166666666666666,11.876679285612578,12.470978677902156,-0.5942993922895781,-0.45155090217564564,-0.14274849011393242,-0.05132119104400502,-0.012327158040926807,44.18479997560298,12.6305,1.4555320061931671,15.541564012386335,9.719435987613664,0.4609578421101833,0.31956769148149794,0.8733937870690665,0.07542260682807136,14.962880963139005,31.44830658433735,39.97926813768289,24.95543672014261,24.123588829471206,-157554.0,-60800.1,1.2390516630603785,-0.3618951157293794,0.4233849294143282,21906.8,-0.2514278810540863,0.538645534719813,0.01813471502590681,-0.08317168758164761,-0.120506329113924,0.0,6.0,-0.01802575107296145,0.0,1352.73,1361.72,0.0073830766271620885,0.0021637056771515173,0.08184634940811941,0.18128264239378017,-0.0073830766271620885,0.13536085227962658,-0.2564721512612912,-0.2370689251774133,0.7193282136050744,0.13578755085282387,0.0,0.0,0.0,0.0,0.0,0.0,0.0,0.0
2021-06-15,11.65,11.65,11.23,11.44,22200,-0.012089810017271163,-0.012089810017271163,0.0,0.06517690875232773,-0.15509601181683896,-0.1846044191019245,11.412,12.501,13.152666666666667,11.809497857056797,12.39460988694644,-0.5851120298896433,-0.4782631277184452,-0.10684890217119808,-0.05114615645888491,-0.009339939000978853,43.41397675582384,12.501,1.4395938754787272,15.380187750957454,9.621812249042545,0.4606331894980329,0.3157466459686119,0.8410085165641331,0.07351473046889276,14.905968031302592,30.3264996359553,40.33672225372165,22.45989304812834,24.123588829471206,-179754.0,-70813.25,1.238945232453489,-0.336225764779929,0.41138323910760155,23011.8,-0.020361673527931213,0.9647224467447136,0.036713286713286705,-0.0848732101431885,-0.130214405190329,1.0,6.0,-0.006044905008635637,0.0,1361.58,1367.36,0.004141820638604132,0.03597296723944576,0.09154772168470782,0.17828896854418722,-0.016231630655875295,0.02920394151288197,-0.2761521407866323,-0.2529913583259702,0.3285084783715731,0.05750602724239636,0.0,0.0,0.0,0.0,0.0,0.0,0.0,0.0
2021-06-16,11.58,12.63,11.51,11.51,167910,0.006118881118881037,-0.006044905008635637,-0.006044905008635637,0.04446460980036293,-0.05733005733005736,-0.17961511047754808,11.51,12.375,13.1165,11.763421263663444,12.329083228654111,-0.5656619649906673,-0.49574289517288966,-0.06991906981777768,-0.04914526194532297,-0.006074636821700928,43.94058198556666,12.375,1.4086742554241583,15.192348510848316,9.557651489151684,0.45532905225831366,0.3464868658120778,0.8659364796666952,0.07523340396756692,13.935142690880657,35.433395620572966,36.37728472905928,23.707664884135475,23.707664884135493,-11844.0,-72430.9,1.2396050732821833,-0.34850611250687563,0.4096542113374811,31357.3,2.6802099497918923,5.354733985387773,0.09730668983492624,-0.0698989898989899,-0.12247931994053296,2.0,6.0,0.017298187808896026,1.0,1363.85,1356.52,-0.007927685466885048,0.017720759246755202,0.07447979785978509,0.1830369239812623,0.014046566585766085,0.02674385055360773,-0.25409490833733317,-0.23648179225282318,-0.09908261701674992,-0.017006048029139638,0.0,0.0,0.0,0.0,0.0,0.0,0.0,0.0
2021-06-17,12.14,12.42,11.93,12.35,27622,0.07298001737619453,0.07954545454545459,0.06649395509499123,0.07954545454545459,0.035205364626990754,-0.11974340698503205,11.692,12.291,13.094333333333335,11.85366414617676,12.330632619124177,-0.4769684729474175,-0.49198801072779524,0.015019537780377734,-0.03862092898359656,0.0012161569052937438,49.958821311687714,12.291,1.3538129389558509,14.998625877911703,9.583374122088298,0.44058675094161626,0.5108951536623486,0.869083873976217,0.07037116388471393,13.033662017631716,32.783282341172416,33.65657666141245,38.68092691622104,28.2828282828283,15778.0,-72667.45,1.2716196488364215,-0.41692175858341013,0.1747979150757124,32678.05,-0.10018750471141862,0.8452768754561548,0.0396761133603239,0.00480026035310388,-0.05684392739862043,3.0,6.0,-0.005542359461599422,0.0,1341.06,1359.92,0.002506413469760993,0.027455839465691634,0.06391700959146318,0.18007761925911236,0.07047360390643354,0.05208961507976295,-0.18366041657649523,-0.17262663809371703,-0.08642479987374482,-0.01466617621875845,0.0,0.0,0.0,0.0,0.0,0.0,0.0,0.0
2021-06-18,12.63,12.98,11.79,12.56,245700,0.01700404858299609,0.09122502172024327,0.09790209790209792,0.08462867012089803,0.05280804694048613,-0.10477548111190294,11.888,12.2175,13.075666666666667,11.962331200611105,12.34762279548535,-0.3852915948742446,-0.47064872755708514,0.08535713268284056,-0.030676082394446223,0.006795950054366287,51.36454053717269,12.2175,1.2929683311138076,14.803436662227615,9.631563337772384,0.42331682622919836,0.5662235864092974,0.8920064544064873,0.0710196221661216,12.511199427091327,34.14360994307045,30.449414872293392,70.83333333333337,44.40730837789664,261478.0,-60619.0,1.2736206729387296,-0.4493522594685596,0.17440722619164567,44818.05,2.9198290388667303,5.482166225438188,0.09474522292993641,0.028033558420298865,-0.03943712239019037,4.0,6.0,-0.005542359461599422,0.0,1366.19,1377.77,0.013125772104241262,0.019256661784070817,0.07308809670309113,0.18349899303952644,0.0038782764787548274,0.06537200833682721,-0.17786357781499407,-0.1657492785181891,-0.057731287302577226,-0.009886713367086481,0.0,0.0,0.0,0.0,0.0,0.0,0.0,0.0
2021-06-21,12.63,12.63,12.28,12.56,48205,0.0,0.01700404858299609,0.09122502172024327,0.08462867012089803,0.23379174852652262,-0.10477548111190294,12.084,12.144,13.05,12.054280246670935,12.363354440264214,-0.30907419359327903,-0.4383338207643239,0.1292596271710449,-0.024607817961248328,0.010291371590051343,51.36454053717269,12.144,1.2244801259912037,14.592960251982408,9.695039748017592,0.40332019960184584,0.584934004066267,0.8532917076631669,0.06793723787127125,12.026055593018109,33.143260073370655,29.557298653454158,85.00000000000001,64.83808674985148,261478.0,-48570.55,1.2736206729387296,-0.4493522594685596,0.17440722619164567,47225.1,0.014412756706417012,1.0207495590268734,0.027866242038216672,0.03425559947299073,-0.037547892720306564,0.0,6.0,-0.02254428341384862,0.0,1373.59,1372.63,-0.003730666221502754,0.008011926093470123,0.0575124424105149,0.1830998117707855,0.003730666221502754,0.07661674402742791,-0.16228792352241783,-0.1534619518541981,-0.06035916659498068,-0.010375543147236021,0.0,0.0,0.0,0.0,0.0,0.0,0.0,0.0
2021-06-22,12.42,13.05,11.93,12.14,1160110,-0.03343949044585992,-0.03343949044585992,-0.017004048582995868,0.061188811188811254,0.13035381750465547,0.017602682313495377,12.224,12.154499999999999,13.020833333333334,12.067467901029252,12.346809666911309,-0.27934176588205695,-0.40653540978787056,0.1271936439058136,-0.023010030138554936,0.010477235906574432,48.22244325542233,12.154499999999999,1.2234484266333603,14.601396853266719,9.707603146733279,0.4026322519670444,0.49703706349929705,0.8723422999729408,0.07185686161226859,11.959067446722344,33.542804144707276,26.846683918447404,68.29268292682927,74.70867208672091,-898632.0,-94517.6,1.1567732059520894,-0.38755966445807477,0.813991620415361,105220.6,4.101480452615107,11.025502610705507,0.09225700164744653,-0.0011929737957133701,-0.06764800000000004,1.0,6.0,-0.01739850869925441,0.0,1380.84,1379.97,0.0053473987891856645,0.009222150713784405,0.05455531950664083,0.18228850847202804,-0.038786889235045585,0.05196666047502685,-0.036952637193145454,-0.035040966092166004,-0.11199404125089696,-0.018937182066970672,0.0,0.0,0.0,0.0,0.0,0.0,0.0,0.0
2021-06-23,12.07,12.35,11.86,11.86,1354900,-0.023064250411861664,-0.055732484076433164,-0.055732484076433164,0.03040834057341435,0.07622504537205077,-0.03420195439739415,12.294,12.133500000000002,12.996333333333334,12.035549762409367,12.310749691584546,-0.2751999291751783,-0.38026831366533215,0.10506838449015382,-0.023204041245799185,0.00885905434149695,46.193676264495124,12.133500000000002,1.224784728668272,14.583069457336546,9.683930542663457,0.40376963898900464,0.4441738630474714,0.8450321356891594,0.07125060166013149,11.816580009054015,32.15351006288244,26.326426855339243,58.536585365853625,70.60975609756099,-2253532.0,-208284.65,1.1561726953963256,-0.2736417034984336,0.7638556784516314,172890.6,3.1261927051024663,7.836747631160977,0.041315345699831384,-0.022540899163473238,-0.08743491754084498,2.0,6.0,-0.011804384485666009,0.0,1383.15,1376.87,-0.002246425646934447,0.01500162179695086,0.04569757727652446,0.18261518149784134,-0.020817824764927217,0.01540671877646349,-0.07989953167391861,-0.07640787681847139,-0.021315248147777553,-0.0035681664631760633,0.0,0.0,0.0,0.0,0.0,0.0,0.0,0.0
2021-06-24,11.86,11.86,11.51,11.72,953500,-0.011804384485666009,-0.034596375617792385,-0.06687898089171973,-0.051012145748987825,0.02447552447552459,-0.04560260586319209,12.168000000000001,12.105500000000001,12.967166666666666,11.98700364511562,12.266990455170875,-0.27998681005525583,-0.3602120129433169,0.08022520288806106,-0.023889659561028655,0.00684515383003934,45.17040303447524,12.105500000000001,1.2276570539467966,14.560814107893595,9.650185892106407,0.40565265505656006,0.4214968058952914,0.809672697425648,0.0690847011455331,11.278454126803295,31.160716611741183,28.601221762556246,53.658536585365866,60.16260162601626,-3207032.0,-369726.7,1.157043708725808,-0.2463354187468998,0.7405817142650487,220560.6,1.772090230697703,4.323074928160334,0.02986348122866891,-0.03184502911899556,-0.09617881058570998,3.0,6.0,0.03583617747440271,1.0,1376.87,1379.72,0.0020699121921461394,0.014559679981175355,0.058416502374249335,0.17679220061624498,-0.013874296677812148,-0.06557182573016318,-0.10401910823744143,-0.09827804839031218,-0.020679395458696993,-0.003461333889811912,0.0,0.0,0.0,0.0,0.0,0.0,0.0,0.0
2021-06-25,11.72,12.63,11.58,12.14,1927700,0.03583617747440271,0.02360876897133224,0.0,-0.03343949044585992,0.04835924006908465,-0.13471133285816095,12.084,12.011,12.970666666666665,12.010541545867063,12.257583754787847,-0.24704220892078332,-0.3375780521388102,0.09053584321802688,-0.020349440603029928,0.007457647711534339,48.83233776742444,12.011,1.141434462235572,14.293868924471143,9.728131075528855,0.3801297018518265,0.528253921768611,0.8268389333238161,0.0681086436016323,11.524396794756292,34.986064120964855,26.006893477156513,63.8888888888889,58.69467028003614,-1279332.0,-434833.75,1.03901527656347,-0.6591114127661808,1.115918690561962,316895.6,2.883129138329446,6.08307594046746,0.0864909390444811,0.010740154858046802,-0.06404194078947345,4.0,6.0,0.04036243822075791,1.0,1382.11,1390.12,0.007537761284898359,0.0089637602792918,0.05275434318343586,0.17372435094429942,0.02829841618950435,-0.04240325072515172,-0.1874656760415968,-0.17807162445392266,-0.29390081625569303,-0.04948797959585758,0.0,0.0,0.0,0.0,0.0,0.0,0.0,0.0
2021-06-28,12.14,12.77,11.72,12.63,4719009,0.04036243822075791,0.07764505119453924,0.06492411467116366,0.005573248407643394,0.09067357512953378,-0.2001266624445851,12.098,11.853,12.981166666666667,12.1058428465029,12.28517014332208,-0.1793272968191797,-0.3059279010748841,0.1266006042557044,-0.014198519146411693,0.010023800812011433,52.79355209974382,11.853,0.7383345412053408,13.329669082410682,10.376330917589318,0.24916376991659192,0.7630921203860848,0.842779009514972,0.06672834596318067,11.880127839669141,33.059159451130974,23.692506207462554,83.33333333333334,66.96025293586273,3439677.0,-264050.35,0.936023923531154,-1.2683535798711691,1.323331933579277,552786.05,3.6994692718637503,8.5367729522118,0.08313539192399041,0.06555302455074674,-0.027052011247063024,0.0,6.0,0.0387965162311954,1.0,1397.96,1405.81,0.011286795384571224,0.024172573818144638,0.0585520123489327,0.1761382002110144,0.029075642836186688,-0.018599325410501244,-0.2586786747935178,-0.24437030186122688,-0.23568117026439933,-0.03980988361733671,0.0,0.0,0.0,0.0,0.0,0.0,0.0,0.0
2021-06-29,12.63,13.75,12.63,13.12,2238010,0.0387965162311954,0.0807248764415156,0.11945392491467555,0.0807248764415156,0.14685314685314688,-0.03101920236336775,12.294,11.831999999999999,12.999833333333331,12.261867023963992,12.347009391964889,-0.0851423680008967,-0.2617707944600866,0.1766284264591899,-0.006489509756165907,0.013462532504511427,56.42635117885603,11.831999999999999,0.6923689311647105,13.21673786232942,10.447262137670577,0.23406657578252563,0.9650699728226223,0.8625805088353311,0.06574546561244902,13.02245989926285,38.108273359107024,21.49514552381321,80.43478260869564,75.88566827697264,5677687.0,19603.55,0.8062057002033705,-1.4830324447349374,2.986062468188398,663716.55,1.3353946201130698,3.371936408697357,0.08536585365853654,0.10885733603786352,0.009243708252669958,1.0,6.0,-0.03184230477634575,0.0,1408.34,1410.04,0.003008941464351489,0.021790328775263212,0.054014860440431134,0.1753667111420416,0.03578757476684391,0.05893454766625239,-0.08503406280379888,-0.08067634147801916,-0.2364591975740717,-0.03966487971368209,0.0,0.0,0.0,0.0,0.0,0.0,0.0,0.0
2021-06-30,13.19,13.33,12.28,12.77,1322400,-0.026676829268292623,0.011084718923198622,0.05189456342668852,0.07672849915682978,0.10947002606429201,0.0458640458640458,12.476,11.86,13.012666666666666,12.340041327969532,12.37834202959712,-0.038300701627587586,-0.21707677589358682,0.17877607426599923,-0.002999271858072638,0.013999692581519126,53.272783930620776,11.86,0.7192613169810554,13.29852263396211,10.42147736603789,0.24258391803745535,0.816296726417712,0.8759676153470932,0.0685957412174701,13.628693650171424,34.84545809989161,22.50872647150865,63.15789473684209,75.6420035596237,4355287.0,239342.45,0.7270368344574334,-1.7223797671511771,5.438756040548203,727631.55,0.5048161202304244,1.817403327274635,0.08222396241190295,0.07672849915682978,-0.018648496336902465,2.0,6.0,0.07550077041602465,1.0,1410.83,1408.55,-0.0010567076111316354,0.023008708156906588,0.050545205029908,0.17586918648634953,-0.025620121657160988,0.05371979099992319,-0.004681159165862203,-0.004455933113062915,-0.21998289027692058,-0.036793352968683496,0.0,0.0,0.0,0.0,0.0,0.0,0.0,0.0
2021-07-01,12.98,14.18,12.84,13.96,3808900,0.09318715740015682,0.0640243902439026,0.10530482977038802,0.19112627986348119,0.13036437246963573,0.17015926236378887,12.924000000000001,11.961500000000001,13.045333333333332,12.589265739051143,12.495501879256592,0.09376385979455115,-0.15490864875595922,0.24867250855051037,0.006716608867804523,0.017813216944878967,61.21053566804814,11.961500000000001,0.859266976464339,13.680033952928678,10.242966047071324,0.2873442215321953,1.0814549071300605,0.9141127856794438,0.06548085857302606,14.837244437572606,37.64816821252463,20.028780512508362,92.54237288135597,78.71168340896459,8164187.0,652261.35,0.7859403143438226,-1.3974476548779535,4.510742387146526,915341.55,2.1407938547789853,4.161178961011876,0.09598853868194841,0.16707770764536223,0.07011447260834025,3.0,7.0,0.07056307911617954,1.0,1412.15,1417.08,0.006055873060949235,0.02707795784651945,0.03870173278212685,0.16740260224823922,0.08713128433920758,0.16404832201696173,0.131457529581662,0.12655945921025613,-0.16507997214717512,-0.02718352808466139,0.0,0.0,0.0,0.0,0.0,0.0,0.0,0.0
2021-07-02,14.03,15.23,13.89,15.02,3718846,0.0759312320916905,0.17619420516836337,0.14481707317073167,0.23723228995057655,0.19585987261146487,0.2590108968985749,13.5,12.116,13.081666666666667,12.963224856120197,12.6825017400524,0.2807231160677972,-0.06778229579120794,0.34850541185900513,0.018689954465232837,0.023202757114447747,66.64581130386284,12.116,1.097952160783195,14.31190432156639,9.92009567843361,0.3624800794926362,1.1612309952394713,0.9445333009880549,0.0628850400125203,16.618485350667388,41.77352034887689,17.999163961691604,94.74999999999997,83.48342253939936,11883033.0,1251122.55,0.8197706595320946,-1.349918177355062,3.9103635033751685,1100668.85,1.7808293049462365,3.3787146788064364,0.0892143808255659,0.23968306371739856,0.14817174162313673,4.0,7.0,-0.02308707124010556,0.0,1422.89,1420.27,0.0022511079120444144,0.021688775069778288,0.03363778610676471,0.16628019949884237,0.07368012417964609,0.21554351488079826,0.22537311079181022,0.21803876930688304,-0.10391419578252917,-0.017034244630372945,0.0,0.0,0.0,0.0,0.0,0.0,0.0,0.0
2021-07-05,15.16,15.16,13.33,14.81,3616200,-0.013981358189081194,0.06088825214899707,0.15974941268598286,0.17260490894695169,0.17914012738853513,0.45481335952848734,13.936000000000002,12.3475,13.118,13.247344109024782,12.840094203752223,0.40724990527255933,0.02722414442154552,0.3800257608510138,0.027498305555203197,0.02566007838291788,64.71123617582228,12.3475,1.1549020236412257,14.657304047282452,10.037695952717549,0.37413307103177995,1.0330538759115087,1.007780922346051,0.06804732763984139,17.56472571754388,36.355283355996384,19.6336979191895,88.70967741935483,92.00068343357027,8266833.0,1677921.95,0.5763285558942672,0.4416277708249243,-0.666278134914806,1272730.65,1.5069768385806748,2.841292460427507,0.12356515867656989,0.1994330836201661,0.1289830766885196,0.0,7.0,-0.0715732613099258,0.0,1411.13,1411.13,-0.0064353960866594395,0.0037842951750237663,0.03852720823091316,0.16227730874349997,-0.007545962102421755,0.16882061377192792,0.4162861512975742,0.40084279737523665,-0.0686406222843569,-0.011308830037637928,0.0,0.0,0.0,0.0,0.0,0.0,0.0,0.0
2021-07-06,14.81,14.81,13.75,13.75,3002930,-0.0715732613099258,-0.08455392809587214,-0.015042979942693435,0.0480182926829269,0.13261943986820413,0.2802607076350092,14.062000000000001,12.498,13.148333333333333,13.324675784559432,12.90749463310391,0.41718115145552126,0.10521554582834067,0.31196560562718056,0.030340447378583366,0.022688407681976767,55.89195313312547,12.498,1.1302566080320327,14.758513216064065,10.237486783935934,0.3617399929691256,0.77692826370198,1.0115108564641904,0.07356442592466839,18.443377486786336,33.63399342257768,18.164063258936977,60.21505376344086,81.22491039426524,5263903.0,1952484.85,0.6441373152719174,0.13973983381888647,0.0018508664857874012,1420787.15,1.0060806677871308,2.113567820485989,0.07709090909090913,0.10017602816450633,0.04575991887438202,1.0,7.0,0.03218390804597693,1.0,1411.13,1354.79,-0.03992544981681356,-0.03918328558055095,0.026449374185531838,0.19262078085066175,-0.03164781149311224,0.08720157826347785,0.25381133344947737,0.24727116585839592,0.25190027108024504,0.04611477622091521,0.0,0.0,0.0,0.0,0.0,0.0,0.0,0.0
2021-07-07,13.05,13.82,13.05,13.47,1958966,-0.02036363636363636,-0.09047940580688718,-0.10319573901464707,0.054815974941268664,0.13575042158516037,0.22232304900181488,14.202000000000002,12.6205,13.144833333333334,13.347033356165673,12.949161697318436,0.39787165884723663,0.16374676843211988,0.23412489041511675,0.029537613871361293,0.01738120938493814,53.805923266666696,12.6205,1.0938174340114752,14.80813486802295,10.43286513197705,0.34667958765864276,0.6941594578732708,0.9942600810024624,0.07381292360820062,18.39479377832307,31.773444383561014,22.188137640686747,52.688172043010766,67.20430107526884,3304937.0,2128694.45,0.652861060645902,0.2890202411475929,-0.09794196009374455,1518330.45,0.2860303930706024,1.2902105730672793,0.05716406829992573,0.06731112079553125,0.024737222482851262,2.0,7.0,-0.005169867060561217,0.0,1354.79,1388.55,0.024918991135157498,-0.01419899897057253,0.04175106909745652,0.20820130797124767,-0.04528262749879386,0.0690149739118412,0.18057197990435836,0.17333505600411891,0.5311028683613817,0.10225106104696964,0.0,0.0,0.0,0.0,0.0,0.0,0.0,0.0
2021-07-08,13.54,13.96,13.33,13.47,1681480,0.0,-0.02036363636363636,-0.09047940580688718,-0.035100286532951275,0.14931740614334466,0.1774475524475525,14.104,12.722,13.114333333333331,13.365951301370954,12.987742312331886,0.3782089890390683,0.20663921255350956,0.17156977648555874,0.028077875949448276,0.012737177170420099,53.805923266666696,12.722,1.0724865353099475,14.866973070619895,10.577026929380104,0.3372068968118057,0.6743611633743797,0.9682415037880009,0.07188132916020794,18.46526684007391,31.329541704757492,21.156921575351127,52.688172043010766,55.19713261648749,3304937.0,2302699.05,0.6457529567474809,0.4362763861537181,0.12486088174260314,1600199.45,0.05414901630786465,1.0507940119589467,0.04677060133630295,0.05879578682597075,0.02712045344788172,3.0,7.0,-0.020786933927245843,0.0,1388.55,1374.68,-0.009988837276295293,-0.029920681965732276,0.03860741322776118,0.21020469636732278,0.009988837276295293,-0.005179604567218998,0.13884013921979133,0.13367913366640338,0.5372217589208468,0.1077097956365971,0.0,0.0,0.0,0.0,0.0,0.0,0.0,0.0
2021-07-09,13.47,13.75,13.05,13.19,1477900,-0.020786933927245843,-0.020786933927245843,-0.04072727272727272,-0.1218375499334221,0.08649093904448102,0.1390328151986182,13.738,12.8025,13.059333333333333,13.338881870390807,13.002724363270264,0.33615750712054293,0.23254287146691624,0.10361463565362669,0.025485785225211745,0.007855544780411425,51.5735459791344,12.8025,1.042254009852069,14.887008019704139,10.717991980295862,0.3256407763646379,0.5929475915508827,0.9490813963745722,0.07195461685933073,18.183996905752036,29.679022485624433,22.149622438344974,45.161290322580626,50.17921146953407,1827037.0,2401928.6,0.654124507007987,0.531330811800022,0.05248876966018489,1673214.4,-0.13425290694407807,0.8832699503422873,0.05307050796057614,0.03026752587385273,0.010005615396395884,4.0,7.0,-0.06862745098039214,0.0,1374.68,1347.14,-0.020033753309861124,-0.05149020960803219,-0.0034030212910766133,0.2110533263718945,-0.0007531806173847189,-0.07034734032538992,0.14243583648969482,0.14292220379216714,0.5803437402521945,0.12125540459582881,0.0,0.0,0.0,0.0,0.0,0.0,0.0,0.0
2021-07-12,13.26,13.33,11.44,12.35,3341530,-0.0636846095526914,-0.08314773570898304,-0.08314773570898304,-0.16610398379473335,-0.022169437846397577,0.06649395509499123,13.246,12.841,13.007833333333334,13.186746198022991,12.95437441043543,0.23237178758756194,0.2325086546910454,-0.00013686710348345676,0.018815529359316758,-1.108235655736492e-05,45.477601569218045,12.841,1.0083905884861555,14.85778117697231,10.824218823027689,0.3141159063892704,0.37827137480103007,1.0162898680621029,0.08229067757587878,17.49283888743831,25.736576377016306,30.523021837721277,24.01055408970976,40.62000548510041,-1514493.0,2334081.65,0.7009635901484242,0.42968607298714073,-0.22228015866770023,1839700.9,1.039198262731313,1.8163441676850842,0.1530364372469636,-0.03823689743789427,-0.05057209117583006,0.0,7.0,0.023064250411861664,1.0,1347.14,1296.3,-0.037739210475526086,-0.08137450128620338,-0.048042181946362006,0.24750344750926037,-0.02594539907716531,-0.08472948250852996,0.11453613704135324,0.12031639939207861,0.7946412268143991,0.17872089851244288,0.0,0.0,0.0,0.0,0.0,0.0,0.0,0.0
2021-07-13,12.14,12.63,12.14,12.42,1402333,0.005668016194332104,-0.05837755875663375,-0.07795100222717155,-0.09672727272727277,-0.05335365853658536,0.08566433566433562,12.98,12.89,12.9575,13.068785244480992,12.914791120773545,0.15399412370744692,0.2168057484943257,-0.0628116247868788,0.01239888274617125,-0.0050572966817132685,46.04988323359899,12.89,0.9593473658801283,14.808694731760257,10.971305268239744,0.29770282882238264,0.37752090204343985,0.9786977346290956,0.07880013966417838,16.851049299004135,24.81618988655718,29.431463406021102,25.85751978891821,31.67645473373622,-112160.0,2337461.35,0.6983404106764324,0.3701967324306794,-0.21377291460051726,1908707.55,-0.3654687412254533,0.7347029145454996,0.03945249597423512,-0.03646237393328167,-0.041481767316226104,1.0,7.0,-0.005636070853462183,0.0,1296.3,1297.54,0.0009565686955179675,-0.042257471637670796,-0.05106190030423585,0.24665357214791447,0.004711447498814136,-0.05446980108960198,0.13672623596857147,0.14408340861475244,0.7984491071961801,0.17896366968341043,0.0,0.0,0.0,0.0,0.0,0.0,0.0,0.0
2021-07-14,12.42,12.63,12.07,12.35,965646,-0.005636070853462183,0.0,-0.0636846095526914,-0.08314773570898304,-0.03288958496476113,0.07298001737619453,12.756,12.931999999999999,12.906,12.958202899176223,12.872954741456986,0.08524815771923677,0.19049423033930793,-0.10524607262007116,0.00690268483556573,-0.008521949200005761,45.53516860455669,12.931999999999999,0.9130204355815719,14.758040871163143,11.105959128836854,0.28240656838279377,0.3406388353100555,0.9487907535841602,0.07682516223353524,16.3207161712597,23.76996595181451,28.71765107840048,24.01055408970976,24.62620932277926,-1077806.0,2284163.25,0.6993421521822805,0.41225252238865234,-0.20682704383407297,1948594.35,-0.7315531241946535,0.495560299659085,0.045344129554655915,-0.04500463965357249,-0.043080737641407185,2.0,7.0,0.0,0.0,1297.54,1279.91,-0.013587249718698402,-0.07823989053329006,-0.0564753929171703,0.24911097068905028,0.00795117886523622,-0.004907845175692982,0.12945541029336483,0.13720406370069393,0.7899964439614959,0.17845171179146518,0.0,0.0,0.0,0.0,0.0,0.0,0.0,0.0
2021-07-15,12.42,12.56,12.14,12.42,774550,0.005668016194332104,0.0,0.005668016194332104,-0.07795100222717155,-0.11031518624641845,0.005668016194332104,12.546,12.9355,12.896666666666667,12.875402453149112,12.839402538386098,0.03599991476301412,0.15959536722404918,-0.12359545246103507,0.00289854386175637,-0.009951324674801535,46.182970750696875,12.9355,0.9108034336435781,14.757106867287156,11.113893132712843,0.2816446008715793,0.35850404682331044,0.9110199854710059,0.0733510455290665,15.828263981211297,22.987218053934136,27.771975301697736,25.85751978891821,25.241864555848746,-303256.0,2268211.55,0.6509868788669589,0.5122667727695063,0.4875836660940562,1985940.75,-0.9339844651090897,0.39001667094045983,0.033816425120772944,-0.03985157125739236,-0.03696045489790645,3.0,7.0,0.0387965162311954,1.0,1279.91,1293.92,0.010946082146400915,-0.058748217767043975,-0.04853226660391785,0.253255030415355,-0.005278065952068811,-0.019202784460127575,0.054200282798249955,0.056964919456377494,0.8286876080698624,0.20083467329912452,0.0,0.0,0.0,0.0,0.0,0.0,0.0,0.0
2021-07-16,12.63,13.33,12.42,13.12,2487407,0.056360708534621606,0.06234817813765181,0.056360708534621606,-0.005307050796057644,-0.12649800266311584,0.04458598726114649,12.532,12.9635,12.904833333333332,12.913032844972326,12.860187535542684,0.052845309429642384,0.13824535566516782,-0.08540004623552544,0.004027843706527621,-0.00650914986551261,52.29362011863909,12.9635,0.9072530837064305,14.778006167412862,11.148993832587138,0.27994078256842087,0.5431246811971817,0.9109471293659341,0.06943194583581816,14.91183562282408,27.38465309419003,25.790325284460344,44.32717678100262,31.398416886543554,2184151.0,2364345.2,0.678183864674512,0.4231447749173816,-0.03307361239789096,2098026.1,0.31553246978431426,1.1855939256427743,0.069359756097561,0.012072357002352652,0.016673339446460655,4.0,7.0,-0.027559055118110187,0.0,1293.92,1299.31,0.004165636206256762,-0.035504847306145004,-0.05694709566908851,0.2479285842801868,0.052195072328364844,0.03019779651008736,0.101533082930235,0.10766424923135354,0.8501617953398005,0.20489564570533889,0.0,0.0,0.0,0.0,0.0,0.0,0.0,0.0
2021-07-19,12.7,12.98,12.0,12.35,1950225,-0.05868902439024393,-0.005636070853462183,0.0,0.0,-0.16610398379473335,-0.01671974522292996,12.532,12.953,12.893166666666668,12.826412407284277,12.822395866243225,0.00401654104105198,0.11139959274034467,-0.10738305169929269,0.00032522599522688095,-0.008694983943262565,46.09369384385395,12.953,0.9133633622929254,14.77972672458585,11.12627327541415,0.28205461662716746,0.33495068203572975,0.9258794772683674,0.07496999815938198,14.092551556937105,25.018500369864977,26.802091934701853,24.01055408970976,31.398416886543554,233926.0,2362967.6,0.7127871024408932,0.43070325423084327,-0.3039963635492581,2193127.1,-0.21358637809420455,0.8892439476034015,0.0793522267206478,-0.04655292210298767,-0.042128259155366665,0.0,7.0,0.01140065146579805,1.0,1299.31,1243.51,-0.042945871270135605,-0.04072359793257729,-0.09406759286916366,0.28601232575520047,-0.015743153120108322,0.04072359793257729,0.0773478476462337,0.08537927006188117,0.9092268199444967,0.23318955706029612,0.0,0.0,0.0,0.0,0.0,0.0,0.0,0.0
2021-07-20,12.28,12.56,12.28,12.42,1254600,0.005668016194332104,-0.05335365853658536,0.0,0.0,-0.09672727272727277,0.023064250411861664,12.532,12.967000000000002,12.866333333333332,12.763887421548235,12.792588765040023,-0.028701343491787767,0.08337940549391819,-0.11208074898570596,-0.002310897221561012,-0.009024214894179223,46.712219118192806,12.967000000000002,0.9023250668777191,14.77165013375544,11.162349866244565,0.2783450503208818,0.3484470785310316,0.8797452288920555,0.07083294918615585,13.331787781470627,24.449733423521362,26.19277707729805,25.85751978891821,31.398416886543554,1488526.0,2482325.5,0.7018098016223483,0.3293618589806097,-0.2088067086553585,2197851.6,-0.8325805479787509,0.5708301688794639,0.022544283413848724,-0.042184005552556636,-0.0346900178761107,1.0,7.0,-0.005668016194331993,0.0,1243.51,1273.29,0.02394833978013855,-0.018689211893274993,-0.07730602839192158,0.3019188623276759,-0.018280323585806446,0.018689211893274993,0.10037027880378324,0.10877959745294219,0.8972949813572902,0.2391437146690872,0.0,0.0,0.0,0.0,0.0,0.0,0.0,0.0
2021-07-21,12.35,12.49,12.21,12.28,1755300,-0.011272141706924366,-0.005668016194331993,-0.06402439024390238,-0.005668016194331993,-0.08834446919079442,0.03541315345699836,12.518,12.988,12.830000000000002,12.689443202848507,12.75461922688891,-0.06517602404040268,0.053668319587054016,-0.11884434362745669,-0.00530749381436504,-0.009677878145558363,45.58564274540045,12.988,0.8798121809138028,14.747624361827604,11.228375638172395,0.27096155864299426,0.2988206985084454,0.8369062839711944,0.06815197752208424,12.707726105252531,23.865444981869203,26.164272641373906,22.16358839050131,24.010554089709782,-266774.0,2581663.4,0.697445266637261,0.3001505319475579,-0.1531554434495804,2217871.6,-0.4127459538533465,0.7914344545464218,0.02280130293159604,-0.05451185709886053,-0.042868277474668925,2.0,7.0,0.01700404858299609,1.0,1273.29,1270.79,-0.0019634176032168327,-0.007125501011789992,-0.07704431064661144,0.3019403528280342,-0.009308724103707533,0.001457484817457999,0.1124574641036098,0.12184492213531528,0.8861772649805495,0.23645978945776108,0.0,0.0,0.0,0.0,0.0,0.0,0.0,0.0
2021-07-22,12.35,12.63,12.28,12.56,1759413,0.0228013029315961,0.011272141706924366,0.01700404858299609,0.011272141706924366,-0.06755753526354868,0.07167235494880542,12.546,13.030000000000001,12.810166666666667,12.669528863948736,12.740202987860101,-0.07067412391136507,0.0287998308873702,-0.09947395479873528,-0.005626920693580021,-0.007919900859771917,48.27262770518116,13.030000000000001,0.8350039394802048,14.700007878960411,11.35999212103959,0.2563327519509455,0.359282101024404,0.8021272636875377,0.06386363564391223,11.940899048308294,24.368312660993997,25.348807508039215,30.107526881720453,26.042878353713345,1492639.0,2816646.95,0.6987489163756009,0.17505300463770057,-0.22275165045050063,2258167.25,-0.4589029345473789,0.7791331665092566,0.027866242038216672,-0.036070606293169605,-0.019528759709085297,3.0,7.0,-0.022169437846397577,0.0,1270.79,1293.67,0.018004548351812755,-0.0001932113268208191,-0.062367726785144795,0.3112227678844057,0.004796754579783347,0.011465353033745185,0.1340400817339502,0.1429559173281949,0.8737925323841008,0.2368339660787995,0.0,0.0,0.0,0.0,0.0,0.0,0.0,0.0
2021-07-23,12.63,12.63,12.28,12.35,1046943,-0.01671974522292996,0.005700325732899136,-0.005636070853462183,-0.05868902439024393,-0.0636846095526914,0.017298187808896026,12.392,13.0405,12.793833333333334,12.620370577187392,12.711299062833428,-0.09092848564603528,0.004854167580689102,-0.09578265322672438,-0.007362630416683019,-0.0077556804232165495,46.421170141779044,13.0405,0.8244773464061556,14.68945469281231,11.39154530718769,0.25289746448561184,0.2906249325679335,0.769832459138428,0.062334612075986076,11.228845352574359,23.576961491927083,24.52561516251221,27.00296735905044,26.42469421042409,445696.0,2902898.35,0.6922430135676303,0.35258536612951435,-0.03684328425393996,2214129.4,-1.0436932883841956,0.4728463476434575,0.028340080971660034,-0.05295042368007363,-0.034691192371324786,4.0,7.0,-0.02267206477732786,0.0,1293.67,1268.83,-0.0192011873197957,-0.02345860495185903,-0.08725146030558506,0.3136444740761261,0.002481442096865738,-0.0352304194383849,0.10454964811448109,0.11454375829457253,0.8898762999682762,0.24477185152949585,0.0,0.0,0.0,0.0,0.0,0.0,0.0,0.0
2021-07-26,12.35,12.35,11.86,12.07,2006323,-0.02267206477732786,-0.039012738853503204,-0.017100977198696965,-0.02267206477732786,-0.02267206477732786,-0.04433887569279493,12.336,13.0125,12.772833333333331,12.535698180697024,12.66379542854947,-0.12809724785244647,-0.021736115505938014,-0.10636113234650846,-0.010612862291006336,-0.008812024220920336,43.998077903952876,13.0125,0.8483164441844663,14.709132888368933,11.315867111631066,0.26076970426419727,0.22224397910084243,0.749844426342826,0.062124641784824026,11.129521991604033,22.476475013362297,27.381678892634465,25.000000000000018,27.370164746923653,-1560627.0,2652883.15,0.6816940370925084,0.5610531133322766,0.30445243152078194,2078495.1,-0.07593606136122062,0.9652767523964815,0.040596520298260164,-0.07243035542747356,-0.055025640356485606,0.0,7.0,0.0,0.0,1268.83,1272.71,0.0030579352631954215,0.023481918118873235,-0.09467851274354278,0.3095305899962996,-0.025730000040523282,-0.046153982896201096,0.05033963705074784,0.05560415582678835,0.9586702018913799,0.2529766664202586,0.0,0.0,0.0,0.0,0.0,0.0,0.0,0.0
2021-07-27,12.21,12.28,12.07,12.21,805210,0.011599005799503015,-0.011336032388663875,-0.027866242038216527,-0.016908212560386437,-0.016908212560386437,-0.06935975609756084,12.294,12.967000000000002,12.748333333333333,12.485590768282098,12.63018095236062,-0.1445901840785222,-0.04630692922045485,-0.09828325485806735,-0.011841947917978886,-0.008049406622282339,45.52907134453492,12.967000000000002,0.8664573971365943,14.699914794273191,11.234085205726814,0.26728075796609674,0.28158187508650734,0.7112841101754812,0.058254226877598785,11.0372931564173,22.002477182710276,26.804237083498332,30.555555555555596,27.51950763820204,-755417.0,2331227.95,0.6671043273092971,0.6571372040208031,0.6885368835264293,2006855.1,-1.212664006104749,0.401229764919251,0.017199017199017123,-0.058378961980411925,-0.04222774218852132,1.0,7.0,0.0,0.0,1272.71,1276.93,0.003315759285304587,0.0028587360302838594,-0.09440157726021947,0.3096348647318869,0.008283246514198428,-0.019766948590670297,0.02504182116265863,0.02765223584080201,0.9461521776125975,0.24737597429337105,0.0,0.0,0.0,0.0,0.0,0.0,0.0,0.0
2021-07-28,12.21,12.28,12.07,12.21,618900,0.0,0.011599005799503015,-0.011336032388663875,-0.005700325732898914,-0.011336032388663875,-0.04385277995301473,12.28,12.938999999999998,12.7355,12.44319218854639,12.599056437370944,-0.1558642488245532,-0.06821839314127452,-0.08764585568327866,-0.012765294744025648,-0.0071782027586632805,45.52907134453492,12.938999999999998,0.8820663538712198,14.703132707742437,11.17486729225756,0.2726845517802673,0.2933828909807758,0.675478102305804,0.05532171190055724,10.951652095172479,21.51387931904298,26.209008970432944,33.333333333333385,29.629629629629687,-755417.0,2075692.75,0.6611123762377218,0.5794642281602629,0.7358943806303685,1971680.1,-1.315587402140642,0.3138947337349502,0.017199017199017123,-0.056341293763041755,-0.041262612382709674,2.0,7.0,0.0229320229320229,1.0,1276.93,1277.07,0.0001096379597940178,0.004941807851808644,-0.0933442192325441,0.30984762808155414,-0.0001096379597940178,-0.010642133584707558,0.04949143927952937,0.05458680166097474,0.8848058214384384,0.226043419753675,0.0,0.0,0.0,0.0,0.0,0.0,0.0,0.0
2021-07-29,12.21,12.91,12.21,12.49,2618680,0.0229320229320229,0.0229320229320229,0.0347970173985086,-0.005573248407643283,0.005636070853462183,-0.10530085959885394,12.266000000000002,12.8655,12.733166666666667,12.450393390308484,12.590978182750874,-0.14058479244238953,-0.08269167300149753,-0.057893119440891996,-0.011255788025811812,-0.004635157681416493,48.77719895256662,12.8655,0.8532876049973953,14.572075209994791,11.15892479000521,0.26529481325945986,0.3899843388674482,0.6772296664268179,0.05422175071471721,10.491977506867796,26.570223132383433,24.273992662839966,55.55555555555558,39.81481481481487,1863263.0,1760646.55,0.5682787426179134,0.17938955571804016,0.7899267720681015,1912169.1,0.7455594374610622,1.3694813915777637,0.056044835868694895,-0.02918658427577636,-0.019097108600897972,3.0,7.0,-0.01671974522292996,0.0,1277.07,1293.6,0.012943691418638048,-5.4109626102638586e-05,-0.08713692946058094,0.31395753280472777,0.009988331513384852,-0.0055191387815406445,-0.018163930138273,-0.019897759833290007,0.9033619641444615,0.2324203087587497,0.0,0.0,0.0,0.0,0.0,0.0,0.0,0.0
2021-07-30,12.56,12.63,12.28,12.35,1121942,-0.011208967173738982,0.01146601146601145,0.01146601146601145,0.0,-0.05868902439024393,-0.177762982689747,12.266,12.732000000000001,12.722666666666667,12.434948253337948,12.57312794699155,-0.13817969365360128,-0.09378927713191829,-0.04439041652168299,-0.011188639162234922,-0.003594365710257732,47.25974891384054,12.732000000000001,0.6921104262365532,14.116220852473107,11.347779147526895,0.21743965637340656,0.3620162384790316,0.6538561188249025,0.05294381528946579,10.065136817727733,25.55431831909917,23.345883558865197,33.333333333333336,40.74074074074078,741321.0,1203560.95,0.48134076500920553,-0.3322675863453946,0.8101348781881459,1782323.9,-0.7669951856157726,0.6294826658611267,0.028340080971660034,-0.03000314169022944,-0.029291553133515058,4.0,7.0,-0.011084718923198733,0.0,1293.6,1310.05,0.012716450216450292,0.03248662153322357,-0.07760496243671977,0.3190370598827546,-0.023925417390189274,-0.03248662153322357,-0.10015802025302722,-0.10858473449468875,0.8673822256666998,0.2243960763644385,0.0,0.0,0.0,0.0,0.0,0.0,0.0,0.0
2021-08-02,12.63,12.77,12.35,12.49,2904870,0.011336032388663986,0.0,0.0229320229320229,0.0347970173985086,0.011336032388663986,-0.15665091154625255,12.35,12.616000000000001,12.723833333333335,12.443417752824418,12.566970321288471,-0.12355256846405283,-0.0997419353983452,-0.02381063306570763,-0.009892119172462195,-0.001906375745853293,48.9694206272872,12.616000000000001,0.4905786057515428,13.597157211503086,11.634842788496917,0.1555417266174833,0.4357901065584712,0.6371521103374095,0.05101297921036105,9.891016805592757,25.920589491462437,22.24665388450209,42.85714285714289,43.91534391534395,3646191.0,972528.85,0.48643354646085957,-0.4416697397726593,0.7217318716886002,1746757.4,1.459891920116676,1.6630071239429127,0.033626901521216966,-0.009987317691820041,-0.018377585371284977,0.0,8.0,-0.005604483586869491,0.0,1310.05,1314.22,0.003183084615091092,0.03261544263814997,-0.06867545867496272,0.31982390912572195,0.008152947773572894,0.002181574760358629,-0.08797545287128983,-0.09446272375269227,0.8741639958702527,0.2274089028659718,0.0,0.0,0.0,0.0,0.0,0.0,0.0,0.0
2021-08-03,12.49,12.49,12.28,12.42,1560880,-0.005604483586869491,0.005668016194332104,-0.005604483586869491,0.017199017199017064,0.0,-0.09672727272727277,12.392,12.5495,12.722666666666667,12.439815021620662,12.556083630822659,-0.11626860920199711,-0.10304727015907558,-0.013221339042921526,-0.009361401707085113,-0.0010645200517650183,48.129313083812406,12.5495,0.41273765084024605,13.374975301680493,11.724024698319507,0.13155509011203523,0.42156034242553014,0.6066412453133089,0.04884390058883324,9.596777422521631,25.279668938539714,22.52078656673767,38.09523809523811,38.09523809523813,2085311.0,813599.25,0.4245633568950564,-0.2931563480740797,1.5540336000979587,1674654.9,-0.1544568417071343,0.9320606890410675,0.01690821256038654,-0.010319136220566572,-0.023789561936700898,1.0,8.0,-0.005636070853462183,0.0,1314.22,1332.44,0.013863736665094217,0.04347145105839778,-0.016497021678636425,0.29421785040804105,-0.019468220251963708,-0.026272433859380717,-0.08023025104863635,-0.08157601229187206,0.8582826453887462,0.22380053484447054,0.0,0.0,0.0,0.0,0.0,0.0,0.0,0.0
2021-08-04,12.42,12.49,12.28,12.35,1372760,-0.005636070853462183,-0.011208967173738982,0.0,0.01146601146601145,0.005700325732899136,-0.08314773570898304,12.42,12.493500000000001,12.706333333333333,12.425997325986714,12.540818176687647,-0.11482085070093362,-0.10540198626744719,-0.009418864433486426,-0.009297234874569524,-0.0007626610877316945,47.25623375077997,12.493500000000001,0.3529167935334966,13.199333587066993,11.787666412933008,0.11299212983823467,0.39834714398028404,0.5783097277909297,0.046826698606553016,9.3235551382413,24.623973528527205,21.936650104445288,33.333333333333336,38.09523809523813,712551.0,683979.95,0.4205704764646246,-0.3822463588567295,1.7876017258090922,1645344.6,-0.37017479368560835,0.8343297811291324,0.01700404858299602,-0.01148597270580709,-0.02804375770613088,2.0,8.0,-0.005668016194331993,0.0,1332.44,1334.74,0.0017261565248716249,0.04515805711511511,-0.03875265564797803,0.27856972238719574,-0.007362227378333808,-0.033692045649103664,-0.04439508006100501,-0.046184866280105874,0.8932407263645626,0.23564267789108098,0.0,0.0,0.0,0.0,0.0,0.0,0.0,0.0
2021-08-05,12.35,12.35,12.21,12.28,1327900,-0.005668016194331993,-0.011272141706924366,-0.016813450760608584,-0.016813450760608584,-0.022292993630573354,-0.08834446919079442,12.378,12.434000000000001,12.677166666666666,12.403536198911835,12.521498311747822,-0.11796211283598623,-0.107914011581155,-0.01004810125483123,-0.00960603524723015,-0.000818249287852706,46.35074011700941,12.434000000000001,0.270251344998969,12.974502689997939,11.893497310002063,0.08693947080552322,0.3575400244533573,0.5470018900915775,0.04454412785762032,8.921727400023757,24.173811034126967,22.449689463246322,37.49999999999996,36.30952380952382,-615349.0,487965.65,0.4203377651248502,-0.34741914211717173,1.7800549307007907,1627665.6,-0.405257874463164,0.815830966753859,0.011400651465797948,-0.012385394884992906,-0.03132929282305463,3.0,8.0,0.07410423452768722,1.0,1334.74,1345.55,0.008098955601840041,0.04015924551638839,-0.021190386126225813,0.2789388929385428,-0.013766971796172034,-0.05697269627699697,-0.0671540830645686,-0.06860791119408505,0.9294513199134223,0.2470422766207705,0.0,0.0,0.0,0.0,0.0,0.0,0.0,0.0
2021-08-06,12.28,13.61,12.21,13.19,8592475,0.07410423452768722,0.06801619433198369,0.06199677938808379,0.06801619433198369,0.06801619433198369,0.0,12.546000000000001,12.434000000000001,12.663166666666665,12.524530629848476,12.571016955322056,-0.04648632547358034,-0.09562847435964007,0.049142148886059736,-0.0035243612944336877,0.0037257125766535057,57.698499194217355,12.434000000000001,0.270251344998969,12.974502689997939,11.893497310002063,0.08693947080552322,1.1993489708653278,0.6079303265136076,0.046090244618165854,10.442898697270973,35.00172767111672,18.756883152366587,76.0,48.94444444444445,7977126.0,795470.1,0.4985796852139472,0.20168486231027025,1.6054324519456098,1983394.35,3.8376650031835027,4.332207057058522,0.10614101592115228,0.060801029435418874,0.041603600995011814,4.0,8.0,0.03167420814479627,1.0,1345.55,1341.45,-0.0030470811192448988,0.023968550818671108,-0.0042237629348100825,0.2698718727361296,0.07715131564693212,0.044047643513312584,0.0042237629348100825,0.004241678780424252,0.913893302218182,0.23730363499887203,0.0,0.0,0.0,0.0,0.0,0.0,0.0,0.0
2021-08-09,13.26,13.82,13.12,13.68,3946273,0.0371493555724034,0.1140065146579805,0.10769230769230775,0.09527622097678146,0.13338856669428334,0.10769230769230775,12.784,12.500499999999999,12.657333333333334,12.702295148333326,12.653163847520423,0.04913130081290262,-0.06667651932513154,0.11580782013803416,0.0035914693576683207,0.008465483928218871,62.320128949733274,12.500499999999999,0.38693770748500894,13.274375414970017,11.726624585029981,0.12381511379065123,1.2620735697138654,0.6145067317626357,0.04492008273118682,12.090181330954026,34.59475672901086,17.230709216194654,92.85714285714283,68.78571428571428,11923399.0,1467364.7,0.4528813147082902,0.4628234992107272,1.7055614890805328,2013631.5,1.102912128216671,1.9597791353581824,0.051169590643274934,0.09435622575097002,0.08079637627725678,0.0,8.0,-0.015350877192982337,0.0,1341.45,1359.86,0.013723955421372391,0.03472782334768909,0.04903185990897163,0.23405411361147405,0.023425400151031006,0.060548397629092365,0.05866044778333612,0.05591865225945214,0.9420931791227197,0.24517020501650022,0.0,0.0,0.0,0.0,0.0,0.0,0.0,0.0
2021-08-10,13.68,13.82,13.47,13.47,2643450,-0.015350877192982337,0.021228203184230576,0.09690553745928354,0.08454106280193252,0.10319410319410327,0.08454106280193252,12.994,12.553,12.648,12.820403587051276,12.713670229185578,0.10673335786569815,-0.0319945438869656,0.13872790175266375,0.007923783063526217,0.010299027598564495,59.32848089127732,12.553,0.44266061610753654,13.438321232215074,11.667678767784928,0.14105333103084094,1.0178911149039465,0.5956133937795903,0.04421777236671049,13.619800919374004,33.14269247515474,16.507475429138022,82.14285714285717,83.66666666666669,9279949.0,1936970.15,0.45888934563030725,0.5441492361470939,1.542690251470042,2075687.35,0.32415866621784895,1.2735299465981713,0.025983667409057137,0.0730502668684776,0.06499051233396602,1.0,8.0,-0.020786933927245843,0.0,1359.86,1362.43,0.0018899004309267387,0.022507580078652722,0.050010018958953184,0.23399588146606998,-0.017240777623909076,0.0620334827232798,0.034531043842979336,0.03288639462432519,0.9487518439684307,0.24582444810725315,0.0,0.0,0.0,0.0,0.0,0.0,0.0,0.0
2021-08-11,13.47,13.47,13.05,13.19,3841835,-0.020786933927245843,-0.035818713450292416,0.0,0.06801619433198369,0.08026208026208015,0.06801619433198369,13.162,12.595,12.633999999999999,12.877264573658772,12.748953915912573,0.12831065774619965,6.649643966745233e-05,0.1282441613065322,0.009727873976209224,0.009722832547879623,55.50270334015005,12.595,0.46182133706498985,13.51864267412998,11.671357325870021,0.14666814992139413,0.8220942560717304,0.5830695799381911,0.044205426833827985,14.10095692052728,31.43744012026419,20.803319052795047,67.85714285714283,80.95238095238096,5438114.0,2262766.15,0.46639955174079456,0.5695233796376941,1.328640074393696,2219496.8,0.9147682683840834,1.7309486546680313,0.03184230477634571,0.04724096863834837,0.04400823175558033,2.0,8.0,0.04245640636846093,1.0,1362.43,1357.79,-0.003405679557848873,0.017269280908641438,0.06084802837699521,0.22738203623908562,-0.01738125436939697,0.050746913423342255,0.007168165954988481,0.006757014919427373,0.9561047065630645,0.2475640073042518,0.0,0.0,0.0,0.0,0.0,0.0,0.0,0.0
2021-08-12,13.19,13.82,13.05,13.75,6770440,0.04245640636846093,0.020786933927245732,0.005116959064327409,0.11970684039087964,0.10088070456365084,0.10708534621578103,13.456,12.6615,12.629333333333333,13.011531562326653,12.823105477696826,0.18842608462982646,0.03773841407769926,0.1506876705521272,0.013703715245805562,0.010959103312881979,60.92924310509543,12.6615,0.5265206048850298,13.71454120977006,11.60845879022994,0.16633751289658563,1.0168363734965715,0.5964217527997488,0.04337612747634537,15.009738354004986,32.730050240144095,18.88490722000616,96.42857142857142,82.14285714285717,12208554.0,2888356.65,0.4863138947915389,0.420375558805283,0.609555488665655,2519291.3,2.11742435796437,2.6874383283902104,0.055999999999999966,0.08596927694191048,0.08873521959459452,3.0,8.0,0.005090909090909035,1.0,1357.79,1353.05,-0.0034909669389228126,0.005573928876667633,0.045698343019661136,0.22651135119284443,0.04594737330738374,0.11413291151421201,0.061387003196119894,0.05870431334800896,0.9413364648325746,0.24219107237204193,0.0,0.0,0.0,0.0,0.0,0.0,0.0,0.0
2021-08-13,13.75,14.18,13.47,13.82,4449424,0.005090909090909035,0.047763457164518686,0.02598366740905722,0.047763457164518686,0.11902834008097174,0.05335365853658547,13.581999999999999,12.696499999999999,12.625833333333334,13.135911321968706,12.89694951638595,0.23896180558275582,0.07798309237871058,0.16097871320404522,0.017291013428564095,0.011648242634156673,61.56029361327173,12.696499999999999,0.5792306603545905,13.85496132070918,11.538038679290818,0.18248514483663703,0.9849104497128239,0.6045344847426238,0.04374345041552995,16.284989184190973,34.23790045400752,17.300655858645165,82.93838862559244,82.40803430376893,16657978.0,3612048.0,0.44777815507423524,0.5003169447177503,1.628266001982618,2617392.15,0.8921636213458921,1.6999454972767456,0.05137481910274957,0.08848895364864351,0.09458121576133571,4.0,8.0,0.056155507559395135,1.0,1353.05,1357.05,0.0029562839510735017,0.011629207201162783,0.04443897145407938,0.22642235679243605,0.002134625139835533,0.0361342499633559,0.00891468708250609,0.008535383422254794,0.9440249670766078,0.24252535372509243,0.0,0.0,0.0,0.0,0.0,0.0,0.0,0.0
2021-08-16,13.89,14.95,13.82,14.67,10567985,0.061505065123010016,0.06690909090909081,0.11220621683093257,0.07236842105263164,0.17453963170536424,0.1878542510121457,13.780000000000001,12.8125,12.6365,13.371924964742751,13.02828658924625,0.3436383754965018,0.13111414900226884,0.21252422649423294,0.023424565473517504,0.01448699567104519,68.26342741201572,12.8125,0.7211166414155192,14.254733282831038,11.370266717168962,0.22512909780777185,1.143966555935324,0.6420677358324364,0.043767398488918634,18.235172174544726,38.49993102769783,15.125791740595721,90.27777777777779,89.8815792773139,27225963.0,4961649.85,0.43118935361521193,1.0794765093301235,0.5221682367635655,3048280.15,2.7784478655339924,3.4668680304859776,0.0770279481935923,0.14497560975609747,0.160922723855498,0.0,8.0,-0.03324287652645863,0.0,1357.05,1370.96,0.01025017501197456,0.008162604974041532,0.10249213918665712,0.15202950039028296,0.051254890111035456,0.0642058160785901,0.08536211182548858,0.07742650381930427,0.9853957905569147,0.2513426656547296,0.0,0.0,0.0,0.0,0.0,0.0,0.0,0.0
2021-08-17,14.74,14.88,14.1,14.25,6929755,-0.02862985685071573,0.03111432706222872,0.036363636363636376,0.057906458797327254,0.1473429951690821,0.1473429951690821,13.936000000000002,12.904,12.675166666666666,13.507013431705404,13.118783878931712,0.38822955277369253,0.1825372297565536,0.20569232301713894,0.027244179142013512,0.014434548983658873,62.46696186626512,12.904,0.7822060571163844,14.468412114232768,11.339587885767232,0.24246932954630626,0.9301935493065766,0.6519200404158338,0.04574877476602343,20.046056379873207,35.20965611010327,13.833113757951109,74.45255474452556,82.55624038263194,20296208.0,5902033.95,0.4514033917973104,1.0068584894042574,0.3333705030406371,3332037.9,1.2829633595525212,2.079734747314849,0.054736842105263236,0.1043087414755115,0.12424557205033482,1.0,8.0,-0.0049122807017544234,0.0,1370.96,1363.09,-0.005740503005193576,0.00048442855779740057,0.07052596030754965,0.13872452971749435,-0.022889353845522153,0.05742203023952985,0.07681703486153246,0.07175634941114728,1.1391951655757881,0.3103759148409427,0.0,0.0,0.0,0.0,0.0,0.0,0.0,0.0
2021-08-18,14.25,14.53,14.03,14.18,4949685,-0.0049122807017544234,-0.03340149965916839,0.026049204052098318,0.07505686125852917,0.14817813765182186,0.1547231270358307,14.134,12.999,12.706833333333334,13.61054982682765,13.197392480492326,0.41315734633532486,0.22866125307230786,0.184496093263017,0.02913662527047425,0.013011007987518829,61.529205738171655,12.999,0.8170350762296341,14.633070152459268,11.364929847540733,0.2514147476666309,0.8613675943540734,0.64106860895756,0.04520935183057546,21.557720112562663,33.24810675228528,13.842411082522986,71.89781021897811,78.87604758042717,15346523.0,6682698.8,0.4484933944526464,1.0009100246183273,0.36724329805779726,3491757.15,0.5205657202143543,1.4175341489599298,0.03526093088857546,0.09085314254942678,0.1159349956060387,2.0,8.0,0.04421052631578948,1.0,1363.09,1360.94,-0.001577298637654101,0.0023199463834613354,0.07094012385996118,0.1385313398393768,-0.0033349820641003225,0.07273691487506784,0.08378300317586951,0.07823313489636807,1.1296955751927598,0.3077489800639947,0.0,0.0,0.0,0.0,0.0,0.0,0.0,0.0
2021-08-19,14.25,15.3,13.82,14.88,14647913,0.04936530324400579,0.04421052631578948,0.014314928425357865,0.08218181818181813,0.21172638436482094,0.1847133757961783,14.36,13.115,12.750166666666669,13.805849853469551,13.32203007452993,0.4838197789396208,0.27969295824577045,0.20412682069385035,0.032514770090028275,0.013718200315446932,66.88314347839317,13.115,0.9107457904030837,14.936491580806168,11.293508419193833,0.277772257843106,0.9844930436677712,0.7009922797463057,0.04710969621950979,23.65019357509187,36.08009249690477,11.754883669693243,86.40776699029126,77.58604398459833,29994436.0,8107788.65,0.46984738213949295,0.8773620018887246,-0.22542142857416136,4136182.15,2.8297523434152225,3.541409074549582,0.09946236559139787,0.13457872664887538,0.16704356805793386,3.0,8.0,-0.009408602150537626,0.0,1360.94,1374.85,0.010220876746954266,0.01611174753335054,0.06275170638570882,0.13020406704195597,0.03914442649705152,0.0660700706484676,0.12196166941046949,0.11476026684092244,1.1625532211153509,0.3154255845963571,0.0,0.0,0.0,0.0,0.0,0.0,0.0,0.0
2021-08-20,14.88,15.23,14.53,14.74,9603107,-0.009408602150537626,0.03949224259520445,0.03438596491228063,0.06657018813314042,0.1175132676269901,0.1935222672064778,14.544,13.2345,12.761999999999999,13.949565260628082,13.42706488382401,0.5225003768040732,0.32825444195743103,0.1942459348466422,0.03544778675739981,0.013178150260966229,64.93667710980124,13.2345,0.96052329487634,15.155546589752682,11.31345341024732,0.2903089032079309,0.891843698125463,0.7009214026215697,0.047552333963471485,25.593204647440416,33.50633084816934,10.916352871109556,81.87702265372167,80.06086662099703,20391329.0,9105070.3,0.4652505230044512,0.8868930721118389,-0.17969616460083532,4563990.35,1.3153239908214218,2.1041032656872294,0.04748982360922666,0.11375571423174269,0.15499138066133855,4.0,8.0,-0.014112903225806495,0.0,1374.85,1329.43,-0.0330363312361347,-0.02035297151910387,0.04776053529629665,0.16595740780701773,0.02362772908559707,0.08692315965224429,0.14576173191018116,0.13911740994230248,0.9663483973914775,0.29188574935245953,0.0,0.0,0.0,0.0,0.0,0.0,0.0,0.0
2021-08-23,14.88,15.09,14.6,14.67,5591317,-0.004748982360922693,-0.014112903225806495,0.03455571227080401,0.0,0.07236842105263164,0.21541010770505387,14.544,13.364500000000001,12.743333333333334,14.060401374377609,13.519134151688897,0.5412672226887114,0.3708569981036871,0.1704102245850243,0.0368961978656245,0.011616238894684683,63.93478234684958,13.364500000000001,0.9705151914535968,15.305530382907195,11.423469617092808,0.2904755707893589,0.8362904598238889,0.6858555881486005,0.046752255497518776,27.397429214621212,31.79646422325552,10.359278820695822,79.61165048543687,82.63214670981661,14800012.0,9923102.25,0.4531149150709641,0.9304952517243379,-0.06679632320878244,4743240.05,0.2238407876747848,1.1787969702271341,0.03340149965916839,0.09768416326836005,0.15119016479204817,0.0,8.0,-0.06748466257668717,0.0,,,,,,,,,,,,,0.0,0.0,0.0,0.0,0.0,0.0,0.0,0.0
2021-08-24,14.67,14.74,13.61,13.68,8941894,-0.06748466257668717,-0.07191316146540028,-0.08064516129032262,-0.040000000000000036,0.015590200445434244,0.12039312039312033,14.430000000000001,13.437999999999999,12.745666666666667,14.001878086011823,13.531050140452683,0.4708279455591402,0.3908511875947777,0.07997675796436249,0.03441724748239329,0.005846254237161,51.76937161112519,13.437999999999999,0.9334350821732001,15.304870164346399,11.571129835653599,0.2778494068085132,0.5648143627290563,0.7175801889951291,0.052454692178006516,26.826374006169615,28.219959551890724,19.04860285238715,47.572815533980545,69.68716289104638,5858118.0,10253779.0,0.5302243279928376,0.2421043480377355,0.4502454669052611,5150074.25,1.0029999358554789,1.7362650645279532,0.08260233918128661,0.01800863223694016,0.07330596019562208,1.0,8.0,-0.025197984161267173,0.0,1298.86,1298.74,-0.023085081576314725,-0.0526784151251678,0.02045242042570572,0.1889147810712789,-0.044399581000372446,0.012678415125167763,0.09994069996741461,0.09793763821513801,,,0.0,0.0,0.0,0.0,0.0,0.0,0.0,0.0
2021-08-25,13.89,13.89,13.19,13.54,5084578,-0.01023391812865504,-0.07702794819359238,-0.08141112618724566,-0.04513399153737663,0.02653525398028811,0.10892710892710888,14.302000000000001,13.504499999999998,12.767833333333334,13.93081991893308,13.531713093011744,0.3991068259213364,0.3925023152600895,0.0066045106612468985,0.02947613189965557,0.00048777774455294675,50.311450749561324,13.504499999999998,0.8875956582992575,15.279691316598512,11.729308683401484,0.262903671605541,0.5099989222761699,0.7163244612097628,0.05290431766689534,25.554395340548957,26.25018460491826,21.907041965191713,43.04207119741095,56.742179072276144,773540.0,10330226.85,0.5330547425128402,0.2825533152240312,0.38963191135624087,5373358.15,-0.07960737545787896,0.9462570441168154,0.05169867060561308,0.0026287533785034345,0.06047750205594782,2.0,8.0,0.03618906942392908,1.0,1298.74,1309.55,0.00832345196113149,-0.03927840421395501,0.025545644632047004,0.1905299152859715,-0.01855737008978653,-0.005855587323421618,0.08338146429506188,0.08130448871924956,,,0.0,0.0,0.0,0.0,0.0,0.0,0.0,0.0
2021-08-26,13.54,14.25,13.47,14.03,3037934,0.03618906942392908,0.025584795321637488,-0.04362644853442399,-0.05712365591397861,0.02036363636363636,0.1232986389111288,14.132,13.5815,12.802833333333334,13.946078392943376,13.568623234270133,0.37745515867324286,0.3894928839427202,-0.012037725269477328,0.026903432549767847,-0.00085799895006966,55.07967502211177,13.5815,0.8613653482454536,15.304230696490908,11.858769303509092,0.2536878395598289,0.6301712452542829,0.720872713980494,0.05138080641343507,24.856194574179472,27.78848431413352,20.213906448293006,43.55555555555549,44.72348076231568,3811474.0,10427637.4,0.5407559075967681,0.24010453840996265,0.18591660301179894,5394320.85,-0.6523815101499837,0.5631726559238686,0.05559515324305056,0.03302286198137172,0.0958511787755314,3.0,8.0,0.024561403508772006,1.0,1309.55,1301.12,-0.006437325798938631,-0.04395491351565839,0.018832170515320268,0.1924937889736646,0.04262639522286771,-0.013168742398320221,0.10446646839580853,0.10253550233201802,,,0.0,0.0,0.0,0.0,0.0,0.0,0.0,0.0
2021-08-27,14.25,14.88,13.82,14.6,6731437,0.040627227369921526,0.07828655834564269,0.067251461988304,-0.009497964721845387,0.05643994211287984,0.18218623481781382,14.104,13.693999999999999,12.847333333333333,14.046681717105933,13.645021513213086,0.4016602038928472,0.3919263479327456,0.009733855960101567,0.027510972869373096,0.0006667024630206553,59.90031578560011,13.693999999999999,0.8386919640287716,15.371383928057542,12.016616071942456,0.24498085702607605,0.7700633959958033,0.7450960915533159,0.05103397887351479,24.946861298451246,31.004196738658166,18.15983381849666,68.88888888888884,51.82883854728512,10542911.0,10917716.9,0.5496299780250756,0.04292201413518511,-0.0465904099262619,5674795.6,0.3038010506093399,1.1861990236265074,0.07260273972602743,0.0661603622024245,0.13642260391261485,4.0,8.0,0.06232876712328772,1.0,1301.12,1313.2,0.009284308903098948,-0.04484125540968098,0.01515151515151536,0.18990414449295373,0.03134291846682258,0.03534329068783559,0.16703471966629846,0.16454166414889104,,,0.0,0.0,0.0,0.0,0.0,0.0,0.0,0.0
2021-08-30,14.6,15.79,14.6,15.51,14401494,0.06232876712328772,0.10548823948681396,0.1454948301329395,0.05725971370143146,0.05725971370143146,0.24179343474779813,14.272,13.844999999999999,12.936166666666669,14.271807606781943,13.783168067789894,0.4886395389920484,0.41126898614460616,0.07737055284744221,0.03150480586666979,0.004988430228719678,66.14652290623546,13.844999999999999,0.8812939052146855,15.60758781042937,12.082412189570627,0.2546172351649508,0.9723168939862356,0.7768749421566504,0.050088648752846576,25.87761621736671,35.978798270386775,16.172917017850306,89.78102189781023,67.40848878075154,24944405.0,11982627.6,0.5814289008827626,-0.01535643534787131,-0.4594378639314105,6249626.8,2.080430893472205,2.3043766389378644,0.07672469374597031,0.12026002166847238,0.19896414445289023,0.0,8.0,-0.01797175866495504,0.0,1313.2,1328.14,0.011376789521778896,-0.0009703406723181596,0.013808633258272751,0.18884774858866524,0.050951977601508824,0.05823005437374962,0.22798480148952538,0.22487952263417466,,,0.0,0.0,0.0,0.0,0.0,0.0,0.0,0.0
2021-08-31,15.58,15.79,15.16,15.3,12854218,-0.013539651837524147,0.047945205479452024,0.09052031361368496,0.11842105263157898,0.0736842105263158,0.23188405797101463,14.596,13.989,13.012166666666667,14.429991051892413,13.895525988694347,0.5344650631980663,0.4359082015552982,0.09855686164276811,0.03493235707176904,0.006441624943971771,63.68133420712368,13.989,0.8714349931971739,15.731869986394349,12.246130013605653,0.24917720872033,0.8761037857769869,0.7663838748597468,0.05009044933723835,26.741888642073928,33.866219998220366,15.223286826405513,82.11678832116793,80.2622330359557,12090187.0,12482871.4,0.5851982456587473,0.008310073887197972,-0.5264771951467656,6814293.7,1.5026440746483463,1.8863610178704213,0.041176470588235224,0.09371649152905848,0.17582262754089117,1.0,8.0,0.02287581699346397,1.0,1328.14,1331.47,0.0025072658002920356,0.025201348999799755,0.013125656282814147,0.18874765819838077,-0.016046917637816183,0.09321970363177923,0.2187584016882005,0.21592425414516803,,,0.0,0.0,0.0,0.0,0.0,0.0,0.0,0.0
2021-09-01,15.3,15.72,15.09,15.65,9509873,0.02287581699346397,0.009026434558349505,0.07191780821917804,0.15583456425406217,0.1036671368124118,0.2672064777327936,15.018,14.154,13.089333333333334,14.617684736216658,14.02548702656884,0.5921977096478184,0.46716610317380225,0.12503160647401612,0.0378401092426721,0.00798924003028857,65.9584538946018,14.154,0.8570659865280522,15.868131973056105,12.439868026943895,0.24221166780501696,0.9363724682565719,0.7566421695126221,0.04834774246087042,27.405359119985945,31.852084438076314,14.97872220306785,94.61538461538466,88.83773161145429,21600060.0,13527246.85,0.5831178092985695,-0.11356654395369498,-0.4762512704025964,7221149.35,0.5947972437164288,1.3169472806984668,0.04025559105431315,0.10569450332061603,0.19563002954059283,2.0,9.0,-0.009026434558349505,0.0,1331.47,1334.65,0.00238833770193847,0.019166889389484965,0.0016586112695506916,0.18243896709289806,0.0204874792915255,0.1366676748645772,0.2655478664632429,0.26510815508956154,,,0.0,0.0,0.0,0.0,0.0,0.0,0.0,0.0
2021-09-06,15.51,16.14,15.3,15.37,13781369,-0.017891373801916965,0.004575163398692794,-0.009026434558349505,0.09550962223806136,0.032930107526881525,0.251628664495114,15.286000000000001,14.308499999999999,13.154833333333332,14.73342554602948,14.125080580156332,0.6083449658731475,0.49540187571367134,0.11294309015947612,0.03958002380436874,0.007348281728007555,62.57816759881824,14.308499999999999,0.7761597434604386,15.860819486920876,12.756180513079121,0.21697864722659646,0.8419077093806095,0.7625963002617205,0.04961589461689789,28.40323695685905,33.27993680680892,13.800217492416051,73.89830508474573,83.54349267376612,7818691.0,13948948.85,0.5897582653420567,-0.08020094430832088,-0.5922634789774739,7843822.8,1.5415485234814972,1.7569709759379062,0.05465191932335718,0.07418667225774889,0.16839184583613132,0.0,9.0,-0.04533678756476678,0.0,1334.65,1346.39,0.008796313640280218,0.03479310132808666,0.008728291652306819,0.18495974483019367,-0.026687687442197183,0.0607165209099747,0.2429003728428072,0.24079861232496413,,,0.0,0.0,0.0,0.0,0.0,0.0,0.0,0.0
2021-09-07,15.44,15.44,14.6,14.74,9702788,-0.040988939492517806,-0.058146964856230055,-0.036601307189542465,0.009589041095890538,0.0,0.1175132676269901,15.313999999999998,14.386,13.2075,14.734437000486484,14.170630166811419,0.5638068336750646,0.50908286730595,0.054723966369114585,0.03825012440129339,0.0037126164429521426,55.66563224721204,14.386,0.7348855979711534,15.855771195942307,12.916228804057692,0.20433354593942826,0.6204269075953154,0.7681251359573119,0.052111610309179913,28.012855714176,30.68036531131303,19.23160719073065,52.54237288135593,73.6853541938288,-1884097.0,13455887.7,0.5700159328059644,-0.04055008976059498,-0.715075512064673,7899338.45,0.46588866186157424,1.2283038714463488,0.056987788331071904,0.024607257055470733,0.1160325572591332,1.0,9.0,-0.009497964721845387,0.0,1346.39,1341.9,-0.003334843544589572,0.021855010660980945,-0.0027126453866447298,0.18317351029856543,-0.037654095947928234,-0.012265969565090407,0.12022591301363483,0.12055293036403336,,,0.0,0.0,0.0,0.0,0.0,0.0,0.0,0.0
2021-09-08,14.74,15.09,14.46,14.6,5950877,-0.009497964721845387,-0.050097592713077344,-0.06709265175718859,-0.05867182462927145,-0.0047716428084526585,0.067251461988304,15.132,14.432000000000002,13.257833333333334,14.713754385027025,14.202435339640203,0.5113190453868217,0.5095301029221243,0.0017889424646974073,0.03502185242375491,0.0001225303058011923,54.23198535853828,14.432000000000002,0.7169423378414979,15.865884675682999,12.998115324317006,0.19870907368112478,0.5585821171148142,0.7582590548175039,0.05193555169982903,27.410434293153738,28.8595938609261,19.40908964288482,47.79661016949151,58.07909604519774,-7834974.0,12467969.05,0.5603706277803036,0.13328874862406265,-0.5480021855816803,7999568.65,-0.540792289668979,0.7438997351438442,0.04315068493150678,0.011640798226163929,0.10123574741976427,2.0,9.0,0.019178082191780854,1.0,1341.9,1333.61,-0.00617780758625841,0.004118541719999147,-0.005844422080584555,0.18418228521985508,-0.0033201571355869763,-0.0627903663492706,0.07309588406888856,0.07352559870142739,,,0.0,0.0,0.0,0.0,0.0,0.0,0.0,0.0
2021-09-09,14.6,15.16,14.46,14.88,4591310,0.019178082191780854,0.009497964721845387,-0.03188028627195827,-0.027450980392156876,0.08771929824561409,0.1046770601336302,15.048000000000002,14.502500000000001,13.315166666666666,14.739330633484407,14.25262531448167,0.4867053190027377,0.5049651461382471,-0.018259827135509332,0.03270869079319474,-0.0012271389203971324,56.637374253910295,14.502500000000001,0.6860249726927272,15.874549945385455,13.130450054614547,0.18921564494196916,0.6375678783668285,0.7540976937591107,0.050678608451553135,26.934328686146007,27.609119683839538,18.122181474121415,57.28813559322035,52.54237288135595,-3243664.0,11841788.4,0.5580794020140399,-0.014523119127154817,-0.5187352850995849,8096961.65,-0.9561441282981644,0.567041094976657,0.04704301075268812,0.026029994828477898,0.11752262457598484,3.0,9.0,0.0,0.0,1333.61,1343.98,0.007775886503550655,0.009395630393474796,-0.011677672701601582,0.17935296818014151,0.011402195688230199,-0.03684661078563167,0.11635473283523179,0.11772953986913359,,,0.0,0.0,0.0,0.0,0.0,0.0,0.0,0.0
2021-09-10,14.88,15.02,14.74,14.88,3771344,0.0,0.019178082191780854,0.009497964721845387,-0.049201277955271516,0.09896602658788778,0.1281273692191054,14.894,14.587,13.371333333333332,14.760972074486807,14.299097513408952,0.4618745610778543,0.4963470291261685,-0.03447246804831422,0.031039957061683755,-0.002316698121526493,56.63737425391029,14.587,0.6163995628265792,15.819799125653159,13.35420087434684,0.16902709613397668,0.6188352562485654,0.720233572776317,0.04840279386937615,26.49223062249597,26.84244840587027,17.618950795655127,57.28813559322035,54.124293785310755,-3243664.0,11407699.5,0.5498738267772016,-0.08969906382994479,-0.35266635697342036,8093437.1,-1.1774305406868446,0.46597557420938013,0.018817204301075224,0.02008637828203197,0.11282843894899552,4.0,9.0,-0.041749502982107334,0.0,1343.98,1345.31,0.000989598059494945,0.007987112726182799,-0.012565783196200941,0.1792205588460544,-0.000989598059494945,-0.057188390681454315,0.14069315241530633,0.1424835700657736,,,0.0,0.0,0.0,0.0,0.0,0.0,0.0,0.0
2021-09-13,15.09,15.16,14.32,14.46,7045690,-0.028225806451612878,-0.028225806451612878,-0.009589041095890316,-0.05920624593363688,0.03064861012116893,0.0516363636363637,14.712,14.622499999999999,13.4065,14.714668678411913,14.3110162161194,0.40365246229251284,0.4778081157594374,-0.07415565346692454,0.027915108042359117,-0.005128330115278322,51.89286295335035,14.622499999999999,0.5853193010748016,15.793138602149602,13.451861397850395,0.1601147002427223,0.43059343861478483,0.7287883175780087,0.050400298587690774,25.291312026274664,24.632551697173618,20.284831827773527,43.05084745762715,52.542372881355966,-10289354.0,10282804.1,0.545992891090446,0.12518984567375402,-0.2937839542134369,8107199.6,-0.28954928989404694,0.8690658115781434,0.05809128630705393,-0.011113010771071852,0.07858128519747898,0.0,9.0,-0.004817618719889727,0.0,1345.31,1341.43,-0.0028840936289775687,-0.0036839251628428826,-0.012048991375691265,0.17912066953262257,-0.02534171282263531,-0.055522320770794,0.06368535501205497,0.06446205779043113,,,0.0,0.0,0.0,0.0,0.0,0.0,0.0,0.0
2021-09-14,14.53,15.09,14.25,14.46,5961719,0.0,-0.028225806451612878,-0.028225806451612878,-0.01899592944369055,-0.009589041095890316,0.04630969609261948,14.656,14.654500000000002,13.438166666666666,14.675488881733157,14.322052051962407,0.3534368297707502,0.4529338585617,-0.09949702879094979,0.02444238103532159,-0.006880845697852683,51.89286295335035,14.654500000000002,0.5558916497987343,15.766283299597472,13.542716700402533,0.151732682738745,0.4125279179537857,0.7367320091795795,0.050949654853359574,24.0493934996557,22.62645845917754,19.311492946427844,43.05084745762715,47.79661016949157,-10289354.0,8935437.5,0.5460432440143371,0.14976908086788332,-0.2899517229274726,8182814.35,-0.6166810966164351,0.7285658387202687,0.05809128630705393,-0.013272373673615667,0.07603963834352423,1.0,9.0,0.0,0.0,1341.43,1339.7,-0.0012896684881059661,-0.001639466428198899,-0.009866597686707723,0.17881060835873488,0.0012896684881059661,-0.017356463015491652,0.0561762937793272,0.056736085913352774,,,0.0,0.0,0.0,0.0,0.0,0.0,0.0,0.0
2021-09-15,14.6,14.88,14.32,14.6,5848214,0.009681881051175623,0.009681881051175623,-0.018817204301075363,0.0,-0.05867182462927145,-0.0047716428084526585,14.656,14.651,13.472166666666665,14.663875207620364,14.34264078885408,0.32123441876628434,0.4265939706026169,-0.10535955183633255,0.0220023574497455,-0.007216407660022778,53.40191613421264,14.651,0.5560092767118573,15.763018553423715,13.538981446576285,0.15180104476468703,0.4770687279259056,0.724108294238181,0.04959645850946445,22.896183439223805,21.376564837506912,18.244719200009424,47.79661016949151,44.63276836158195,-4441140.0,7352082.35,0.5013348349916392,0.09312153900599623,0.15496293584593493,7946825.8,-0.5842791685223829,0.7359182329125674,0.03835616438356168,-0.0034809910586308668,0.08371580913735732,2.0,9.0,-0.004748982360922693,0.0,1339.7,1345.83,0.004575651265208647,0.009163098657028579,-0.008267934121808374,0.1793096125522006,0.005106229785966976,-0.009163098657028579,0.003496291313355715,0.003525439414182596,,,0.0,0.0,0.0,0.0,0.0,0.0,0.0,0.0
2021-09-16,14.74,14.74,14.53,14.67,3721536,0.004794520547945158,0.014522821576763434,0.014522821576763434,-0.014112903225806495,-0.04117647058823537,0.02947368421052632,14.614,14.672,13.514333333333333,14.664817483371078,14.366889619309333,0.29792786406174443,0.40086074929444243,-0.102932885232698,0.020308647856969626,-0.007016556593912611,54.175920605685974,14.672,0.5479396816594069,15.767879363318814,13.576120636681187,0.14938377362579242,0.4990874908010204,0.6873862732211682,0.046856596674926254,21.825345525965616,20.910089894590158,17.846586739904147,44.943820224719076,45.26375928394592,-719604.0,6301291.75,0.489715817589269,-0.032767175918502964,0.4474918013257761,7786414.85,-1.0958534634827657,0.4779524430296698,0.014314928425357932,-0.0001363140676118313,0.08551414547517444,3.0,9.0,0.019086571233810412,1.0,1345.83,1345.87,2.972143584245579e-05,0.0014062709266506879,-0.01830104452354564,0.1749093274550462,0.004764799112102702,-0.015519174152457182,0.04777472873407196,0.04866535557317064,,,0.0,0.0,0.0,0.0,0.0,0.0,0.0,0.0
2021-09-17,14.67,15.09,14.53,14.95,10070467,0.019086571233810412,0.023972602739726012,0.03388658367911468,0.0047043010752687575,-0.04472843450479236,0.05430183356840623,14.628,14.7105,13.565833333333332,14.708691716698604,14.410082980841976,0.2986087358566287,0.3804103466068797,-0.081801610750251,0.019973828485393228,-0.005471679648846221,57.235774545207924,14.7105,0.5385211230770541,15.787542246154107,13.633457753845892,0.14643176590246523,0.6111841252537697,0.6782872537053705,0.04537038486323548,21.43477378106395,23.362732775800797,16.794136667023597,48.70689655172409,47.14910898197824,9350863.0,6001508.75,0.4926848170981155,-0.1505805907320704,0.37532829533580264,8042453.95,0.551116025977762,1.2521634643615212,0.03745819397993314,0.01628088780123038,0.10203329442840481,4.0,9.0,0.0,0.0,1345.87,1352.64,0.005030203511483533,0.005448558324847141,-0.007666405006272359,0.17510549400245734,0.014056367722326879,-0.0007442572495783839,0.06196823857467859,0.06244698243343283,,,0.0,0.0,0.0,0.0,0.0,0.0,0.0,0.0
2021-09-20,14.95,15.44,14.74,14.95,9706864,0.0,0.019086571233810412,0.023972602739726012,0.03388658367911468,-0.02732595966167861,0.0047043010752687575,14.725999999999999,14.713999999999999,13.619666666666667,14.745816067975742,14.45007683411294,0.2957392338628022,0.36347612405806423,-0.06773689019526202,0.0197818885526958,-0.004530895665234918,57.235774545207924,14.713999999999999,0.5399064246409676,15.793812849281935,13.634187150718063,0.14677352851460324,0.6092781958266834,0.6798381641549869,0.04547412469264127,21.60952130164885,25.321821616989073,15.558979716994314,37.03703703703699,43.5625846044934,9350863.0,4969330.1,0.4613753817108321,-0.13544081896815838,0.9711140432545861,7795401.5,0.567965838434669,1.2452038551189442,0.04682274247491634,0.016039146391192194,0.09767737830098633,0.0,9.0,-0.013916500994035741,0.0,1352.64,1350.48,-0.0015968772178850399,0.006746531686334656,-0.007685864182109481,0.175107363104993,0.0015968772178850399,0.027140051992780023,0.012390165257378238,0.01248613197187387,,,0.0,0.0,0.0,0.0,0.0,0.0,0.0,0.0
2021-09-21,15.09,15.09,14.39,14.88,5434299,-0.004682274247491569,-0.004682274247491569,0.014314928425357865,0.029045643153526868,0.009497964721845387,0.009497964721845387,14.809999999999999,14.720999999999998,13.665333333333335,14.766459749825628,14.481922994549018,0.28453675527661026,0.34768825030177347,-0.0631514950251632,0.0191220937685894,-0.004244052085024408,56.14870809851812,14.720999999999998,0.5411673542106268,15.803334708421252,13.638665291578745,0.14704635669061256,0.5734523242962095,0.6812782952867735,0.04578483167249822,20.990300906610965,23.4634164841549,18.086656036735885,33.333333333333364,39.692422307364836,3916564.0,4145591.85,0.46031429828527387,-0.16147524970950128,1.017842297586098,7586961.1,-0.6375086016903577,0.7162682038794163,0.04704301075268812,0.010800896678214933,0.0888867206556736,1.0,9.0,0.018817204301075252,1.0,1350.48,1339.84,-0.00787868017297566,0.000104501007688107,-0.02546459613776053,0.172412285789735,0.0031964059254840915,0.02894114214583876,0.03496256085960592,0.03587613207385143,,,0.0,0.0,0.0,0.0,0.0,0.0,0.0,0.0
2021-09-22,14.88,15.23,14.67,15.16,7684065,0.018817204301075252,0.01404682274247504,0.01404682274247504,0.03835616438356171,0.03835616438356171,0.03340149965916828,14.922,14.745500000000002,13.7075,14.82700440369861,14.53215092087872,0.29485348281988877,0.33712129680539654,-0.042267813985507774,0.01944943818073145,-0.002788114378991278,59.46507502233416,14.745500000000002,0.5497604741590119,15.845020948318025,13.645979051681978,0.14913308444176504,0.688491179105807,0.6726155599091469,0.044367780996645574,20.643219266818463,23.554796083880646,17.01105463142918,48.14814814814814,39.50617283950618,11600629.0,3985622.7,0.4640820574566213,-0.2780639040787525,0.9237947984572455,7691598.5,-0.002252942872236919,0.9990205547000406,0.0369393139841689,0.0281102709301142,0.10596388838227244,2.0,9.0,-0.022980958634274407,0.0,1339.84,1350.68,0.008090518270838398,0.0036037240959112538,0.01598429402074575,0.1278330769539568,0.010726686030236854,0.034752440287650455,0.017417205638422528,0.017143183945781404,,,0.0,0.0,0.0,0.0,0.0,0.0,0.0,0.0
2021-09-23,15.23,15.44,14.74,14.88,5380371,-0.01846965699208436,0.0,-0.004682274247491569,0.014314928425357865,0.0,0.08771929824561409,14.963999999999999,14.8055,13.736833333333333,14.835157572360362,14.557917519332149,0.27724005302821375,0.32514504804996,-0.04790499502174622,0.01863172399383157,-0.0032194217084506867,54.986680325443096,14.8055,0.489537644378176,15.784575288756352,13.826424711243648,0.13225832140168883,0.5380461037345925,0.6745715913442079,0.04533411232151934,20.655772454053473,24.032521798898973,15.75017625693882,33.333333333333364,38.27160493827164,6220258.0,4003729.7,0.3939961186715239,0.46833046605611656,0.3255378172560114,7513522.35,-0.633263860126172,0.7160917009849582,0.04704301075268812,0.005031913815811695,0.08321908251537846,3.0,9.0,-0.018641810918774926,0.0,1350.68,1352.76,0.0015399650546390475,0.005119365168998469,0.04159416049401732,0.09145508856021863,-0.020009622046723408,0.009195563256359396,0.04612513775159677,0.04428321461568108,,,0.0,0.0,0.0,0.0,0.0,0.0,0.0,0.0
2021-09-24,15.02,15.09,14.6,14.74,5101873,-0.009408602150537626,-0.02770448548812665,-0.009408602150537626,-0.014046822742474818,-0.009408602150537626,0.08862629246676512,14.922,14.8655,13.769666666666666,14.820517945843383,14.57140511049273,0.24911283535065287,0.30993860551009855,-0.06082577015944568,0.016900463727995446,-0.004126578708239191,52.843746861074116,14.8655,0.38960810269344803,15.644716205386898,14.086283794613104,0.10483551920714361,0.4194703606442019,0.661387906248193,0.044870278578574826,20.334476614284974,22.760744291304487,16.42866436772497,41.17647058823533,40.88598402323896,1118385.0,4020971.95,0.39359739082947404,0.4661569522574887,0.33550979770822237,7514387.1,-0.716336776482909,0.6789473222639808,0.03324287652645863,-0.008442366553429115,0.07046890508121728,4.0,9.0,-0.06212018906144501,0.0,1352.76,1351.17,-0.0011753747893195055,-0.0010867636621717525,0.03178190981634921,0.0890031311544535,-0.00823322736121812,-0.012960059080303066,0.056844382650415914,0.05509340889736469,,,0.0,0.0,0.0,0.0,0.0,0.0,0.0,0.0
2021-09-27,14.81,14.81,13.82,13.89,8987836,-0.05766621438263231,-0.06653225806451613,-0.0837730870712401,-0.07090301003344468,-0.03941908713692943,-0.009978617248752597,14.709999999999999,14.858500000000001,13.7685,14.677361338790554,14.520930657863639,0.15643068092691514,0.2792370205934619,-0.12280633966654675,0.011262108058093242,-0.008841349148059521,42.11274421976346,14.858500000000001,0.4063091252523568,15.671118250504716,14.045881749495287,0.10938092681020484,-0.09591327132910724,0.6848601986590364,0.04930598982426467,19.287508298410504,20.410615348147125,22.867478178279846,4.320987654321007,26.27693052529659,-7869451.0,3436925.7,0.432579077805892,0.1437700174429911,0.8242280708184413,7811882.2,0.3662564002805472,1.1505339903871055,0.07127429805615552,-0.06518154591647884,0.008824490685259923,0.0,9.0,0.005039596832253412,1.0,1351.17,1324.99,-0.01937580023239127,-0.018874770451987488,0.018345732907034007,0.11306036362943972,-0.03829041415024104,-0.05202823958145719,-0.028324350155786604,-0.0278140804645296,,,0.0,0.0,0.0,0.0,0.0,0.0,0.0,0.0
2021-09-28,13.89,14.03,13.54,13.96,3791710,0.005039596832253412,-0.052917232021709615,-0.06182795698924726,-0.06182795698924726,-0.03457814661134162,-0.043835616438356095,14.526000000000002,14.826500000000001,13.750833333333334,14.566998055899699,14.479380238762628,0.08761781713707073,0.24091317990218367,-0.15329536276511294,0.006276347932454923,-0.010981043178016686,43.136842107776374,14.826500000000001,0.45053506201564303,15.727570124031287,13.925429875968716,0.1215485952896888,0.019182815581889688,0.6709416130405338,0.04806172013184339,18.77174814153599,19.34588553663968,24.655470218785073,22.10526315789482,22.53424046681707,-4077741.0,2705893.1,0.4056959029134727,0.16972220316916517,1.6513001117612927,7664895.85,-1.163833595248984,0.4946851300008206,0.0351002865329513,-0.05844265335716459,0.015211199321253144,1.0,9.0,0.030802292263610198,1.0,1324.99,1339.31,0.010807628736820618,-0.00039556962025311115,0.019882729211087247,0.11467049019184547,-0.005768031904567206,-0.061432387368994146,-0.06371834564944334,-0.06247614929094014,,,0.0,0.0,0.0,0.0,0.0,0.0,0.0,0.0
2021-09-29,13.96,14.53,13.82,14.39,3750956,0.030802292263610198,0.035997120230381485,-0.023744911804613245,-0.05079155672823221,-0.014383561643835585,-0.0722114764667956,14.372,14.770500000000002,13.743833333333333,14.539767585761284,14.472759480335768,0.06700810542551672,0.20613216500685028,-0.13912405958133356,0.004656574386762802,-0.009668106989668766,49.09453382310595,14.770500000000002,0.4302566553510337,15.63101331070207,13.909986689297934,0.11651783090647813,0.2789110317831327,0.6737314978233527,0.046819423059301785,17.491644751362724,23.19061568996661,22.799560906046707,44.73684210526322,23.721030972493036,-326785.0,1442333.6,0.35124845304129876,-0.7435756063652305,0.6024919653897953,7132368.95,-1.1151510076906312,0.5259060525745797,0.04933981931897144,-0.025760807013980647,0.047015024920267434,2.0,9.0,0.0,0.0,1339.31,1339.21,-7.466531273558896e-05,-0.008492018834957205,0.008334964687457536,0.10794668028623702,0.030876957576345787,-0.04229953789327501,-0.08054644115425313,-0.079880638850225,,,0.0,0.0,0.0,0.0,0.0,0.0,0.0,0.0
2021-09-30,14.32,14.39,14.1,14.32,1923971,-0.00486448922863103,0.025787965616045794,0.030957523398128073,-0.037634408602150615,-0.02385821404226307,-0.06405228758169934,14.260000000000002,14.7215,13.753333333333334,14.505957187951855,14.461443963273858,0.04451322467799734,0.1738083769410797,-0.12929515226308236,0.0031084654104746746,-0.009028991079824187,48.20903145646275,14.7215,0.4225147147860042,15.56652942957201,13.876470570427992,0.11480208261006125,0.2624343094160918,0.6463221051216848,0.04513422521799475,16.302977317630404,22.447368576050053,22.06884689359746,41.05263157894742,35.96491228070184,-2250756.0,725286.45,0.3493057314238859,-0.8162358154852012,0.7685825463802117,6585856.6,-1.5911012954638175,0.2921367890093447,0.020251396648044758,-0.02727303603573006,0.04120213281628704,3.0,9.0,-0.01543859649122814,0.0,1339.21,1342.06,0.002128120309734749,-0.007909754871522012,0.00795361517721016,0.10785859885777324,-0.006992609538365779,-0.029724653730628603,-0.0720059027589095,-0.07143771466730642,,,0.0,0.0,0.0,0.0,0.0,0.0,0.0,0.0
2021-10-01,14.25,14.39,13.89,14.03,3048962,-0.02025139664804476,-0.02501737317581665,0.005014326647564404,-0.04816824966078703,-0.06153846153846154,-0.10351437699680521,14.118,14.6405,13.762666666666666,14.432733005190032,14.429485151179499,0.003247854010533402,0.13969627235497045,-0.13644841834443705,0.00023149351464956536,-0.00972547529183443,44.61851945849629,14.6405,0.3891079541723211,15.418715908344641,13.862284091655358,0.10631001787434058,0.10775666916228517,0.6358705261844215,0.04532220428969505,15.460686442216078,21.186590317196746,23.188299466637115,25.78947368421053,37.192982456140406,-5299718.0,-619702.45,0.340245010017557,-0.6805142252485519,0.6989809776066552,6262811.05,-1.0906438126490687,0.48683601910678753,0.03563791874554526,-0.04169939551244839,0.019424530129819706,4.0,10.0,-0.014967925873128896,0.0,1342.06,1334.89,-0.005342533120724746,-0.012048816951234831,0.0001798224253548586,0.10946467815806632,-0.014908863527320015,-0.0361194327095522,-0.10369419942216007,-0.10367555623218838,,,0.0,0.0,0.0,0.0,0.0,0.0,0.0,0.0
2021-10-04,14.03,14.03,13.68,13.82,3827098,-0.014967925873128896,-0.03491620111731841,-0.03961084086170952,-0.005039596832253412,-0.07558528428093636,-0.1008458035133376,14.104000000000003,14.562999999999999,13.7685,14.33846638900695,14.38433810294398,-0.04587171393703038,0.10258267509657029,-0.14845438903360067,-0.0033192267682366407,-0.0107419963121274,42.169285892248,14.562999999999999,0.3905205702516065,15.344041140503212,13.781958859496786,0.10726376989675379,0.02435284041420971,0.6154512028855342,0.044533372133540826,15.047892365156228,20.32597820782627,24.683613000869077,14.736842105263214,27.19298245614041,-9126816.0,-1466977.8,0.33895763469962703,-0.7044680360745469,0.7813691219934212,5765097.5,-0.8075277977854646,0.6638392498999366,0.025325615050651205,-0.05101970747785478,0.003740421977702857,0.0,10.0,0.01013024602026058,1.0,1334.89,1339.54,0.0034834330918651624,0.010981214952565654,-0.0050876789043294846,0.10537058380007103,-0.018451358964994058,-0.016020811784819067,-0.09575812460900812,-0.09624780252349496,,,0.0,0.0,0.0,0.0,0.0,0.0,0.0,0.0
2021-10-05,13.82,14.03,13.75,13.96,2279288,0.01013024602026058,-0.0049893086243761875,-0.025139664804469275,0.0,-0.06182795698924726,-0.052917232021709615,14.104000000000003,14.524000000000001,13.781333333333333,14.280240790698189,14.352905650874055,-0.07266486017586615,0.06753316804208301,-0.14019802821794916,-0.005205219210305598,-0.010042838697560827,44.36199014441053,14.524000000000001,0.41035799518309757,15.344715990366197,13.703284009633805,0.11301514601572514,0.15639758051482075,0.5914904026794247,0.042370372684772534,14.66458357931494,19.638698139857272,23.848988706407038,22.10526315789482,20.877192982456208,-6847528.0,-1715149.35,0.3148446421451915,-0.9376913375468824,1.9737187132576641,5393922.5,-1.3356311414003852,0.4225659526995429,0.020057306590257833,-0.03883227760947394,0.012964396284829816,1.0,10.0,0.0410367170626349,1.0,1339.54,1354.63,0.011265061140391497,0.011438725911103509,0.00948654892316858,0.11219551487554173,-0.0011348151201309165,-0.011438725911103509,-0.062403780944878195,-0.06181734765207625,,,0.0,0.0,0.0,0.0,0.0,0.0,0.0,0.0
2021-10-06,13.89,14.6,13.89,14.46,5142978,0.035816618911174825,0.04630969609261948,0.03064861012116893,0.004864489228630919,-0.04617414248021101,-0.009589041095890316,14.118,14.517,13.8165,14.3078960536677,14.360838565624125,-0.05294251195642552,0.04343803204238131,-0.09638054399880683,-0.0036613078808039774,-0.00666532116174321,51.44306835508332,14.517,0.4101873769519131,15.337374753903825,13.696625246096174,0.11302262918010963,0.46525977930893225,0.5999553739166086,0.04149068975910156,14.066524365670128,24.764856111957908,21.833031387185475,48.42105263157903,28.42105263157904,-1704550.0,-1408628.15,0.34149475037537946,-0.7541904719588636,1.4731538126309758,5353527.55,-0.0904113032084711,0.9606708757854436,0.049100968188105054,-0.003926431080801707,0.04657474758441005,2.0,10.0,0.004840940525587811,1.0,1354.63,1362.82,0.006045931361331025,0.017629796671171816,0.021902955136809066,0.11093480577473822,0.0297706875498438,-0.012765307442540896,-0.03149199623269938,-0.03081701258852254,,,0.0,0.0,0.0,0.0,0.0,0.0,0.0,0.0
2021-10-07,14.46,14.67,14.32,14.53,3147929,0.004840940525587811,0.04083094555873923,0.05137481910274966,0.014664804469273651,-0.02352150537634423,-0.02352150537634423,14.16,14.499500000000001,13.851666666666667,14.342065891564976,14.37336904224456,-0.03130315067958378,0.02848979549798829,-0.05979294617757207,-0.0021543806386499506,-0.004115137383177706,52.35726001186969,14.499500000000001,0.4012542834664372,15.302008566932876,13.696991433067126,0.1106946538753578,0.5190029124028961,0.5821014186368508,0.040062038447133574,13.637667218628819,24.560215822508173,20.895349795620493,52.10526315789474,40.877192982456215,1443379.0,-1174276.0,0.33438946699408106,-0.7349297089460851,1.7276981110138174,5281358.5,-0.8980756318153557,0.5960453167494689,0.02408809359944939,0.0021035208110622428,0.04897124293105515,3.0,10.0,-0.019178082191780743,0.0,1362.82,1365.99,0.002326059200774999,0.017830797430815393,0.01637673179660415,0.10824374426186098,0.002514881324812812,-0.0031659929615417415,-0.03989823717294838,-0.03925536262761742,,,0.0,0.0,0.0,0.0,0.0,0.0,0.0,0.0
2021-10-08,14.6,14.6,14.18,14.32,2819923,-0.014452856159669625,-0.009681881051175734,0.025787965616045794,0.020669992872416332,-0.028493894165535938,-0.037634408602150615,14.218,14.4715,13.884500000000001,14.338671139016519,14.369415779856075,-0.03074464083955597,0.01664290823047944,-0.04738754907003541,-0.0021469721256673164,-0.003309186387572305,49.35516414440174,14.4715,0.39275377314031296,15.257007546280626,13.685992453719376,0.10855924351734444,0.40356553497330977,0.5705227458770757,0.03984097387409747,12.937572485263335,23.26875727856785,21.549380697679894,41.05263157894742,47.19298245614041,-1376544.0,-1080920.0,0.33774837217981385,-0.6148252176620294,1.4202267976440617,5233787.45,-0.9988850324519503,0.5387920367304943,0.02932960893854748,-0.010468852572297349,0.03136591162807445,4.0,10.0,-0.02489626556016611,0.0,1365.99,1372.73,0.004934150323208764,0.02834690498842596,0.020381919408909432,0.10921979862317542,-0.01938700648287839,-0.0076769121160096265,-0.05801632801106005,-0.0568574637667707,,,0.0,0.0,0.0,0.0,0.0,0.0,0.0,0.0
2021-10-11,14.46,14.46,13.89,14.1,5110248,-0.015363128491620137,-0.02959394356503786,-0.02489626556016611,0.02026049204052094,0.015118790496760237,-0.02489626556016611,14.274000000000001,14.4535,13.9125,14.301952502244747,14.349459055422292,-0.04750655317754493,0.0038130159488745656,-0.051319569126419495,-0.0033692590906060234,-0.0036396857536467727,46.35637984594592,14.4535,0.4014614748511194,15.25642294970224,13.65057705029776,0.11110429303659863,0.279866797847107,0.570485406885856,0.040459957935167094,12.334580840357969,21.60811737328535,23.642442000080962,29.473684210526336,40.87719298245619,-6486792.0,-890791.9,0.3272730828549707,-0.6722445653680847,1.9978722202804813,5137015.35,-0.01125323114289075,0.9947893186653609,0.04042553191489364,-0.024457743799079834,0.013477088948786964,0.0,10.0,0.015602836879432758,1.0,1372.73,1394.09,0.015560233986289917,0.04072293473879096,0.03925661421020843,0.11958027161474864,-0.030923362477910055,-0.020462442698270022,-0.06415287977037454,-0.061729585256599995,,,0.0,0.0,0.0,0.0,0.0,0.0,0.0,0.0
2021-10-12,14.1,14.32,13.89,14.32,4078880,0.015602836879432758,0.0,-0.014452856159669625,0.025787965616045794,0.025787965616045794,-0.009681881051175734,14.346,14.4465,13.932500000000001,14.30472904036094,14.347276903168789,-0.04254786280784906,-0.005459159802470159,-0.0370887030053789,-0.0029712194698218613,-0.0025899932266326047,49.65087760175099,14.4465,0.40256120816088514,15.251622416321771,13.64137758367823,0.1114626264246386,0.4214405179662494,0.5604507349654377,0.03913762115680431,11.774660027231558,20.423931414832044,22.346769297254202,41.05263157894742,37.19298245614041,-2407912.0,-496719.8,0.3325839993417977,-0.7353438990759289,1.8053269453310192,5042873.4,-0.4047779162372262,0.8088404519534438,0.030027932960893833,-0.008756446198041057,0.027812668221783632,1.0,10.0,0.004888268156424624,1.0,1394.09,1394.8,0.0005092928003214148,0.029653853819862075,0.041128610883033545,0.11910257617386072,0.015093544079111343,-0.003865888203816281,-0.05081049193420928,-0.048803280788830006,,,0.0,0.0,0.0,0.0,0.0,0.0,0.0,0.0
2021-10-13,14.32,14.95,14.32,14.39,4966206,0.004888268156424624,0.020567375886524797,0.004888268156424624,-0.004840940525587811,0.0,-0.014383561643835585,14.331999999999999,14.436000000000002,13.9665,14.31784764953618,14.350441577008137,-0.03259392747195733,-0.010886113336367593,-0.021707814135589736,-0.002265040130087375,-0.001508534686281427,50.688593733098,14.436000000000002,0.401082745105314,15.23816549021063,13.633834509789374,0.11113403854400498,0.47132761221881864,0.5654185396107636,0.03929246279435466,11.867708019329772,26.75715686725119,20.568255598236302,54.83870967741942,41.788341822297745,2558294.0,-146748.1,0.33111248022467016,-0.7123616539691887,1.8559548670694586,4998773.0,-0.013718237268592968,0.9934850012192992,0.04378040305767887,-0.0031864782488224552,0.030322557548419393,2.0,10.0,-0.014522821576763545,0.0,1394.8,1391.91,-0.002071981646113996,0.021345445473356817,0.034239094090635636,0.11956514629244275,0.006960249802538621,-0.026186385998944628,-0.04862265573447122,-0.04701297409108596,,,0.0,0.0,0.0,0.0,0.0,0.0,0.0,0.0
2021-10-14,14.46,14.53,14.18,14.25,3148394,-0.00972897845726206,-0.004888268156424624,0.010638297872340496,-0.019270474879559463,-0.004888268156424624,-0.02862985685071573,14.276,14.415000000000001,13.997000000000002,14.307409549607536,14.34300146019272,-0.035591910585184294,-0.015827272786130935,-0.01976463779905336,-0.0024976779358024067,-0.0013869921262493585,48.534085334921194,14.415000000000001,0.39917678447439653,15.213353568948794,13.616646431051208,0.11076705777992266,0.3966623270581357,0.5500315010671376,0.038598701829272816,11.641622844775913,25.540992119625894,21.451466121818292,50.35460992907807,48.748650395148324,-590100.0,-140272.9,0.33203547349198564,-0.5966165168921327,1.6863570576049005,4970115.9,-0.7610801199685123,0.6334649057177921,0.024561403508771906,-0.01144640998959423,0.018075301850396297,3.0,10.0,-0.0049122807017544234,0.0,1391.91,1391.85,-4.3106235317114105e-05,0.018931324533854488,0.03416377510457913,0.11957901323366471,-0.009685872221944947,-0.03820179941341395,-0.06279363195529486,-0.060719233710293974,,,0.0,0.0,0.0,0.0,0.0,0.0,0.0,0.0
2021-10-15,14.25,14.32,14.03,14.18,3332301,-0.0049122807017544234,-0.014593467685893091,-0.009776536312849249,-0.009776536312849249,0.010691375623663513,-0.05150501672240804,14.248,14.376500000000002,14.028666666666664,14.287808080437145,14.330927277956222,-0.043119197519077446,-0.021285657732720238,-0.021833539786357208,-0.0030408460873820485,-0.0015397418749194083,47.448130552278286,14.376500000000002,0.38160705885580865,15.13971411771162,13.613285882288384,0.10617523287470772,0.37126810455945336,0.531457822419485,0.037479395093052544,11.09988633311055,24.54549748980999,22.631384351897424,45.39007092198585,50.19446350949446,-3922401.0,-803936.1,0.3233628892559918,-0.5077840277080399,2.0219465493481095,4633207.6,-0.6214632865220787,0.7192211719587096,0.02045133991537383,-0.013668138976802524,0.01078743525162773,4.0,10.0,-0.0099290780141843,0.0,1391.85,1392.7,0.0006106979918814037,0.014547653216583134,0.029616158031700923,0.11897806807220093,-0.005522978693635827,-0.024324189529432383,-0.08112117475410896,-0.07878778331255687,,,0.0,0.0,0.0,0.0,0.0,0.0,0.0,0.0
2021-10-18,14.1,14.18,13.82,13.96,4708338,-0.015514809590973067,-0.020350877192982342,-0.029881862404447457,-0.0099290780141843,0.01013024602026058,-0.06622073578595311,14.220000000000002,14.327000000000002,14.052,14.237376068062199,14.303451183292799,-0.06607511523059983,-0.03024354923229616,-0.03583156599830367,-0.00473317444345271,-0.002566731088703701,44.10779879922355,14.327000000000002,0.36723862885932024,15.061477257718643,13.59252274228136,0.10253050292715028,0.25016244809271626,0.5192108351038075,0.03719275323093177,10.467118964029055,23.32986427729033,24.39954875563515,22.047244094488285,39.26397498185076,-8630739.0,-1703016.2,0.32648384115652285,-0.3826874432571392,1.74107107031466,4383281.3,0.1888845521202739,1.0741583023658554,0.025787965616045804,-0.025615969847141873,-0.006547110731568329,0.0,10.0,-0.005039596832253412,0.0,1392.7,1395.53,0.002032024125798726,0.0010329318767081652,0.03335850956696884,0.1184265209764749,-0.017546833716771792,-0.010962009890892466,-0.09957924535292195,-0.09636466379383746,,,0.0,0.0,0.0,0.0,0.0,0.0,0.0,0.0
2021-10-19,13.89,13.89,13.68,13.82,3051061,-0.01002865329512903,-0.02538787023977429,-0.03017543859649119,-0.03491620111731841,-0.01002865329512903,-0.071236559139785,14.12,14.274000000000001,14.076500000000001,14.1731643652834,14.26763998453037,-0.09447561924696934,-0.0430899632352308,-0.05138565601173854,-0.006836151899201834,-0.003718209552224207,42.077720723307316,14.274000000000001,0.3596401710484171,14.993280342096835,13.554719657903167,0.10078188904257165,0.18440677895039678,0.502124346882107,0.03633316547627403,10.17035875018678,22.400617789954875,25.419234473060666,11.023622047244142,26.153645687906117,-11681800.0,-2482934.4,0.3273524494385046,-0.33852232539865695,1.6630406627594978,4264119.4,-0.7024798026924096,0.715519598255152,0.0151953690303908,-0.03180608098640891,-0.018221859126913653,1.0,10.0,0.01013024602026058,1.0,1395.53,1395.33,-0.00014331472630468856,0.00037998279323203654,0.04141539288273233,0.11322442276969294,-0.009885338568824342,-0.03529618391055045,-0.11265195202251732,-0.10817196749002,,,0.0,0.0,0.0,0.0,0.0,0.0,0.0,0.0
2021-10-20,13.82,14.1,13.68,13.96,2967217,0.01013024602026058,0.0,-0.015514809590973067,-0.029881862404447457,-0.03457814661134162,-0.079155672823219,14.034,14.214000000000002,14.107999999999999,14.140369847547491,14.24485183752812,-0.10448198998062885,-0.055368368584310414,-0.04911362139631844,-0.007484383236434731,-0.0035181677217993148,44.813102918903766,14.214000000000002,0.29904057109035936,14.812081142180721,13.615918857819283,0.08415381204175028,0.28765423110159577,0.4962583221048137,0.035548590408654275,9.471683315716183,24.069066316499626,23.88258108061487,22.047244094488285,18.37270341207359,-8714583.0,-3498695.0,0.3208915752236139,-0.3484133169367637,1.9618798097330998,4028277.0,-0.6854380258338403,0.7365970612249356,0.03008595988538681,-0.017869705923737267,-0.010490501842925881,2.0,10.0,-0.005014326647564515,0.0,1395.33,1393.8,-0.0010965148029498106,0.0013578464124834877,0.0319246601711729,0.11141123127773628,0.011226760823210391,-0.031239708816930944,-0.1110803329943919,-0.10764383998340166,,,0.0,0.0,0.0,0.0,0.0,0.0,0.0,0.0
2021-10-21,13.96,14.03,13.75,13.89,2210085,-0.005014326647564515,0.005065123010130179,-0.005014326647564515,-0.025263157894736765,-0.044046799724707375,-0.06653225806451613,13.962,14.1645,14.136000000000001,14.101851409463261,14.21856651622974,-0.11671510676647934,-0.0676377162207442,-0.049077390545735136,-0.008402815461949556,-0.0035332894561364387,43.70181514618969,14.1645,0.26272809638813027,14.689956192776261,13.63904380722374,0.07419339797045583,0.23879839673249242,0.48081129909732695,0.034615644283464864,8.822913269422056,23.06788076359408,22.889152634758798,16.535433070866215,16.535433070866233,-10924668.0,-4355941.3,0.3163212282769095,-0.45356077282546076,2.3325029662202486,3869762.7,-1.0608412678112722,0.5711164149677704,0.020158387329013632,-0.019379434501747284,-0.017402376910017003,3.0,10.0,0.015118790496760237,1.0,1393.8,1384.77,-0.006478691347395538,-0.005086755038258395,0.023662733966113736,0.11504146878266322,0.0014643646998310222,-0.02017640285647837,-0.09019499203062986,-0.0881100669565017,,,0.0,0.0,0.0,0.0,0.0,0.0,0.0,0.0
2021-10-22,13.89,14.25,13.75,14.1,4492325,0.015118790496760237,0.010028653295128809,0.02026049204052094,-0.005641748942172065,-0.015363128491620137,-0.04341926729986434,13.946000000000002,14.132499999999999,14.167499999999999,14.101566577238145,14.209783811323835,-0.10821723408568928,-0.07575361979373323,-0.03246361429195606,-0.007674981140829027,-0.002302383992337309,47.877722385377595,14.132499999999999,0.2252454801232202,14.58299096024644,13.682009039753558,0.06375247978014377,0.4639282439960396,0.482181920590375,0.03419729933265071,8.726638791989867,24.618282500140285,21.19379720551588,33.07086614173229,23.88451443569561,-6432343.0,-4733477.7,0.3219157585852212,-0.5870892356824897,2.1281170586747464,3839285.3,0.42266774025768516,1.1700940797496868,0.03546099290780142,-0.0022996638952768045,-0.004764425622022173,4.0,10.0,-0.019858156028368712,0.0,1384.77,1389.24,0.0032279728763622284,-0.0024843828534502066,0.028175581162992014,0.11489983643073104,0.011890817620398009,-0.003157366088721858,-0.07159484846285635,-0.06963290100886643,,,0.0,0.0,0.0,0.0,0.0,0.0,0.0,0.0
2021-10-25,14.1,14.25,13.82,13.82,4012744,-0.019858156028368712,-0.005039596832253412,-0.01002865329512903,-0.01002865329512903,-0.019858156028368712,-0.005039596832253412,13.918000000000001,14.129000000000001,14.189666666666666,14.05824864227843,14.180910936410958,-0.12266229413252816,-0.08513535466149222,-0.03752693947103594,-0.00887570869265761,-0.0027154080659215585,43.269228439116354,14.129000000000001,0.2297114895280665,14.588422979056133,13.66957702094387,0.0650326249637104,0.16370859307600336,0.47845464054820536,0.034620451559204436,8.63724106294569,23.03791751164745,19.833266263659002,11.023622047244142,20.209973753280902,-10445087.0,-4862259.5,0.2565784789267225,0.756623028692453,-0.08849634706689655,3590530.7,0.43817553363718814,1.1175907784328372,0.031114327062228633,-0.021869912945006842,-0.026051821748220405,0.0,10.0,0.0,0.0,1389.24,1385.4,-0.00276410123520765,-0.007258890887333003,0.04559279692676932,0.08670310610859046,-0.017094054793161062,-0.002769762407796028,-0.05063239375902273,-0.048424581641957176,,,0.0,0.0,0.0,0.0,0.0,0.0,0.0,0.0
2021-10-26,13.89,13.96,13.75,13.89,2528050,0.005065123010130179,-0.014893617021276562,0.0,0.005065123010130179,-0.03002793296089379,-0.005014326647564515,13.932000000000002,14.125499999999999,14.215333333333332,14.032364235774056,14.159361978158294,-0.12699774238423878,-0.09350783220604153,-0.033489910178197246,-0.009143106003184936,-0.0024110806463784914,44.702265976089066,14.125499999999999,0.23293267606563403,14.591365352131266,13.659634647868732,0.06596090080085905,0.2472445644190757,0.4592793090804765,0.03306546501659298,8.357859182307214,22.285502247466322,20.27417662483017,16.535433070866215,20.209973753280902,-7917037.0,-5054224.3,0.2565853153196912,0.7563278171863458,-0.08914420546078074,3527347.7,-1.0086452914140531,0.7166999726168191,0.01511879049676032,-0.016671976213231243,-0.022886085447638593,1.0,10.0,0.020878329733621248,1.0,1385.4,1391.63,0.004496896203262546,-0.002651702464649852,0.039064891623298736,0.08115399651651815,0.0005682268068676333,0.007716825474780031,-0.04407921827086325,-0.04242200715876332,,,0.0,0.0,0.0,0.0,0.0,0.0,0.0,0.0
2021-10-27,13.89,14.32,13.75,14.18,7706790,0.020878329733621248,0.026049204052098318,0.005673758865248235,0.015759312320916763,-0.014593467685893091,-0.014593467685893091,13.975999999999999,14.115,14.2435,14.055077430270355,14.160890720516939,-0.10581329024658359,-0.09596892381414994,-0.009844366432433652,-0.0074621502289551195,-0.0006942430488317103,50.30310131807831,14.115,0.22497953123303016,14.56495906246606,13.66504093753394,0.06375615479504931,0.5722287930414807,0.4671879298604425,0.032946962613571405,8.942913272138055,25.847431311292866,18.507331706615336,39.370078740157496,22.3097112860893,-210247.0,-5048397.4,0.24276456307581787,0.6689157223840851,-0.08691173118988588,3725139.4,2.9217716916748975,2.06885949019787,0.04019746121297604,0.004605030109812169,-0.00445817390388592,2.0,10.0,0.04442877291960512,1.0,1391.63,1423.02,0.02255628292002898,0.020964270340077418,0.06258167128381653,0.10879156129571456,-0.0016779531864077324,-0.005204958019160655,-0.07717513896970962,-0.0726298420680137,,,0.0,0.0,0.0,0.0,0.0,0.0,0.0,0.0
2021-10-28,14.18,15.02,14.18,14.81,16095630,0.04442877291960512,0.06623470122390218,0.0716353111432706,0.06623470122390218,0.039298245614035165,0.03421787709497215,14.16,14.139500000000002,14.283333333333333,14.171219364074917,14.208972889367535,-0.03775352529261866,-0.08432584410984369,0.046572318817225025,-0.0025491914444712126,0.0031446535325607714,59.823316923171404,14.139500000000002,0.27054477205143207,14.680589544102865,13.598410455897138,0.07653588091557177,1.119583216223204,0.49381736344183946,0.03334350867264277,10.715623781749692,32.83210697616274,16.258646292523565,84.3283582089553,46.74462333999302,15885383.0,-4141590.45,0.28983801045289675,0.8195908488726316,0.1407391911824698,4433722.35,3.8423141596934927,3.630274683303072,0.056718433490884526,0.04742034725414612,0.03687281213535587,3.0,10.0,-0.009453072248480798,0.0,1423.02,1438.01,0.010533934870908368,0.038446817883114104,0.07149456805209908,0.11188254791460175,0.03389483804869675,0.027787883340788078,-0.037276690957126934,-0.03478943530707146,,,0.0,0.0,0.0,0.0,0.0,0.0,0.0,0.0
2021-10-29,14.81,15.09,14.46,14.67,7072577,-0.009453072248480798,0.03455571227080401,0.056155507559395135,0.04042553191489362,0.03455571227080401,0.045616535994297935,14.274000000000001,14.1715,14.322,14.24795484652493,14.24312304571068,0.004831800814249831,-0.06649431512502499,0.07132611593927482,0.0003293661086741535,0.004862039259664269,57.20095317932533,14.1715,0.2937645853044568,14.759029170608914,13.583970829391086,0.08291700534296491,0.9242342550271639,0.5035446946245652,0.03432479172628256,12.464521858073894,30.89097876180218,14.805668848864748,70.21276595744682,64.63706763551988,8812806.0,-3435964.25,0.2813313280973367,0.8927672352200547,0.30186606882479106,4634903.1,0.7936069645000028,1.5259384818638388,0.04294478527607355,0.0351762339907562,0.02429828236279863,4.0,10.0,0.04771642808452614,1.0,1438.01,1444.27,0.004353238155506478,0.039611586191010906,0.08193933582542368,0.10692321505659726,-0.013806310403987276,0.0008139457238827141,-0.03632279983112574,-0.03357193756470156,,,0.0,0.0,0.0,0.0,0.0,0.0,0.0,0.0
2021-11-01,14.67,15.72,14.67,15.37,16701446,0.04771642808452614,0.03781228899392297,0.08392101551480957,0.11215629522431247,0.10100286532951275,0.11215629522431247,14.584,14.249,14.3735,14.420577177828786,14.326595412695074,0.09398176513371226,-0.03439909907327754,0.1283808642069898,0.006114623626136126,0.008352691230122954,65.37393100497917,14.249,0.3860992509434621,15.021198501886925,13.476801498113076,0.1083863431661063,1.225849634038885,0.5425772164370963,0.035301055070728456,14.893723084851496,34.91469469886447,12.75909348590239,82.84313725490189,79.12808714043469,25514252.0,-1703910.85,0.31592797265701916,0.8309432545674098,-0.07199801513838362,5278620.5,2.801288254314021,3.1639793010313966,0.06831489915419654,0.07867218752193117,0.06932897345809996,0.0,11.0,0.0,0.0,1444.27,1438.97,-0.003669673952931163,0.03866753284250035,0.07422697343864315,0.11031322822548428,0.051386102037457304,0.07348876238181212,0.03792932178566932,0.03530848016621291,,,0.0,0.0,0.0,0.0,0.0,0.0,0.0,0.0
2021-11-02,15.3,15.65,15.16,15.3,7822756,-0.004554326610279658,0.042944785276073594,0.03308575286968263,0.10151187904967607,0.1070911722141823,0.09598853868194834,14.866,14.315999999999999,14.408666666666669,14.555872996624357,14.398699456199143,0.15717354042521414,0.003915428826420799,0.15325811159879335,0.010272780419948637,0.01001687003913682,64.05660036585631,14.315999999999999,0.4450712539052477,15.206142507810494,13.425857492189504,0.12435631570417645,1.0527204865321904,0.5388217009773038,0.03521710463903946,17.149409938287842,32.64675650661314,11.930306762582585,79.41176470588238,77.48922263941039,17691496.0,-476959.65,0.3173791928859917,0.9338795680418424,0.02781535053444122,5555793.9,0.5595476800318663,1.4080356724535803,0.032026143790849684,0.06873428331936315,0.06186091704066987,1.0,11.0,-0.05032679738562096,0.0,1438.97,1452.46,0.009374761113852381,0.04371133131651361,0.07221898230513113,0.10876647710415002,-0.013929087724132039,0.057800547733162455,0.023769556376817214,0.02216856516167609,,,0.0,0.0,0.0,0.0,0.0,0.0,0.0,0.0
2021-11-03,15.3,15.44,14.46,14.53,13530056,-0.05032679738562096,-0.05465191932335722,-0.009543285616905317,0.024682651622002894,0.04083094555873923,0.004840940525587811,14.936000000000002,14.319500000000001,14.422833333333333,14.551892535605225,14.408425422406614,0.14346711319861072,0.03182576570085879,0.11164134749775192,0.009873855003345542,0.007683506365984303,51.712416226593106,14.319500000000001,0.4465360832949209,15.212572166589844,13.426427833410159,0.12473510479972658,0.6178516181977673,0.570334436621782,0.03925219797809924,17.328030651765978,28.639856679558857,19.232826581109975,41.666666666666636,67.97385620915031,4161440.0,-183660.15,0.3511553983856612,0.28152191583595276,1.2999803019822147,5975147.8,1.7079315168757607,2.2643885060048223,0.06744666207845827,0.014700233946715935,0.007430347712539032,2.0,11.0,0.0,0.0,1452.46,1444.3,-0.005618054886193158,0.014954111677980553,0.059787792958718056,0.11296543936829641,-0.0447087424994278,0.00972853994402234,-0.054946852433130244,-0.0518470327722208,,,0.0,0.0,0.0,0.0,0.0,0.0,0.0,0.0
2021-11-04,14.53,14.88,14.18,14.53,7283648,0.0,-0.05032679738562096,-0.05465191932335722,-0.018906144496961597,0.04607631389488831,0.0,14.88,14.3195,14.440499999999998,14.54852445320442,14.417430946672791,0.131093506531629,0.05167931386701283,0.07941419266461616,0.009022264730325464,0.005465532874371381,51.712416226593106,14.3195,0.4465360832949209,15.212572166589842,13.426427833410157,0.12473510479972659,0.6178516181977683,0.5795962625773691,0.039889625779584936,16.868997846331624,26.169183684515534,21.02434722744247,41.666666666666636,54.248366013071895,4161440.0,-47757.1,0.35077700726602856,0.31849627087639326,1.3370349539647766,6181933.75,0.2514889861446622,1.1782151499116276,0.04817618719889891,0.014700233946715935,0.006197846334960788,3.0,11.0,0.0,0.0,1444.3,1448.34,0.002797202797202747,0.007183538362041997,0.06028594645641605,0.11294432569653147,-0.002797202797202747,-0.026089682859003593,-0.06028594645641605,-0.05685819627987887,,,0.0,0.0,0.0,0.0,0.0,0.0,0.0,0.0
2021-11-05,14.46,14.67,14.32,14.46,6472306,-0.004817618719889727,-0.004817618719889727,-0.05490196078431375,-0.014314928425357865,0.025531914893617058,0.009776536312849249,14.838,14.3265,14.461666666666668,14.534905306557587,14.420584209882215,0.11432109667537205,0.06420767042868468,0.05011342624668737,0.007906023283220749,0.003465658799909223,50.6826596268096,14.3265,0.44764030438000274,15.221780608760005,13.431219391239994,0.1249824603022379,0.5745576295821394,0.5631965295361284,0.03894858433859809,16.442753098428295,25.00754727909994,20.09108742713977,38.2352941176471,40.522875816993476,-2310866.0,-94473.2,0.347075264459149,0.27233003314946247,1.5002762355591361,6364552.9,0.025007830182416327,1.0169301915928768,0.024204702627939115,0.0093183959794787,-0.00011524720525524224,4.0,11.0,0.03872752420470249,1.0,1448.34,1456.51,0.005640940663103944,0.00847486965733557,0.061031666824503006,0.1131362898670459,-0.01045855938299367,-0.022789798082693435,-0.05125513051165376,-0.04830688104253489,,,0.0,0.0,0.0,0.0,0.0,0.0,0.0,0.0
2021-11-08,14.46,15.09,14.46,15.02,8749611,0.03872752420470249,0.03372333103922909,0.03372333103922909,-0.022771633051398843,0.08683068017366136,0.0652482269503547,14.768,14.372500000000002,14.482833333333334,14.609535259394882,14.464985379520568,0.14454987987431345,0.08027611231781044,0.064273767556503,0.009623826889102094,0.004279212220805793,57.904531390618196,14.372500000000002,0.46985860135078733,15.312217202701577,13.432782797298428,0.13076600489846227,0.8445185413965565,0.5679682059978335,0.03781412822888372,16.765119203540607,28.308190435959418,18.49927484912244,65.6862745098039,48.52941176470589,6438745.0,551803.65,0.3664152024685345,0.11998977463404245,0.8492994334963105,6546521.05,0.508818835875423,1.3365283534832597,0.04194407456724361,0.04505131327187328,0.037089888028355444,0.0,11.0,0.07491638795986622,1.0,1456.51,1467.57,0.007593494037116066,0.019875327491191586,0.05270821826424399,0.10460959838963156,0.031134030167586424,-0.04264696054259043,0.012540008686110715,0.011912140960376627,,,0.0,0.0,0.0,0.0,0.0,0.0,0.0,0.0
2021-11-09,14.95,16.28,14.95,16.07,26821502,0.06990679094540608,0.1113416320885201,0.10598761183757754,0.05032679738562096,0.1569474442044636,0.1222067039106145,14.922,14.459999999999999,14.520333333333333,14.834222142564899,14.583875351407933,0.2503467911569661,0.11429024808564159,0.13605654307132453,0.015578518429182708,0.008466493034929964,67.51114778449545,14.459999999999999,0.6035072929399798,15.667014585879958,13.25298541412004,0.1669453092503401,1.166934773959774,0.6223990484265598,0.038730494612729295,18.510573972009126,37.644197493286235,15.675634428865592,91.69960474308297,65.20705779017801,33260247.0,2335211.6,0.43470617737707873,0.5721508899146499,0.8225553364546327,7683652.15,3.076316632024429,3.490723093184274,0.08276291225886757,0.1113416320885201,0.10672390440990798,1.0,11.0,0.03499999999999992,1.0,1467.57,1461.5,-0.004136088908876512,0.0062239235503902535,0.047820476053914485,0.1071061155500314,0.0740428798542826,0.044102873835230705,0.07438622785670002,0.07099138598325361,,,0.0,0.0,0.0,0.0,0.0,0.0,0.0,0.0
2021-11-10,16.0,16.91,16.0,16.56,10416716,0.030491599253266832,0.10252996005326231,0.14522821576763478,0.13971094287680663,0.16784203102961914,0.15079916608756072,15.328,14.5685,14.551833333333333,15.099726428324145,14.730254955007345,0.36947147331679986,0.16532649313187325,0.2041449801849266,0.02231107930657004,0.012327595421795085,70.853919542708,14.5685,0.7639872897814048,16.09647457956281,13.040525420437191,0.20976415959952072,1.151679689779203,0.6429419735389484,0.038824998402110414,20.666511573216532,40.837529469475854,14.090862739022667,88.92405063291135,82.10330996193277,43676963.0,4391145.05,0.4431524208697312,0.42594180885294436,0.4274497994182493,7956177.65,0.39589675116500933,1.309261363715276,0.054951690821256054,0.13669904245461084,0.13800093917146738,2.0,11.0,-0.03339296362552169,0.0,1461.5,1465.02,0.002408484433800817,0.014346049989614418,0.05252494773368954,0.1058203276509048,0.028083114819466015,0.12536489288719221,0.09827421835387118,0.0933699657813114,,,0.0,0.0,0.0,0.0,0.0,0.0,0.0,0.0
2021-11-11,16.77,16.77,16.0,16.21,10489302,-0.021135265700482964,0.00871188550093338,0.07922769640479377,0.11562284927735722,0.09453072248480754,0.13754385964912297,15.663999999999998,14.6665,14.5845,15.270537747043507,14.839865699080875,0.4306720479626325,0.2183956040980251,0.21227644386460737,0.026568294137114895,0.01309540060855073,65.65739867607473,14.6665,0.8426416794819562,16.35178335896391,12.981216641036086,0.22981397865392728,0.9579348605652062,0.6520175468575949,0.040223167603799806,22.66845363148055,37.39273855603173,12.902248330742776,77.8481012658228,86.15725221393906,33187661.0,6080033.1,0.45078806780997743,0.42506262268776834,0.26850141979576364,8323223.05,0.35321647716424875,1.2602452123399481,0.04750154225786549,0.10523983227082145,0.11145394082759097,3.0,11.0,0.017199017199017064,1.0,1465.02,1462.35,-0.0018225007167138596,0.009673143046522226,0.05065200991486152,0.10659188222937886,-0.019312764983769104,0.105949706230835,0.08689184973426145,0.0827027873304147,,,0.0,0.0,0.0,0.0,0.0,0.0,0.0,0.0
2021-11-12,16.28,16.77,15.86,16.56,13793840,0.021591610117211557,0.0,0.030491599253266832,0.14522821576763478,0.12883435582822078,0.16784203102961914,16.084,14.785499999999999,14.624166666666667,15.46891655519066,14.967283054704513,0.5016335004861467,0.2750431833756494,0.22659031711049732,0.03029187804868036,0.013682990163677376,68.17132228101936,14.785499999999999,0.9334794841712363,16.652458968342472,12.918541031657526,0.25253917261404396,0.9752380823814889,0.6704448649391953,0.04048580102289827,24.189698893323182,33.76749189781101,13.142915187839753,88.92405063291135,85.23206751054852,46981501.0,8625228.2,0.4514384620713455,0.28006653670242054,0.16734673152857607,8846300.0,0.8070379450397693,1.5592778901913795,0.054951690821256054,0.12001623211930612,0.13237221494102203,4.0,11.0,0.042630937880633324,1.0,1462.35,1473.37,0.007535815639210908,0.011575615684066731,0.05792345803116228,0.10779599329823136,0.01405579447800065,0.13365260008356805,0.10991857299845686,0.10390030787578874,,,0.0,0.0,0.0,0.0,0.0,0.0,0.0,0.0
2021-11-15,16.42,17.47,16.35,17.12,12605888,0.0338164251207731,0.05613818630475009,0.0338164251207731,0.1398135818908124,0.11385816525699433,0.22636103151862463,16.504,14.9435,14.661499999999998,15.722929392853635,15.126743569170845,0.5961858236827897,0.3392717114370775,0.2569141122457122,0.03482393829922837,0.015006665434913096,71.73626900976711,14.9435,1.0469367597651498,17.0373735195303,12.8496264804697,0.28023870171382864,1.0197305328375894,0.7025559460149668,0.0410371463793789,26.187360865541965,37.03926073161453,11.646332287942444,90.59139784946242,85.78784991606555,59587389.0,12036134.6,0.45107586175933345,0.06749359409846212,0.10129495286997446,9241177.5,0.5512103687989847,1.3640997589322357,0.06542056074766339,0.1456486097634424,0.16768407052484413,0.0,11.0,-0.03664921465968596,0.0,1473.37,1476.57,0.0021718916497552865,0.006132586520574801,0.05807112709866491,0.10778321221310821,0.03164453347101781,0.1336809953702376,0.16828990441995972,0.15905348904229832,,,0.0,0.0,0.0,0.0,0.0,0.0,0.0,0.0
2021-11-16,17.19,17.19,16.07,16.56,8598438,-0.032710280373831946,0.0,0.021591610117211557,0.030491599253266832,0.08235294117647052,0.19826338639652663,16.601999999999997,15.0805,14.691833333333335,15.851709486260768,15.232910712195228,0.6187987740655405,0.39517712396277016,0.22362165010277035,0.03736707572859545,0.013503722832292897,64.01480648344352,15.0805,1.0711748346166357,17.222849669233273,12.93815033076673,0.28412183538122365,0.8452984405971172,0.7323733784424693,0.04422544555812013,27.39849541364026,32.99331784817598,13.105005484443033,72.34042553191487,83.9519580047629,50988951.0,15169672.15,0.47157563156397936,0.024411037990672093,-0.1885257990209433,9518546.35,-0.15511601825652238,0.9033352030691115,0.06763285024154596,0.09810682669672732,0.12715681047293836,1.0,11.0,-0.021135265700482964,0.0,1476.57,1466.45,-0.006853721801201362,0.003386931235032531,0.050970021428622614,0.11276999617828522,-0.025856558572630584,0.0271046680182343,0.14729336496790402,0.14014992051598463,,,0.0,0.0,0.0,0.0,0.0,0.0,0.0,0.0
2021-11-17,16.56,16.7,16.0,16.21,15264484,-0.021135265700482964,-0.053154205607476634,-0.021135265700482964,-0.021135265700482964,0.11562284927735722,0.1611747851002865,16.532,15.192999999999998,14.7175,15.906831103759112,15.305287696477063,0.6015434072820494,0.43645038062662606,0.1650930266554233,0.03710940205318009,0.010184640756040919,59.69036784843224,15.192999999999998,1.065438382717937,17.323876765435873,13.062123234564124,0.28050770294686694,0.7386341661086095,0.7300609942680072,0.045037692428624744,28.362608217854905,30.733690357649888,12.892351643954253,61.70212765957452,74.87798368031729,35724467.0,17391624.65,0.4839192666908685,0.134332038573805,-0.43148321634205433,10133409.7,0.876545321895839,1.5063522004839103,0.04318322023442315,0.06693872177976723,0.10140988618990998,2.0,11.0,0.025909932140653735,1.0,1466.45,1475.85,0.006410037846499961,0.007392390547569239,0.058867843306069645,0.11273160210650345,-0.027545303546982924,-0.028527656248052202,0.10230694179421684,0.09661917909867501,1.7193725127822472,0.46646141282039344,0.0,0.0,0.0,0.0,0.0,0.0,0.0,0.0
2021-11-18,16.21,17.19,16.21,16.63,11967807,0.025909932140653735,0.004227053140096526,-0.028621495327102897,0.025909932140653735,0.14452856159669647,0.1972642188624909,16.616,15.329999999999998,14.766666666666667,16.01808785702694,15.403414533775058,0.6146733232518837,0.4720949691516776,0.14257835410020614,0.03696171516848369,0.008573563084798926,62.926860302995465,15.329999999999998,1.06523533352479,17.460470667049577,13.19952933295042,0.2779479017677207,0.8050969018504088,0.747913780391721,0.044973769115557484,29.704601628689712,32.53689509905493,11.68570906196555,74.46808510638299,69.50354609929082,47692274.0,20322471.75,0.485390000810798,-0.019277037914721348,-0.47893101794523496,10621295.8,0.24227573316147705,1.1267746634078302,0.05892964521948289,0.0848010437051534,0.1261851015801354,3.0,11.0,-0.041567695961995166,0.0,1475.85,1469.83,-0.004079005318968765,0.005115054535507868,0.06142536305668078,0.11038451869953603,0.0299889374596225,0.020794877605145867,0.13583885580581012,0.12797777454141746,1.3770578991346467,0.3557520218740287,0.0,0.0,0.0,0.0,0.0,0.0,0.0,0.0
2021-11-19,16.84,17.26,15.79,16.14,14599771,-0.02946482260974137,-0.004318322023442289,-0.0253623188405796,-0.0253623188405796,0.11618257261410792,0.14468085106382977,16.532,15.432000000000002,14.809999999999999,16.03684357133049,15.45797642016209,0.5788671511683994,0.493449405555022,0.0854177456133774,0.03586537491749686,0.0052923014630345344,57.16060274873517,15.432000000000002,1.0385952050727947,17.509190410145592,13.354809589854412,0.26920560007070893,0.6704225083415378,0.7994913675065982,0.04953478113423781,30.01540226726338,28.263710766801864,13.903369715417192,59.574468085106425,65.24822695035466,33092503.0,22298714.05,0.503967639038701,0.10893094752881365,-0.7451025332873749,11126668.1,0.639711546972033,1.3121422216233807,0.09107806691449828,0.045878693623639055,0.08980418636056742,4.0,11.0,-0.0718599033816425,0.0,1469.83,1452.35,-0.011892531789390648,-0.01426661327433032,0.04542771587342709,0.1223813813724473,-0.017572290820350722,-0.011095705566249281,0.09925313519040269,0.0949402179446519,1.4999536352530296,0.3940483472997113,0.0,0.0,0.0,0.0,0.0,0.0,0.0,0.0
2021-11-22,16.56,16.56,15.09,15.37,13339479,-0.04770755885997535,-0.0757666867107637,-0.051819864281307915,-0.10221962616822444,0.02330226364846877,0.11215629522431247,16.182,15.5095,14.832333333333333,15.93425225266426,15.451459648298233,0.48279260436602733,0.49131804531722306,-0.008525440951195729,0.03141136007586385,-0.0005546806084057078,49.48655460111811,15.5095,0.9673647056226592,17.444229411245317,13.574770588754681,0.24948959170125637,0.4639484469535694,0.8473848412561269,0.0551323904525782,28.98522780326888,24.7615362104161,18.081101021813268,36.17021276595744,56.73758865248231,19753024.0,23808619.6,0.5327143531397734,0.004550920246227543,-0.8253661625515772,11593004.85,0.33710245354910934,1.1506489622489893,0.09564085881587502,-0.00899448724975016,0.03624963480684085,0.0,11.0,0.03145057766367132,1.0,1452.35,1447.25,-0.0035115502461526837,-0.019856830356840494,0.044644146094990456,0.12281569029557933,-0.04419600861382267,-0.08236279581138395,0.06751214912932202,0.06462693480999326,1.7233612546325257,0.4417253586233475,0.0,0.0,0.0,0.0,0.0,0.0,0.0,0.0
2021-11-23,15.58,16.14,15.09,16.07,6644525,0.045543266102797686,-0.004337050805452325,-0.03367408298256158,-0.029589371980676238,0.0,0.1569474442044636,16.084,15.618500000000001,14.856833333333332,15.955136521485143,15.497277452127994,0.4578590693571485,0.48462625012520816,-0.026767180768059673,0.028491541341452924,-0.0016656615288151632,55.354635484653734,15.618500000000001,0.8954227169920758,17.409345433984154,13.82765456601585,0.22932361417346758,0.6260577801501082,0.8618573525949751,0.05363144695675016,28.028637229559706,22.606753623495422,16.50765899854462,57.44680851063833,51.063829787234084,26397549.0,25524348.9,0.5509759205287275,-0.10309696512043853,-1.0425480892280121,11798828.6,-1.0574089427729332,0.563151243675156,0.06533914125700066,0.02890802573870732,0.08165714990857187,1.0,11.0,0.0,0.0,1447.25,1463.63,0.01131801692865797,-0.0019230113539500104,0.05173789010009844,0.12681844870547168,0.034225249174139716,-0.027666360626726227,0.10520955410436517,0.1000340057106357,1.7475791276634705,0.4485847922829355,0.0,0.0,0.0,0.0,0.0,0.0,0.0,0.0
2021-11-24,15.86,16.35,15.58,15.86,6734469,-0.013067828251400182,0.03188028627195827,-0.01734820322180919,-0.021591610117211668,-0.04227053140096615,0.11847672778561358,16.014,15.702499999999997,14.862666666666666,15.94050013356435,15.524145789007402,0.4163543445569484,0.47097186901155624,-0.054617524454607824,0.026251850224271654,-0.0034437278975162564,53.35224960527729,15.702499999999997,0.8297677227299347,17.362035445459867,14.042964554540127,0.21137213124787393,0.5474530388702719,0.8552961131239055,0.053927875985113845,27.416068254800503,22.906800059776348,15.446130446048528,48.888888888888886,47.50197005516157,19663080.0,26518015.25,0.5535288310089828,0.04499862047066106,-1.0889610979320357,11750212.55,-1.0190369812836517,0.5731359302091944,0.0485498108448929,0.010030249960197635,0.06710325648156457,2.0,11.0,-0.004375000000000018,0.0,1463.63,1488.87,0.017244795474265828,0.008822034759629949,0.04627482396593163,0.11670647600177143,-0.03031262372566601,-0.030413644876841617,0.07220190381968195,0.06900854552343971,1.3799609019748902,0.380096387697803,0.0,0.0,0.0,0.0,0.0,0.0,0.0,0.0
2021-11-25,16.0,16.14,15.72,15.93,10893706,0.004413619167717542,-0.008711885500933492,0.03643461288223815,-0.042092603728202005,-0.01727328809376938,0.07562457798784594,15.874,15.758499999999998,14.873166666666666,15.938884728400605,15.554209063895742,0.38467566450486324,0.4537126281102177,-0.06903696360535444,0.024147875989005852,-0.004333770471145916,53.95022691085274,15.758499999999998,0.803749600965901,17.3659992019318,14.151000798068196,0.2040167784918364,0.553343727883007,0.8242035336150552,0.051739079322978984,26.847254206809815,22.07302056992251,14.883910200099082,48.837209302325576,51.724302233950944,30556786.0,27251585.4,0.5347696459697644,0.16256889115430842,-0.8279461767064971,11490116.35,-0.12382274363312917,0.9480936196089955,0.026365348399246702,0.010883015515436245,0.0710563766962875,3.0,11.0,0.035153797865662195,1.0,1488.87,1500.81,0.008019504725059967,0.02107726743909155,0.043671462646295955,0.11467433408662077,-0.0036058855573424253,-0.06316987116729356,0.03195311534154999,0.030616066918732088,1.3728220128998656,0.3814883145590337,0.0,0.0,0.0,0.0,0.0,0.0,0.0,0.0
2021-11-26,15.93,16.84,15.51,16.49,12582220,0.035153797865662195,0.039722572509457654,0.026135656502800142,0.021685254027261402,-0.004227053140096637,0.12406271301976823,15.943999999999999,15.8495,14.887166666666667,16.02367169326205,15.623526911014576,0.4001447822474731,0.4429990589376688,-0.0428542766901957,0.024265905533503523,-0.0025988039229954945,58.53017799012003,15.8495,0.7765949631837191,17.40268992636744,14.296310073632563,0.19599229330482834,0.7061885636542795,0.8603318526425513,0.05217294436886303,27.183347754345245,25.447373195529075,13.240391522200165,61.111111111111086,52.94573643410853,43139006.0,28967895.4,0.5430559438528985,-0.015323975303978108,-0.9730958345988748,11765598.5,0.17349073434714662,1.0694075613747995,0.08065494238932688,0.040411369443830836,0.10766543891270985,4.0,11.0,0.04729729729729737,1.0,1500.81,1493.03,-0.0051838673782823586,0.028009777257548052,0.0337610003669675,0.11722830050783996,0.040337665243944554,-0.006324523230286649,0.09030171265280074,0.08735260144341406,1.2638012950780857,0.3510666574257189,0.0,0.0,0.0,0.0,0.0,0.0,0.0,0.0
2021-11-29,16.28,17.19,16.07,17.05,13682516,0.03395997574287457,0.07030759573132461,0.07503152585119799,0.10930383864671445,-0.004088785046728938,0.10930383864671445,16.279999999999998,15.9335,14.915166666666668,16.18156835583712,15.729191584272755,0.4523767715643636,0.4448746014630078,0.007502170101355843,0.026532361968584377,0.000440009976619111,62.54217486313362,15.9335,0.8120492271830824,17.557598454366165,14.309401545633836,0.20385959825100125,0.8437291615537359,0.8788795774537977,0.051547189293477874,27.86131020876929,25.975557211025883,12.035185087838915,82.35294117647067,64.10042052996913,56821522.0,30533258.9,0.5312474895265732,-0.02515542368006938,-0.8776576798082545,11614652.0,0.4507830476269185,1.1780392559329371,0.06568914956011736,0.07007248878149808,0.14313171156876114,0.0,11.0,0.04072134962187324,1.0,1493.03,1484.84,-0.005485489240001917,0.0259733978234582,0.03187696755318026,0.11849916642565159,0.03944546498287649,0.08333044082325625,0.07742687109353419,0.07503498336350245,1.2292855087738201,0.3387522035703188,0.0,0.0,0.0,0.0,0.0,0.0,0.0,0.0
2021-11-30,17.19,18.32,17.19,17.89,20347121,0.04926686217008802,0.08489993935718632,0.1230382925298179,0.11325451151213439,0.08031400966183577,0.16928104575163405,16.644,16.063,14.967666666666668,16.444403993400638,15.889251466919218,0.5551525264814199,0.4669301864666902,0.08822234001472967,0.03103144362668641,0.004931377306580753,67.60489326854037,16.063,0.9067065909683731,17.876413181936744,14.249586818063253,0.22578760903153153,1.0037462003140247,0.9068167504928122,0.05068847124051493,29.424767279336415,32.27790490133257,10.831233773431446,86.687306501548,76.7171195963766,77168643.0,33507116.25,0.5513984396626144,-0.16461487838056008,-1.054633448370211,12240870.25,1.6585914379197932,1.6622283043969035,0.06316377864728893,0.11373965012762266,0.1952430795269804,1.0,11.0,-0.011557512383049029,0.0,1484.84,1478.44,-0.004310228711510877,0.0101186775346227,0.01788689533618837,0.11652553790900665,0.0535770908815989,0.10313583397751169,0.15139415041544568,0.14873376512568526,1.058256129889344,0.291250184507434,0.0,0.0,0.0,0.0,0.0,0.0,0.0,0.0
2021-12-01,18.17,18.32,17.54,17.96,12015183,0.003912800447177123,0.053372434017595394,0.08914493632504561,0.13240857503152603,0.10795805058605801,0.23606331727460428,17.064,16.234499999999997,15.023666666666665,16.67757260980054,16.042640247147425,0.6349323626531138,0.500530621703975,0.13440174094913881,0.03535258143948295,0.007483393148615747,67.9931222588418,16.234499999999997,0.9256717333347548,18.085843466669505,14.383156533330487,0.2280752060943681,0.9660129335979207,0.8977584111718971,0.04998654850623035,30.87654884486303,30.274759741618713,10.159054659783871,88.85448916408671,85.96491228070181,89183826.0,37758235.55,0.5065411488724159,-0.1315727744688071,-0.8848489588237456,12165126.6,-0.030737929562164083,0.9876743082969642,0.04342984409799561,0.1062859958729867,0.19544718333296363,2.0,12.0,0.024035774175517055,1.0,1478.44,1485.19,0.004565623224479953,-0.002471673148092046,0.02831129266772847,0.1145461350924948,-0.0006528227773028306,0.13488024817961808,0.2077520246068758,0.20203223098708634,1.0425661443717058,0.28491874780467025,0.0,0.0,0.0,0.0,0.0,0.0,0.0,0.0
2021-12-02,17.89,18.81,17.68,18.32,13559343,0.020044543429843964,0.024035774175517055,0.07448680351906156,0.15003138731952292,0.10162357185808779,0.2608396421197523,17.541999999999998,16.424,15.081,16.930253746754303,16.211333562173543,0.7189201845807602,0.544208534279332,0.1747116503014282,0.03924236815397163,0.009536662134357434,69.9853155502122,16.424,0.9460800010682467,18.316160002136492,14.531839997863505,0.23041402851150675,1.0010147127777704,0.9143470960881902,0.049909775987346625,32.56227217435612,31.430113541945904,9.26226082306155,86.82795698924735,87.45658421829404,102743169.0,42687322.0,0.5056945959968151,-0.23336604162914554,-0.8395399389023025,12478911.35,0.22756945086694116,1.0865806014400448,0.06168122270742352,0.11544081831466158,0.2147735561302302,3.0,12.0,-0.05403930131004375,0.0,1485.19,1482.05,-0.0021142076098008555,-0.012499916711642411,0.023274921634422796,0.115089227260824,0.02215875103964482,0.16253130403116534,0.2375647204853295,0.23216118705018185,0.9966397799523227,0.27126126382555604,0.0,0.0,0.0,0.0,0.0,0.0,0.0,0.0
2021-12-03,18.32,18.53,17.26,17.33,13961635,-0.05403930131004375,-0.035077951002227326,-0.03130240357741765,0.050939963614311745,0.07372986369268886,0.1984785615491007,17.71,16.567500000000003,15.121833333333335,16.991753170330565,16.29419774275328,0.6975554275772851,0.5748779129389227,0.1226775146383624,0.04025132299926631,0.007078910250338281,59.09254757156595,16.567500000000003,0.8447352434811723,18.25697048696235,14.878029513037658,0.20394996070165625,0.7256624208248124,0.9397508749390338,0.054226824866649384,33.246022144843316,28.396160208237653,11.56050888319415,60.215053763440835,78.63249997225832,88781534.0,47241942.0,0.5553273882684511,-0.33049559270833406,-0.9175070476212189,12853377.8,0.24411985000264358,1.0862230315831842,0.07328332371609923,0.046023841859061054,0.14602506309860996,4.0,12.0,-0.0323139065204846,0.0,1482.05,1443.32,-0.026132721568098205,-0.03329470941642165,-0.00905589388332384,0.14900607253632753,-0.027906579741945547,0.0842346730307334,0.20753445543242455,0.20943104071299556,1.2218734938619507,0.35887724422833894,0.0,0.0,0.0,0.0,0.0,0.0,0.0,0.0
2021-12-06,17.33,17.75,16.14,16.77,13604216,-0.0323139065204846,-0.08460698689956336,-0.06625835189309581,-0.016422287390029378,0.09108653220559537,0.11651131824234362,17.654,16.654999999999998,15.160333333333334,16.957637297972017,16.329442354401184,0.6281949435708327,0.5855413190653047,0.04265362450552801,0.037459448036424134,0.002543448092160287,53.97500423764101,16.654999999999998,0.7626511929483328,18.180302385896663,15.129697614103332,0.18316450145862095,0.5376974431638347,0.9876258124433884,0.05889241576883652,31.986248081741003,25.08968686296499,18.314627087061,45.161290322580655,64.06810035842297,75177318.0,50678870.65,0.5632305826000769,-0.11092085692443285,-1.0899417978025263,13096108.05,0.11450396194716454,1.0387983932371418,0.09600477042337505,0.006904833383368558,0.10617620544842898,0.0,12.0,0.05008944543828253,1.0,1443.32,1413.58,-0.020605271180334284,-0.04799170280973031,-0.03678870513842614,0.16196678318421673,-0.01170863534015032,0.03156941541970093,0.15330002338076976,0.15915513470261056,1.242593269730231,0.3857185435084606,0.0,0.0,0.0,0.0,0.0,0.0,0.0,0.0
2021-12-07,16.77,17.75,16.7,17.61,11055839,0.05008944543828253,0.016156953260242357,-0.038755458515283836,-0.015651201788708824,0.09583074051026763,0.09583074051026763,17.598,16.732,15.212833333333334,17.058000790591706,16.42429847629739,0.6337023142943146,0.5951735181111067,0.038528796183207814,0.03598536708088101,0.0021878930257358212,59.623507077747306,16.732,0.7780650764287974,18.288130152857594,15.175869847142405,0.18600647296887338,0.7821100787706246,0.992081111554575,0.0563362357498339,30.816457880288855,23.192940223193023,16.930065869705327,67.74193548387098,57.70609318996418,86233157.0,53327516.15,0.5372583265378225,-0.29343764290716257,-1.336022560462705,12307824.9,-0.4096389966251295,0.8982772414969926,0.059625212947189137,0.052474300741094826,0.15757529279007843,1.0,12.0,-0.007981755986317007,0.0,1413.58,1446.77,0.023479392747492334,-0.02142122778063371,-0.010078686281217886,0.18479043979969698,0.026610052690790198,0.0057700259919248875,0.10590942679148552,0.1069877224823268,1.3350303141146938,0.4278191473049565,0.0,0.0,0.0,0.0,0.0,0.0,0.0,0.0
2021-12-08,17.54,17.89,16.84,17.4,5973805,-0.011925042589437829,0.0375670840787119,0.0040392383150607,-0.03118040089086871,0.09709962168978548,0.050724637681159424,17.486,16.773999999999997,15.259500000000001,17.110616053577598,16.496572663238325,0.6140433903392726,0.59894749255674,0.015095897782532619,0.03528985001949843,0.0008675803323294609,57.71644912614389,16.773999999999997,0.7908582945797056,18.355716589159407,15.192283410840586,0.18859146168587224,0.6978862725125379,0.9962181750149626,0.0572539181043082,29.88901208339281,22.450662542173635,15.655490709290461,62.09677419354838,58.33333333333335,80259352.0,55156635.6,0.5317719330814149,-0.12437371778738925,-1.334499567325961,12085679.35,-1.8252567786110656,0.49428789454024363,0.06034482758620694,0.0373196613807083,0.14027327238769272,2.0,12.0,0.02404121350887256,1.0,1446.77,1452.87,0.004216288698272619,-0.021761525461388875,-0.008293402137854788,0.18527107903801351,-0.016141331287710448,-0.009418875429479834,0.05901803981901421,0.05951159339490264,1.3215759956377378,0.4224692961058288,0.0,0.0,0.0,0.0,0.0,0.0,0.0,0.0
2021-12-09,17.47,18.03,16.84,17.89,9343589,0.028160919540229923,0.015900056785917105,0.0667859272510436,-0.02347161572052403,0.1230382925298179,0.10363972856261561,17.4,16.858,15.313166666666666,17.23052127610412,16.599789502998448,0.6307317731056727,0.6053043486665265,0.02542742443914625,0.0352561080550963,0.0014213205388007965,60.862065410943586,16.858,0.8166014295463259,18.491202859092652,15.224797140907349,0.19375997853750765,0.8159436056134942,1.0100597339424653,0.056459459694939367,29.189717286771398,21.551402542431386,14.338027330074626,75.26881720430111,68.36917562724017,89602941.0,57977399.6,0.5308739612944721,-0.324267884937257,-1.2427507311715997,12028393.7,-0.7927190464181562,0.7767944110442611,0.06651760760201236,0.06121722624273351,0.16827566690974005,3.0,12.0,0.044117647058823595,1.0,1452.87,1467.98,0.010400104620509776,-0.00949360682837952,0.0038499675180361237,0.18902587041553068,0.017760814919720147,-0.013978008892144511,0.09978976104457948,0.09940704714201876,1.3470429058062086,0.43139969105315,0.0,0.0,0.0,0.0,0.0,0.0,0.0,0.0
2021-12-10,17.68,18.53,17.68,18.46,13478194,0.03186137506987152,0.060919540229885216,0.04826802952867704,0.06520484708597829,0.1194663432383265,0.11473429951690828,17.625999999999998,16.953,15.371666666666668,17.41967184901118,16.73758287314671,0.6820889758644704,0.6206612741061153,0.0614277017583551,0.0369495653231024,0.003327611146173082,64.19861497439778,16.953,0.8875459958430929,18.728091991686185,15.177908008313814,0.20941331819573944,0.9244850427634684,0.9986268958037179,0.054096798255889374,29.0878211250039,23.817464641732784,13.466307279718109,90.59139784946242,75.98566308243731,103081135.0,60782381.3,0.5362336643429911,-0.3437944904421086,-1.286124698950445,12012611.4,0.4337459395570495,1.1220036635830906,0.04604550379198274,0.08889282132955834,0.20091076656185614,4.0,12.0,0.007583965330444142,1.0,1467.98,1463.54,-0.0030245643673619815,0.014009367292076691,-0.006671779661592048,0.1873437826563898,0.034885939437233504,0.0511954797939016,0.12140607917850033,0.1222215141910894,1.306720256560506,0.41626834942244684,0.0,0.0,0.0,0.0,0.0,0.0,0.0,0.0
2021-12-13,18.46,19.02,18.39,18.6,9008661,0.007583965330444142,0.03968697596422577,0.06896551724137945,0.10912343470483021,0.09090909090909105,0.08644859813084116,17.992,17.027,15.4325,17.601260795317152,16.875539697358064,0.725721097959088,0.6416732388767099,0.0840478590823781,0.03901726333113376,0.0045187021012031234,64.9881165746738,17.027,0.9608718628632926,18.948743725726587,15.105256274273415,0.2257289864011964,0.909263727244711,0.9722964032463094,0.05227400017453276,29.46753300088745,26.3148657254092,12.843057182768195,88.03418803418809,84.63146769598389,112089796.0,63407501.65,0.5261682421311492,-0.2665276349176705,-1.20961654712845,11832750.05,-0.8207586224906058,0.7613328230490256,0.033870967741935425,0.0923826863217243,0.20524866353474835,0.0,12.0,-0.011164274322168932,0.0,1463.54,1476.21,0.008657091709143527,0.04430594660365883,-0.0002438082854181456,0.18986157268721507,-0.001073126378699385,0.06481748810117138,0.0866924064162593,0.08671354789769481,1.2978425569678165,0.4153396754470102,0.0,0.0,0.0,0.0,0.0,0.0,0.0,0.0
2021-12-14,18.81,19.23,18.1,18.6,13682521,0.0,0.007583965330444142,0.03968697596422577,0.05621805792163559,0.03968697596422577,0.12318840579710155,18.19,17.128999999999998,15.494499999999999,17.754912980652975,17.003277497553764,0.7516354830992107,0.6636656877212102,0.08796979537800054,0.04041050984404358,0.0047295588912903514,64.9881165746738,17.128999999999998,1.0154174666506488,19.159834933301294,15.0981650666987,0.23712241617155672,0.862166312948135,0.983560945871573,0.052879620745783486,29.288759619905868,24.155380235863262,13.895163194985587,83.06451612903228,87.23003400422762,112089796.0,66462543.9,0.5078330254442914,-0.3738585527322689,-0.9163387176375689,12086954.2,0.47254962978124954,1.132007350536664,0.060752688172042955,0.08587775118220575,0.20042595759785753,1.0,12.0,-0.02311827956989243,0.0,1476.21,1476.02,-0.000128707975152631,0.020217449905651996,0.00652596406287298,0.18810810289691784,0.000128707975152631,0.03600060801598359,0.11666244173422857,0.11590604306253272,1.3057310138107567,0.41428674318522674,0.0,0.0,0.0,0.0,0.0,0.0,0.0,0.0
2021-12-15,18.6,18.81,18.03,18.17,8646279,-0.02311827956989243,-0.02311827956989243,-0.015709642470205787,0.04425287356321861,0.011692650334075738,0.12091301665638499,18.344,17.227,15.544666666666668,17.818772522090978,17.089701386623855,0.7290711354671231,0.6767467772703928,0.052324358196730314,0.04012499369659455,0.0028797115133038145,60.25491044426352,17.227,1.0166358350229991,19.260271670046,15.193728329954002,0.23605638475021748,0.7318922783148472,0.9690208783093176,0.053330813335680655,28.994125392404484,22.76655592245306,13.612239371124966,71.50537634408606,80.86802683576883,103443517.0,69848496.4,0.5093012169535162,-0.3688569547275826,-0.9397090845288472,11756043.95,-0.9219556921254382,0.7354752191105921,0.04292790313703894,0.05473965287049398,0.16888965132735767,2.0,12.0,0.027517886626307053,1.0,1476.02,1475.5,-0.000352298749339397,0.01557606668180922,-0.00023715147203295928,0.18676550986876095,-0.022765980820553033,0.02867680688140939,0.12115016812841795,0.12117890588432778,1.3066942345184067,0.4106643653106023,0.0,0.0,0.0,0.0,0.0,0.0,0.0,0.0
2021-12-16,18.17,18.81,18.03,18.67,8389607,0.027517886626307053,0.0037634408602149616,0.0037634408602149616,0.04359977641140311,0.019104803493449785,0.12266987372218896,18.5,17.329,15.607833333333334,17.949730595615442,17.206760543170237,0.7429700524452052,0.6899914323053553,0.052978620139849886,0.03979486087012347,0.002837633644341183,63.57680426890241,17.329,1.055192175063895,19.439384350127792,15.218615649872211,0.24356677824776854,0.8177146380750023,0.9555193870015091,0.05117939941090032,28.720536466867486,21.43908688451526,12.81853889382329,82.27848101265826,78.94945782859222,111833124.0,73055538.9,0.5101572644496822,-0.3717683950311491,-0.9488101552498949,11577133.95,-0.9225613599679621,0.7246704612932289,0.041778253883235,0.07738473079808417,0.19619421871496168,3.0,12.0,-0.007583965330444253,0.0,1475.5,1476.61,0.000752287360216819,0.0058788266870120065,0.0046127783485163665,0.18613377908778447,0.026765599266090234,0.037720949724391106,0.1180570953736726,0.11751502461251473,1.3028139179392033,0.4091753207856224,0.0,0.0,0.0,0.0,0.0,0.0,0.0,0.0
2021-12-17,18.46,18.74,18.1,18.32,8052811,-0.018746652383503037,0.008255365987892116,-0.01505376344086029,-0.007583965330444253,0.05712637045585711,0.13506815365551428,18.472,17.438,15.6675,18.006695119366913,17.289222725157625,0.7174723942092882,0.6954876246861419,0.02198476952314632,0.03916334029526682,0.0012000420045385546,59.80848417375785,17.438,1.038367139209328,19.514734278418654,15.361265721581344,0.23818491551997426,0.7123526368215983,0.9329822879299725,0.050926980782203736,28.466489607440273,20.388614055640204,12.190455856221291,70.55016181229773,74.7780063896807,103780313.0,76589929.4,0.5015389430028676,-0.39213971043115886,-0.8256561143438055,11249785.95,-0.9229764792935616,0.7158190418725257,0.034934497816593725,0.050579194861796184,0.16929950534546023,4.0,12.0,-0.01972602739726026,0.0,1476.61,1479.79,0.002153581514414915,0.011103215491206297,0.018893517402829962,0.18052836208528442,-0.020900233897917952,-0.01868718082165055,0.11617463625268432,0.11402039002938658,1.2937210924546425,0.40454634542846335,0.0,0.0,0.0,0.0,0.0,0.0,0.0,0.0
2021-12-20,18.25,18.25,17.75,17.89,8025416,-0.02347161572052403,-0.041778253883235195,-0.015410016510732039,-0.03817204301075272,0.0667859272510436,0.16395575797007167,18.330000000000002,17.564,15.734166666666669,17.988742024079695,17.33372474551632,0.6550172785633741,0.6873935554615884,-0.03237627689821432,0.036613598578165124,-0.001809741581789509,55.45929283557602,17.564,0.9204140944506743,19.404828188901348,15.723171811098652,0.20961377691885083,0.5885471012356035,0.9070549816492602,0.05070178768302181,27.503135648534375,19.47344587424696,14.39944465824433,56.63430420711974,69.82098234402527,95754897.0,80390023.05,0.47316061723668557,-0.30582780388101294,-0.7984096980845771,10984082.8,-0.8456537781952159,0.7306405228482071,0.02794857462269424,0.018560692325210626,0.13701604787881982,0.0,12.0,0.007825600894354467,1.0,1479.79,1477.33,-0.0016623980429655294,0.0007586996430046788,0.020784245983762162,0.18003438592928678,-0.0218092176775585,-0.0389307426537574,0.1431715119863095,0.14025638870271795,1.1370274737467343,0.35000867724496654,0.0,0.0,0.0,0.0,0.0,0.0,0.0,0.0
2021-12-21,17.89,18.46,17.33,18.03,8103430,0.007825600894354467,-0.015829694323144072,-0.03427959292983396,-0.030645161290322576,0.023850085178875657,0.12196639701306777,18.216,17.662,15.802,17.995089404990512,17.38530069029289,0.609788714697622,0.6718725873087952,-0.06208387261117321,0.03382078284512601,-0.003443365092133844,56.566713629110325,17.662,0.8549890734914546,19.371978146982908,15.95202185301709,0.19363358022680432,0.6076037143074906,0.9229796258171704,0.05119132700039769,25.827162253232153,17.770498994196327,16.39056023471261,61.165048543689345,62.78317152103563,103858327.0,84263061.95,0.4519788529648737,-0.26337646679157245,-0.5871521456663394,11057028.05,-0.8642047017193296,0.732875955759197,0.06267332224071007,0.020835692447061627,0.14099481078344533,1.0,12.0,0.003912800447177123,1.0,1477.33,1478.74,0.0009544245361565729,0.0018427934580831362,0.010323647369895328,0.17593749882390738,0.006871176358197895,-0.03248795474840571,0.11164274964317245,0.11050196630931497,1.158011174797359,0.35294203762750814,0.0,0.0,0.0,0.0,0.0,0.0,0.0,0.0
2021-12-22,17.89,18.17,17.82,17.96,7583028,-0.0038824181919023815,0.003912800447177123,-0.01965065502183405,-0.011557512383049029,0.03218390804597715,0.13240857503152603,18.174,17.767000000000003,15.861500000000001,17.98969103499197,17.427871009530453,0.5618200254615182,0.6498620749393398,-0.08804204947782157,0.03128173861144311,-0.004902118567807437,55.8194127099964,17.767000000000003,0.7437536377622083,19.254507275524418,16.27949272447559,0.1674460826841239,0.5648736322758342,0.8820525096873727,0.049112055105087565,24.27090124330866,17.266830028941214,15.926002851373775,58.899676375404546,58.89967637540457,96275299.0,88093672.9,0.44795549811761054,-0.30893832028317436,-0.4713954445280353,11099456.0,-1.0446597809132536,0.6831891580992798,0.01948775055679295,0.010862835594078746,0.13230148472716952,2.0,12.0,0.02773155851358844,1.0,1478.74,1477.67,-0.0007235890014470892,0.0014706879024060093,-0.007522483494193488,0.16454578793204988,-0.0031588291904552923,-0.013028200285455038,0.13993105852571952,0.14099166600606905,1.1734500091431455,0.3603653731599392,0.0,0.0,0.0,0.0,0.0,0.0,0.0,0.0
2021-12-23,18.03,18.81,17.75,18.53,12068916,0.031737193763919924,0.02773155851358844,0.035774175517048645,-0.007498660953401237,0.035774175517048645,0.16321406151914641,18.146,17.897,15.931666666666667,18.07281549114705,17.50951019400968,0.5633052971373722,0.6325507193789464,-0.06924542224157415,0.030399638269690887,-0.0037369359007865164,60.40633868159509,17.897,0.6232267476189407,19.14345349523788,16.65054650476212,0.1392918919637794,0.7539204239943174,0.8947630447097031,0.048287266309212255,23.81245267911993,20.914815815274498,14.57835451329712,77.34627831715213,65.80366774541535,108344215.0,91983044.35,0.4565913855856264,-0.4111974482445815,-0.5770269814949686,11158216.5,0.2700313606471766,1.0816169412020282,0.057204533189422486,0.03536905626641351,0.16309237367925533,3.0,12.0,-0.007555315704263377,0.0,1477.67,1456.96,-0.01401530788335692,-0.013307508414543978,-0.02921755585317254,0.16827036802044176,0.045752501647276844,0.005808847461142741,0.19243161737231895,0.1982232152348382,1.0108190841471458,0.3170468393173183,0.0,0.0,0.0,0.0,0.0,0.0,0.0,0.0
2021-12-24,18.53,18.95,18.1,18.39,4550699,-0.007555315704263377,0.02394209354120269,0.019966722129783676,0.003820960698689868,-0.003791982665222071,0.11522134627046698,18.16,17.992,16.00433333333333,18.12161310789366,17.574731661120072,0.5468814467735861,0.6154168648578743,-0.0685354180842882,0.029737979704925834,-0.003726776404800881,58.79181298076315,17.992,0.5362010620538595,19.06440212410772,16.919597875892283,0.1192087732445218,0.6855647201049474,0.8915656843732956,0.04848100513177246,23.579198996711277,20.612170583633603,13.585590439176618,66.79841897233203,67.68145788829625,103793516.0,95015769.85,0.4479668642739478,-0.24462664157135047,-0.536381679363391,10756640.45,-1.6956120983000709,0.4230595064651436,0.04622077215878183,0.022120942641173924,0.14906379522212743,4.0,12.0,0.034257748776509,1.0,1456.96,1477.03,0.01377525807160107,-0.0018651295116198785,-0.010716462495730106,0.1759405542423086,-0.021330573775864448,0.005686090210309747,0.1259378087661971,0.12730203626344427,0.9146765820401606,0.29180813511418097,0.0,0.0,0.0,0.0,0.0,0.0,0.0,0.0
2021-12-27,18.39,19.65,18.39,19.02,17240791,0.034257748776509,0.026443604964921708,0.059020044543429684,0.06316377864728895,0.022580645161290214,0.11554252199413484,18.386000000000003,18.0905,16.091,18.259826475910018,17.681788575111177,0.5780379007988401,0.6079410720460675,-0.02990317124722741,0.030391056824334392,-0.0015721961749330922,63.51730042429449,18.0905,0.53499114601656,19.16048229203312,17.020517707966878,0.11829217457042325,0.9343529827179741,0.9178824212037744,0.04825880237664429,24.214441691151933,24.038431480261877,12.253499191669823,77.58007117437725,73.90825615462049,121034307.0,98226409.1,0.4482159085927949,-0.2441228322707234,-0.5393595026041489,10934554.2,1.6215438993723559,1.5767255513718155,0.06624605678233428,0.05138055885685855,0.18202722018519668,0.0,12.0,-0.03587903639159418,0.0,1477.03,1488.88,0.00802285667860514,0.0078181584344732,0.002720831874141405,0.17737159217059087,0.02623489209790386,0.05534562021281575,0.11282169011999343,0.11251555421375192,0.955666423686696,0.3046329768406825,0.0,0.0,0.0,0.0,0.0,0.0,0.0,0.0
2021-12-28,19.51,19.51,18.74,18.81,11697904,-0.01104100946372244,0.02283849918433911,0.015110631408526531,0.043261231281197965,0.011290322580645107,0.05142537730575736,18.541999999999998,18.1365,16.171833333333336,18.344468556539244,17.765359791769608,0.5791087647696358,0.6021746105907811,-0.023065845821145348,0.030787281486955653,-0.0012262544296196358,61.005997697072125,18.1365,0.5559844280291049,19.24846885605821,17.024531143941793,0.12262221002488995,0.8028412155298446,0.9073193911177908,0.04823601228696389,24.804309907418254,22.581266843026903,11.51071504957013,70.1067615658363,71.49508390418187,109336403.0,99834797.1,0.4210519240803474,-0.18525160046790629,-0.40401530443828837,10502093.35,0.3726839228095004,1.113864027879737,0.040935672514620054,0.03713505913489357,0.1631334315837205,1.0,12.0,-0.0037214247740563478,0.0,1488.88,1494.39,0.003700768362796092,0.010583334460419147,0.010788398582289416,0.17695154183567216,-0.014741777826518532,0.03267789682077882,0.04063697872346794,0.040203250037757154,0.9571886452602811,0.30126777048167336,0.0,0.0,0.0,0.0,0.0,0.0,0.0,0.0
2021-12-29,18.81,18.95,18.46,18.74,6424134,-0.0037214247740563478,-0.014721345951629883,0.01903208265361589,0.04342984409799544,0.03137039075398995,0.04342984409799544,18.698,18.1755,16.243166666666664,18.4053195478409,17.837555362749637,0.5677641850912636,0.5952925254908776,-0.02752834039961405,0.030296914892810226,-0.0014689616008331937,60.152263961870695,18.1755,0.5701290251017607,19.31575805020352,17.03524194979648,0.12547198703788295,0.7475316880679962,0.8775108631808056,0.04682555299790852,24.736065127708674,21.68060068301939,13.330777957367948,60.77586206896551,69.48756493639304,102912269.0,100521219.25,0.4216667042490928,-0.13742523405008034,-0.43344871438387367,10222540.9,-1.1469376105565168,0.6284283000520937,0.02614727854855915,0.031058292756732886,0.15371592156701808,2.0,12.0,0.0074428495481126955,1.0,1494.39,1485.82,-0.005734781415828616,0.0055154398478685085,0.0004241881510109735,0.17766271688289292,0.002013356641772268,0.03791440425012693,0.04300565594698447,0.04298742119227228,0.9332133267909307,0.29779414255995224,0.0,0.0,0.0,0.0,0.0,0.0,0.0,0.0
2021-12-30,18.81,19.3,18.67,18.95,7910124,0.011205976520811234,0.0074428495481126955,-0.003680336487907443,0.022665947112789908,0.014997321906802252,0.03438864628820948,18.782,18.207,16.31683333333333,18.48911654048076,17.919958669212626,0.5691578712681356,0.5900655946463292,-0.020907723378193688,0.03003471616190689,-0.0011033099408017779,61.875937520576294,18.207,0.595377810169671,19.397755620339343,17.01624437966066,0.1308019575261539,0.8119867701267949,0.859831515810748,0.04537369476573868,25.110952340215313,23.453474718494565,12.633100567029544,69.8275862068966,66.90340328056615,110822393.0,100925180.45,0.4179295327005905,-0.10046034662267381,-0.34500307846597217,9940079.95,-0.6241046225346921,0.7957807220655203,0.03324538258575193,0.04080848025484696,0.1613773097312592,3.0,12.0,-0.007360672975814997,0.0,1490.96,1485.97,0.00010095435517087914,0.01991132220513947,0.0026449849870113784,0.1774736124833188,0.011105022165640355,0.002754624907650438,0.0317436613011981,0.03165992128471018,0.9309733194168357,0.2969731094642698,0.0,0.0,0.0,0.0,0.0,0.0,0.0,0.0
2021-12-31,19.02,19.16,18.6,18.88,6392239,-0.0036939313984168942,0.007470651013874008,0.0037214247740564588,0.026644915715062556,0.03056768558951961,0.0894402769763416,18.880000000000003,18.2845,16.392833333333332,18.549252457329874,17.99107284186354,0.558179615466333,0.58368839881033,-0.025508783343996977,0.029564598276818486,-0.0013511008127117044,60.92982084414781,18.2845,0.5757692794498726,19.436038558899746,17.132961441100257,0.125957894271076,0.7585671124069773,0.8384149789671231,0.04440757303851288,25.300686716716765,22.334531221211737,12.626750462588735,66.81034482758622,65.80459770114946,104430154.0,101707611.45,0.3629520169046778,0.3391996023094804,-0.8191279448411163,9561610.15,-0.9904364380462277,0.6685316489294431,0.029661016949152477,0.032568569006535375,0.15172280569761187,4.0,12.0,0.04124263524370653,1.0,1485.97,1498.28,0.008284151093225223,0.014386979275979428,0.038078873707840355,0.14962928481957766,-0.011978082491642117,0.012257936439083128,0.05136140326850125,0.04947736108437217,0.925685585751427,0.29746792729798877,0.0,0.0,0.0,0.0,0.0,0.0,0.0,0.0
2022-01-04,18.67,19.51,18.67,19.44,13925205,0.029661016949152685,0.02585751978891837,0.03735325506937048,0.02208201892744488,0.08664058133035213,0.15921288014311274,18.964,18.418,16.481833333333334,18.686290540817588,18.09840077950328,0.5878897613143081,0.5845286713111256,0.003361090003182521,0.030241242865962352,0.00017289557629539715,65.47759249683182,18.418,0.512153348746169,19.442306697492338,17.39369330250766,0.11122887365537396,0.9988740201064857,0.8385281947551858,0.0431341663968717,25.91090051025472,23.717821770035748,11.72325665940599,90.94827586206908,75.86206896551732,118355359.0,103866513.5,0.34575314141125396,0.2877834443457353,-1.0699656169311227,9577659.6,1.349312043709624,1.453925654238119,0.04320987654320987,0.055489195352372844,0.1794804380580639,1.0,1.0,0.014403292181069727,1.0,1508.55,1525.58,0.01822089329097354,0.02464940089194556,0.07923145488759031,0.13487643644539102,0.011440123658179147,-0.0025673819645006812,0.07998142525552243,0.07410961281132522,1.0628094954253435,0.3440123182148059,0.0,0.0,0.0,0.0,0.0,0.0,0.0,0.0
2022-01-05,19.44,20.07,19.23,19.72,17945119,0.014403292181069727,0.044491525423728806,0.040633245382585725,0.04837852206273263,0.09373266777592892,0.11981828506530379,19.146,18.523500000000002,16.571833333333334,18.845322765307188,18.218519240280813,0.626803525026375,0.5929836420541755,0.03381988297219951,0.03178516861188515,0.0017150042075151882,67.51373300733745,18.523500000000002,0.5526707880830504,19.628841576166103,17.4181584238339,0.11934478647837618,1.0412354089448443,0.838633323701244,0.04252704481243631,27.075769225123537,26.790595795309102,10.884516557283673,87.22627737226273,81.66163268730604,136300478.0,106369879.55,0.3088772984837319,0.10532861639614012,-1.3198137048645133,9922123.6,2.1576357057935596,1.8085965992199493,0.04259634888438133,0.0645936243150591,0.1899709346179761,2.0,1.0,-0.0070742799393633815,0.0,1525.58,1522.5,-0.0020189042855831563,0.018810350711661483,0.05234418739675273,0.11449648460079302,0.016422196466652883,0.02956817135107115,0.06747409766855106,0.06411789838024928,1.055548167858139,0.342183635922131,0.0,0.0,0.0,0.0,0.0,0.0,0.0,0.0
2022-01-06,19.79,20.07,19.58,19.65,13250932,-0.003549695740365122,0.010802469135802406,0.040783898305084776,0.048559231590181495,0.0940979955456569,0.1293103448275863,19.328,18.636000000000003,16.6595,18.969119262952237,18.324554852111863,0.6445644108403741,0.6032997958114152,0.04126461502895884,0.03280226009365771,0.002099980408598414,66.45841980168214,18.636000000000003,0.5408122546107716,19.717624509221547,17.554375490778458,0.11607904155629367,0.9687393782939429,0.8137309434368696,0.04141124394080761,28.15743303178744,25.638285120142346,10.41635434399003,84.67153284671528,87.6153620270157,123049546.0,108509389.25,0.30387389234221307,0.07759880413061676,-1.2318591942438157,10285979.95,0.8084559639518681,1.2882517819801895,0.02493638676844794,0.05441081777205392,0.17950718809087896,3.0,1.0,0.06684931506849301,1.0,1522.5,1528.57,0.003986863711001654,0.028771991223701443,0.052103767026643766,0.1144558579137897,-0.0075365594513667755,0.019787240366480052,0.07720657780094253,0.07338304473439572,1.0516841714031036,0.34033181487750125,0.0,0.0,0.0,0.0,0.0,0.0,0.0,0.0
2022-01-20,18.25,19.61,18.1,19.47,14086000,-0.009160305343511421,-0.012677484787018245,0.0015432098765431057,0.027440633245382484,0.05072854830005391,0.08831749580771375,19.432,18.714999999999996,16.7465,19.046177837882663,18.409402640844316,0.6367751970383466,0.6099948760568016,0.026780320981545036,0.03270545439334087,0.0013754658953027755,63.70105015034301,18.714999999999996,0.5415037541788796,19.798007508357756,17.631992491642237,0.11573684299842478,0.8485663738125242,0.8663215903342358,0.044495202379775854,26.321927583665087,22.361760033285602,21.287824529620707,78.10218978102186,83.33333333333331,108963546.0,109477419.5,0.29701746566222964,0.2902566933676846,-1.0522231686725372,10523100.5,0.9487046485791342,1.33857887226298,0.07755521314843339,0.04034197168047027,0.16263099752187005,3.0,1.0,-0.05095862764883963,0.0,1438.99,1465.3,0.015601716119463038,-0.02055412586477723,-0.008371287229219093,0.18750891319252774,-0.02476202146297446,0.04799475911015971,0.09668878303693285,0.09750502561262842,0.9605429131446537,0.3173217368061952,0.0,0.0,0.0,0.0,0.0,0.0,0.0,0.0
2022-01-21,19.82,19.82,18.67,18.81,8743500,-0.03389830508474578,-0.042748091603053484,-0.046146044624746474,-0.00370762711864403,0.02283849918433911,0.018959913326110467,19.418,18.732499999999998,16.823666666666668,19.009842785900716,18.439076519300293,0.5707662666004225,0.6021491541655258,-0.03138288756510332,0.030343767496035224,-0.0016684150752314367,54.73384594506831,18.732499999999998,0.538476163769313,19.809452327538622,17.655547672461374,0.11498223168702781,0.5359811655624195,0.8865843338817904,0.04713367006282777,24.90296169973884,21.981808744949465,19.315487931293227,54.01459854014597,72.26277372262773,100220046.0,109334365.05,0.3079177058231732,0.215064900875175,-0.6352556773725172,10286365.8,-0.41604711613959927,0.8500086590348556,0.06113769271664001,0.00413719471506746,0.11806780131164407,4.0,1.0,-0.0586021505376344,0.0,1465.3,1472.89,0.005179826656657394,-0.01546102324835219,0.010933725016472717,0.18123445019595863,-0.03907813174140318,0.01175339612970816,0.00802618830963775,0.007939381297727532,0.9287079111018531,0.30213562977283637,0.0,0.0,0.0,0.0,0.0,0.0,0.0,0.0
2022-01-24,18.6,18.67,17.51,17.51,8196400,-0.06911217437533212,-0.10066769388803276,-0.10890585241730266,-0.09927983539094654,-0.07939011566771814,-0.0586021505376344,19.032,18.678,16.882833333333334,18.77909774191599,18.37025603638916,0.40884170552682875,0.5634876644377864,-0.15464595891095767,0.023349040863896556,-0.008831865157678906,42.148242623858266,18.678,0.6037915290285722,19.885583058057144,17.470416941942858,0.1293053922322671,0.016389372885384747,0.9161140243188052,0.05231947597480326,24.15304604376397,19.753736801169417,26.40208751517159,0.0,44.0389294403893,92023646.0,108331057.55,0.39468321678487084,-0.6985086623163217,1.406225965301793,10245752.75,-0.5497898823391729,0.7999802649932187,0.06624785836664764,-0.06253346182674802,0.03714818800161912,0.0,1.0,0.02996941896024463,1.0,1472.89,1439.71,-0.02252714051965865,-0.009037471435257793,-0.025266920780214308,0.1917537590758489,-0.046585033855673474,-0.09024236395568874,-0.03333522975742009,-0.03419934181786766,1.1634088074389985,0.3804861042919725,0.0,0.0,0.0,0.0,0.0,0.0,0.0,0.0
2022-01-25,16.35,17.54,16.32,16.84,12476400,-0.03826384922901205,-0.10473152578415734,-0.13507960965588084,-0.1460446247464503,-0.10473152578415734,-0.09462365591397859,18.456,18.59,16.93316666666667,18.480775012390453,18.256903737397373,0.2238712749930798,0.4955643865488451,-0.2716931115557653,0.013294018705052245,-0.016133795223026444,37.37790455297166,18.59,0.7306810089515448,20.051362017903088,17.12863798209691,0.15722022785401701,-0.09875649516027492,0.9378201654388905,0.055690033577131266,24.544737547132573,17.918206784285733,33.01235981240996,13.866666666666655,22.627088402270896,79547246.0,106703930.05,0.41408321174342705,-0.507973748462833,0.5632418050089844,10185446.7,0.6228082503259433,1.224924185210257,0.07244655581947737,-0.09413663259817107,-0.005502022657703387,1.0,1.0,-0.03841743119266061,0.0,1439.71,1479.58,0.0276930770780226,0.028243012217326502,-0.0062463059480953875,0.21554969530718407,-0.06595692630703465,-0.1742876369637768,-0.0883773499658832,-0.08893285176685561,0.846221930697248,0.2890576998345795,0.0,0.0,0.0,0.0,0.0,0.0,0.0,0.0
2022-01-26,17.44,17.44,15.93,16.77,7548300,-0.004156769596199594,-0.042261564820102904,-0.10845295055821369,-0.14656488549618318,-0.1051227321237993,-0.07705008255365997,17.880000000000003,18.52,16.98,18.217578856638074,18.146762719812383,0.07081613682569099,0.4106147366042143,-0.33979859977852334,0.004222786930571914,-0.020262289790013318,36.90790547357543,18.52,0.8329402581725476,20.185880516345094,16.854119483654905,0.17990070370897346,-0.02524775421452856,0.978690153621827,0.058359579822410676,25.20547121087206,15.943519921722991,32.22058263987324,20.289855072463762,11.385507246376825,71998946.0,105131701.5,0.40828425999335205,-0.6311380190576455,0.885803303919427,10130547.75,-0.6959003313391547,0.7451028499421465,0.090041741204532,-0.09449244060475159,-0.012367491166077826,2.0,1.0,-0.031528851873884434,0.0,1479.58,1481.58,0.0013517349518106236,0.026885409519056713,-0.008572059502539586,0.21514308037634017,-0.005508504548010218,-0.1734502950152399,-0.06847802305112038,-0.06907009602408498,0.8517740032784902,0.29067977320297006,0.0,0.0,0.0,0.0,0.0,0.0,0.0,0.0
2022-01-27,16.81,16.81,16.0,16.28,3784400,-0.029218843172331477,-0.03325415676959609,-0.07024557395773845,-0.16384180790960445,-0.14089709762532976,-0.1280128548473487,17.242,18.4005,17.01983333333333,17.919489801770677,18.00848399982628,-0.08899419805560171,0.31069294967225114,-0.39968714772785285,-0.005466474082039417,-0.02455080759999096,33.71229995571031,18.4005,0.9703904531575327,20.341280906315067,16.459719093684935,0.21094871403658225,-0.0463007166600181,0.9666408569345536,0.05937597401317896,25.819009612915867,14.989239432605117,30.292057852862573,8.45410628019327,14.203542673107917,68214546.0,102950772.6,0.4003741375437559,-0.46410614377995607,0.7903899417961338,9900287.4,-1.5448243292370656,0.38225152938489443,0.04975429975429967,-0.11524143365669415,-0.043468894133314895,3.0,1.0,-0.01734820322180919,0.0,1481.58,1470.76,-0.007303014349545722,0.0037261994130894927,-0.010135817259156576,0.21573555282628645,-0.021915828822785755,-0.16756800732269395,-0.11787703758819212,-0.11908405177546821,0.8884870112540953,0.30070291098862206,0.0,0.0,0.0,0.0,0.0,0.0,0.0,0.0
2022-01-28,16.14,16.28,15.16,15.86,7255900,-0.02579852579852593,-0.054263565891472854,-0.05819477434679332,-0.15683147262094632,-0.15995762711864403,-0.13427947598253276,16.652,18.2775,17.049166666666668,17.60264521688288,17.849337036876182,-0.24669181999330192,0.19921599573914053,-0.4459078157324424,-0.015554339217736565,-0.028115246893596624,31.217318873280263,18.2775,1.1247590385221053,20.52701807704421,16.02798192295579,0.2461516155977799,-0.037337313416149945,0.9775950814392285,0.0616390341386651,26.99702080692922,13.762617922968404,33.950663997346666,14.256619144602837,14.333526832419977,60958646.0,100809689.25,0.40399669292574375,-0.42448613024481524,0.626477874752431,9860441.85,-0.6540021679331145,0.7358595193175852,0.07061790668348052,-0.13226644781835595,-0.06974925460677461,4.0,1.0,0.017273288093769157,1.0,1470.76,1478.96,0.005575348799260249,0.004121149576682637,-0.004717457283794468,0.21678397334940053,-0.03137387459778618,-0.16095262219762896,-0.1295620186987383,-0.13017611897939374,0.867585086884035,0.2920603353556754,0.0,0.0,0.0,0.0,0.0,0.0,0.0,0.0
2022-02-07,16.21,16.56,16.07,16.49,3818100,0.039722572509457654,0.012899262899262798,-0.016696481812760955,-0.058252427184466216,-0.1517489711934158,-0.07825600894354401,16.448,18.2075,17.093666666666664,17.43146902967013,17.748645404514985,-0.3171763748448555,0.09593752162234134,-0.4131138964671969,-0.019234467849900273,-0.025052389112625646,38.5622861294234,18.2075,1.191716475465143,20.590932950930284,15.824067049069713,0.2618078210550911,0.13970037434247162,0.9577668613364264,0.05808167746127511,27.64222295633369,15.132334455049124,32.178277346279344,27.08757637474538,16.599433933180517,64776746.0,99260781.7,0.43093486068626563,-0.4305003146722954,0.43117524365025806,9650076.05,-1.3918121785722108,0.39565491299936434,0.02971497877501507,-0.09432925992036256,-0.03531522396209119,0.0,2.0,-0.008383233532934131,0.0,1498.8,1497.66,0.01264402012224819,0.040251161692285375,-0.0004138078329817274,0.21956764075588367,0.027078552387209465,-0.09850358887675159,-0.07784220111056228,-0.07787442615809548,0.900221050340534,0.3027960827850999,0.0,0.0,0.0,0.0,0.0,0.0,0.0,0.0
2022-02-08,16.7,16.7,16.0,16.56,2940800,0.004244996967859294,0.044136191677175196,0.017199017199017064,-0.016627078384798155,-0.1602434077079108,-0.08153078202995023,16.392000000000003,18.133999999999997,17.138166666666667,17.29739687125934,17.660597596773133,-0.3632007255137921,0.004109872195114649,-0.3673105977089068,-0.021932410960977786,-0.022180591649088574,39.33741488961833,18.133999999999997,1.247276612211078,20.628553224422152,15.639446775577841,0.2751244319424458,0.1845126444707141,0.9393549426695388,0.0567243322868079,28.015774317492735,15.391430634982855,30.46549148203338,28.513238289205674,23.285811269517982,67717546.0,97453742.65,0.42984945649662987,-0.4147703773835388,0.45567693187583136,9391944.55,-1.4523217967643802,0.3131193954930238,0.04227053140096614,-0.08679827947501917,-0.03373561932917768,1.0,2.0,0.023650697392359143,1.0,1496.26,1500.99,0.0022234686110331747,0.01447032265913295,-0.016118459864444934,0.2091226074443905,0.002021528356826119,-0.031097401043931105,-0.0654123221655053,-0.06648394089850806,0.9003210954214668,0.3027152095480022,0.0,0.0,0.0,0.0,0.0,0.0,0.0,0.0
2022-02-09,16.49,17.05,16.07,16.88,4663700,0.019323671497584627,0.023650697392359143,0.06431273644388402,0.0065593321407273475,-0.14096692111959286,-0.06013363028953245,16.413999999999998,18.08,17.18316666666667,17.233181967988674,17.602775552567717,-0.369593584579043,-0.07063081915971689,-0.2989627654193261,-0.021895354536673167,-0.01771106430209278,42.88494449902523,18.08,1.2782018619921975,20.636403723984394,15.523596276015603,0.2827880225646455,0.26529528791921675,0.942258161050286,0.05582098110487477,27.804345810927707,16.901207800473802,28.202221720203713,35.03054989816698,30.210454854039366,72381246.0,96259040.0,0.4376770677591847,-0.49837139777557726,0.30281953175919546,9245978.15,-1.006840204979979,0.504403095523214,0.05805687203791472,-0.0663716814159292,-0.01764323611286256,2.0,2.0,0.008244994110718551,1.0,1501.67,1505.38,0.0029247363406819105,0.01606393174853893,-0.011244663382594333,0.20945434440918953,0.016398935156902716,-0.009504599607811581,-0.048888966906938114,-0.049444958824890195,0.9057372181483355,0.29405419123900184,0.0,0.0,0.0,0.0,0.0,0.0,0.0,0.0
2022-02-10,16.98,17.3,16.77,17.12,3391600,0.014218009478673022,0.0338164251207731,0.038204972710733864,0.051597051597051635,-0.12069851052901892,-0.07609282245008098,16.582,18.0095,17.221666666666668,17.215769357528877,17.567014400525665,-0.35124504299678705,-0.12675366392713092,-0.22449137906965613,-0.02051664970775625,-0.013112814197993932,45.46101708923093,18.0095,1.2908971788318804,20.59129435766376,15.427705642336239,0.28671471808365145,0.327736086462576,0.9128111495466943,0.05331840826791438,27.221320575853323,18.15654177412491,27.032587084298168,39.918533604888,34.48744059742024,75772846.0,94630471.55,0.4235688120673511,-0.5514476868256708,0.5531218806263198,8812112.35,-1.1583122509634207,0.38487934167112614,0.03095794392523371,-0.049390599405868985,-0.0059034162392335165,3.0,2.0,-0.005817335660267653,0.0,1510.66,1506.79,0.0009366405824442481,0.02449753868748128,-0.014248611447300386,0.20887015128150233,0.013281368896228773,0.027099512909570356,-0.06184421100278059,-0.06273814241700593,0.8519041152023726,0.2788985741357029,0.0,0.0,0.0,0.0,0.0,0.0,0.0,0.0
2022-02-11,17.19,17.23,16.84,17.09,2470800,-0.0017523364485981796,0.012440758293838838,0.03200483091787443,0.07755359394703665,-0.09144072301967032,-0.07069059271343126,16.827999999999996,17.944499999999998,17.262,17.196420225601358,17.531680000486727,-0.33525977488536896,-0.16845488611877854,-0.16680488876659041,-0.019617306897915094,-0.009760379682070826,45.186662358019944,17.944499999999998,1.303398291108084,20.551296582216168,15.33770341778383,0.2905398960367989,0.3361015190388301,0.8754674960076447,0.05122688683485341,26.67994000042711,17.57880544433539,26.172417353680466,39.30753564154786,38.08553971486763,73302046.0,93105898.05,0.4233521139757753,-0.5883528269686362,0.592128484166852,8708117.4,-1.2992004861125233,0.28373526521358106,0.02282036278525457,-0.04761904761904756,-0.009964082956783749,4.0,2.0,-0.008383233532934131,0.0,1502.83,1501.71,-0.0033714054380503677,0.015382430897387334,-0.017514131686381273,0.20907985316287012,0.0016190689894521881,0.062171163049649314,-0.05317646102704998,-0.05412440294772314,0.8590419828185059,0.28206891470157197,0.0,0.0,0.0,0.0,0.0,0.0,0.0,0.0
2022-02-14,16.7,16.95,16.49,16.56,3715500,-0.031012287887653645,-0.032710280373831946,-0.018957345971563955,0.004244996967859294,-0.05425471159337536,-0.12933753943217674,16.842,17.8215,17.281833333333335,17.098509421662687,17.459703704154375,-0.36119428249168806,-0.20700276539336046,-0.1541915170983276,-0.021811248942734788,-0.009311081950382102,40.532745444378705,17.8215,1.3126039808436611,20.446707961687324,15.196292038312677,0.2946113359355075,0.25973332048155406,0.8557912462928131,0.051678215355846206,26.55418842163372,16.698477000396117,27.783002851636073,28.513238289205674,35.91310251188053,69586546.0,90533510.0,0.4096952509296092,-0.4780393545494641,0.5116573738372856,8031852.85,-0.9640309614922941,0.462595626362851,0.027777777777777832,-0.07078528743371781,-0.04176833090625043,0.0,2.0,0.008489993935718587,1.0,1486.73,1471.96,-0.01981074907938285,-0.017160103094160273,-0.021114443609472566,0.2129585425150693,-0.011201538808270795,0.021405100062019566,-0.10822309582270417,-0.11055745497130254,0.9549100932152895,0.32829163223374375,0.0,0.0,0.0,0.0,0.0,0.0,0.0,0.0
2022-02-15,16.49,16.7,16.35,16.63,2218100,0.004227053140096526,-0.02691632533645416,-0.028621495327102897,0.004227053140096526,-0.012470308788598672,-0.11589580010632639,16.856,17.7125,17.304,17.026431049099198,17.39824417051331,-0.37181312141411027,-0.23996483659751044,-0.13184828481659983,-0.022357974829471456,-0.00792833943575465,41.391318327802885,17.7125,1.3167059176917664,20.345911835383532,15.079088164616465,0.29735066595720916,0.29446815240686747,0.8196633001290407,0.04928823211840293,26.584963070441905,16.189167964668666,28.155625279236524,31.54506437768238,33.12194610281199,71804646.0,88656922.15,0.41107261765119135,-0.5669988890453732,0.535200512890875,7557862.65,-1.168513941222938,0.2934824437435364,0.021046301864100895,-0.06111503175723354,-0.03895053166897822,1.0,2.0,0.016696481812760844,1.0,1473.92,1492.75,0.014124025109377936,-0.005489710124651048,0.00029484490487896586,0.2179154349604481,-0.00989697196928141,0.009716763264747574,-0.11619064501120535,-0.11615639688941337,0.9529498913539954,0.33037221961960284,0.0,0.0,0.0,0.0,0.0,0.0,0.0,0.0
2022-02-16,16.77,17.26,16.67,17.05,3182600,0.02525556223692127,0.02958937198067635,-0.002340550029256816,0.010071090047393483,0.016696481812760844,-0.09018143009605106,16.89,17.628,17.346,17.030057041545476,17.37244830603084,-0.3423912644853644,-0.26045012217508123,-0.08194114231028315,-0.020081599090050698,-0.004805932100309863,46.39237504024707,17.628,1.3014348357022147,20.23086967140443,15.025130328595571,0.29531083179083617,0.38896870128573724,0.8061159215483951,0.047279526190521705,25.65248073594174,20.24750170320347,26.583887141212927,40.5579399141631,33.53874752701707,74987246.0,87260671.0,0.4256418006712852,-0.600067513672426,0.2717841546504032,7395785.95,-0.9024809084377771,0.43032613727821584,0.034604105571847496,-0.03278874517812569,-0.01706445289980396,2.0,2.0,0.004105571847507372,1.0,1499.07,1492.1,-0.0004354379500921546,-0.00882169286160317,-0.01218793652474992,0.2131809356935123,0.025691000187013424,0.018892782908996653,-0.07799349357130114,-0.07895580187278739,0.8912449441375142,0.3148512175874975,0.0,0.0,0.0,0.0,0.0,0.0,0.0,0.0
2022-02-17,17.05,17.3,17.02,17.12,3167100,0.004105571847507372,0.029464822609741592,0.0338164251207731,0.0,0.051597051597051635,-0.09656992084432714,16.889999999999997,17.5365,17.389166666666664,17.04389441976925,17.353748431510038,-0.3098540117407893,-0.27033090008822286,-0.039523111652566445,-0.01809894928392461,-0.0023085929703601893,47.20102166632928,17.5365,1.2674851810616274,20.071470362123254,15.001529637876745,0.2891079020469597,0.4178491381549834,0.768536212866367,0.04489113392911022,24.721044099494762,20.092355144910417,25.89208142806209,55.84045584045584,42.647820044100456,78154346.0,85627268.65,0.4229336927178578,-0.5770469324530187,0.3231829348992877,7158634.75,-0.8384682250309069,0.44241676110099065,0.016355140186915952,-0.02375046331936248,-0.015478985958690572,3.0,2.0,0.05403800475059373,1.0,1492.1,1507.99,0.010649420280142152,0.0007963949853662111,0.007981016677250041,0.21388402462816666,-0.00654384843263478,-0.0007963949853662111,-0.10455093752157718,-0.10372312155860153,0.8817277268300936,0.3135576766087961,0.0,0.0,0.0,0.0,0.0,0.0,0.0,0.0
2022-02-18,16.84,17.75,16.84,17.75,5065200,0.03679906542056077,0.04105571847507328,0.06734816596512339,0.03861907548273846,0.1191677175283734,-0.05985169491525422,17.022,17.48,17.444,17.152526047497055,17.383100399546333,-0.23057435204927756,-0.2623795904804338,0.031805238431156235,-0.01299010434080437,0.0017918444186566893,53.93579502343901,17.48,1.229047555929851,19.938095111859703,15.021904888140298,0.2812465803043137,0.554920576241602,0.778640769090198,0.043867085582546365,23.138558557379564,22.54314208751588,23.730641442341177,100.0,65.46613191820633,83219546.0,84566738.25,0.44792634600387415,-0.5390148020489379,0.01805159741469402,7092282.8,-0.4239910554681853,0.7141847191992965,0.051267605633802824,0.01544622425629294,0.017541848199954302,4.0,2.0,-0.003943661971831047,0.0,1494.3,1504.84,-0.0020888732683904676,0.0020842905754105967,0.00589564310637547,0.2140746801398867,0.03888793868895124,0.036534784907327866,-0.06574733802162969,-0.06536198707312302,0.8674357794325329,0.3051814846062902,0.0,0.0,0.0,0.0,0.0,0.0,0.0,0.0
2022-02-21,17.75,18.17,17.44,17.68,4833200,-0.003943661971831047,0.032710280373831724,0.036950146627565905,0.06763285024154597,0.07216494845360844,-0.09053497942386834,17.246000000000002,17.392,17.488333333333333,17.23367588634366,17.405092962542902,-0.17141707619924063,-0.24418708762419516,0.07277001142495454,-0.009695535984119945,0.00411595087245218,53.124949413635754,17.392,1.1411932812908832,19.674386562581766,15.109613437418233,0.26246395613865764,0.5630918540972795,0.7751664284408981,0.043844255002313245,21.90536084784741,24.896876841289014,22.134360435789947,83.72093023255808,79.85379535767132,78386346.0,82568287.6,0.43130229621046295,-0.4961602729401868,0.2705377683463922,6637682.55,-0.3990177293969526,0.7281456989834502,0.04128959276018102,0.016559337626494974,0.010959687410654784,0.0,2.0,-0.016119746689694958,0.0,1504.96,1510.84,0.003987134844900542,0.026413761243512024,0.03992180832025549,0.18423392085553678,-0.007930796816731589,0.04121908899803395,-0.13045678774412384,-0.1254486507546616,0.8339964555938372,0.2962331013235122,0.0,0.0,0.0,0.0,0.0,0.0,0.0,0.0
2022-02-22,17.37,17.54,16.81,17.09,5578100,-0.03337104072398189,-0.037183098591549335,-0.0017523364485981796,0.027660853878532787,0.03200483091787443,-0.13336713995943206,17.338,17.2605,17.505333333333336,17.211571903829253,17.38175274309528,-0.17018083926602756,-0.22938583795256165,0.05920499868653409,-0.00995791920807651,0.0034643065351980156,46.74606414941972,17.2605,1.0018376536199947,19.264175307239988,15.256824692760011,0.23216886037368423,0.4574531863062037,0.7819402549808341,0.045754257166812994,20.80844298867465,22.918256286845946,26.1301997362833,64.11960132890361,82.61351052048724,72808246.0,79393676.0,0.4370105308828913,-0.27385325702296276,-0.03092881649871032,6019331.6,-0.12063193647125064,0.9266975755248308,0.042715038033938,-0.00987804524782021,-0.023726102521136605,1.0,2.0,0.0,0.0,1499.18,1503.47,-0.004878081067485551,0.007181376653826899,0.04484551127913594,0.18104539840120795,-0.02849295965649634,0.02047947722470589,-0.178212651238568,-0.17056363770027005,0.9316282606297502,0.3430031183621952,0.0,0.0,0.0,0.0,0.0,0.0,0.0,0.0
2022-02-23,17.09,17.33,16.95,17.09,3339300,0.0,-0.03337104072398189,-0.037183098591549335,0.0023460410557183398,0.012440758293838838,-0.13027989821882946,17.345999999999997,17.1325,17.514166666666668,17.192868534009367,17.360141428791927,-0.1672728947825597,-0.21696324931856126,0.04969035453600157,-0.009787764469430058,0.0029075690190755745,46.74606414941973,17.1325,0.8291268393857236,18.79075367877145,15.474246321228552,0.19357988370307289,0.48718531412169475,0.7532302367679173,0.044074326317607805,19.789876405157084,22.09239066702363,25.188590857702412,64.11960132890361,70.65337763012178,72808246.0,76881611.0,0.4375384748389198,-0.29355564295347025,-0.038582910316518775,5523750.0,-0.6663869027512987,0.6045349626612355,0.02223522527794026,-0.0024806654020137486,-0.02421848979397634,2.0,2.0,-0.0428152492668622,0.0,1509.12,1512.3,0.005873080274298781,0.01353796662422102,0.04817748944752864,0.18149851471773154,-0.005873080274298781,-0.01119192556850268,-0.1784573876663581,-0.1702549324546352,0.9238193199192632,0.343904285537159,0.0,0.0,0.0,0.0,0.0,0.0,0.0,0.0
2022-02-24,17.05,17.05,15.89,16.32,8959200,-0.045055588063194874,-0.045055588063194874,-0.07692307692307687,-0.04672897196261683,-0.04672897196261683,-0.1617873651771956,17.186,16.975,17.516000000000002,17.058581067238695,17.28309391554808,-0.22451284830938434,-0.21847316911672587,-0.006039679192658465,-0.013756914724839727,-0.0003700783819030922,39.55692534160312,16.975,0.6391482819472097,18.25329656389442,15.696703436105581,0.15060931533365762,0.2437996711793947,0.785142362713066,0.04810921340153591,20.0876362999883,19.6805561059621,32.082126036734905,18.859649122806996,49.03295059353808,63849046.0,74625886.0,0.4583911237305616,-0.18602288560697064,-0.49490187185018625,5267410.0,1.353558761877354,1.70087386400527,0.07107843137254903,-0.03858615611192939,-0.06828042932176304,3.0,2.0,-0.004227053140096637,0.0,1508.73,1494.85,-0.011538715863254723,-0.008713585633857046,0.020166518801610467,0.1809173977461756,-0.03351687219994015,-0.03801538632875978,-0.18195388397880607,-0.17835704331146573,0.9834092341059515,0.3641986406339151,0.0,0.0,0.0,0.0,0.0,0.0,0.0,0.0
2022-02-25,16.56,16.74,16.39,16.49,3022500,0.010416666666666519,-0.03510825043885324,-0.03510825043885324,-0.07098591549295785,-0.03510825043885324,-0.12333864965443919,16.934,16.859,17.514833333333332,16.97110705689428,17.224346218100074,-0.25323916120579426,-0.22542636753453957,-0.027812793671254693,-0.015357135306597592,-0.0016866460686024679,41.68910788691045,16.859,0.4790659772167009,17.817131954433403,15.9008680455666,0.11366415023825867,0.307437796906474,0.7590607653764183,0.04603158067776946,20.364127630903003,18.9027307853686,30.814159327080564,26.315789473684102,36.43167997513158,66871546.0,72958461.0,0.4526306680779074,-0.3941333361684726,-0.26804634921121473,4981360.0,-0.7413203451995725,0.6067620087686897,0.021224984839296416,-0.021887419182632595,-0.05851230861460288,4.0,2.0,-0.016938898971566863,0.0,1494.85,1498.89,0.0027026123022377835,-0.003953908721192834,0.017652370509678272,0.1803821950316873,0.007714054364428735,-0.06703200677176502,-0.14099102016411746,-0.13854536603054723,0.9704197468926178,0.35971153356251373,0.0,0.0,0.0,0.0,0.0,0.0,0.0,0.0
2022-02-28,16.53,16.56,16.21,16.25,4152900,-0.014554275318374721,-0.0042892156862744946,-0.04915155061439436,-0.0808823529411764,-0.018719806763284996,-0.07195888063963463,16.648,16.796,17.500333333333334,16.860167509679776,17.152172424166736,-0.2920049144869594,-0.23874207692502356,-0.053262837561935866,-0.0179695331991975,-0.003277713080734515,39.567044043852334,16.796,0.4717425702985194,17.73948514059704,15.85251485940296,0.11234640873982374,0.21064727121484386,0.7298421392781026,0.04491336241711401,20.813100067726452,18.255236972389216,31.520285042220863,15.789473684210494,20.321637426900544,62718646.0,71493211.0,0.38895503899776607,-0.0047671839088755125,-0.7850482482169434,4779185.0,-0.24695744218598362,0.8689556901438216,0.021538461538461406,-0.03250773993808043,-0.07144625816651118,0.0,2.0,0.014769230769230646,1.0,1499.43,1490.13,-0.005844324800352241,-0.013707606364671165,0.0350209417174292,0.1601906062628966,-0.00870995051802248,-0.06717474657650524,-0.10697982235706383,-0.10336005586471542,0.974024620547355,0.366240493348496,0.0,0.0,0.0,0.0,0.0,0.0,0.0,0.0
2022-03-01,16.25,16.63,16.21,16.49,3354300,0.014769230769230646,0.0,0.010416666666666519,-0.03510825043885324,-0.008418520745640423,-0.02078384798099775,16.528,16.7785,17.499166666666667,16.803218662036734,17.103122614969198,-0.2999039529324641,-0.25097445212651165,-0.04892950080595243,-0.0181870195835333,-0.002967222608001967,42.70767546042819,16.7785,0.47649239238446833,17.731484784768938,15.825515215231064,0.11359594537878079,0.34863347001392414,0.7077105579010952,0.042917559605888125,21.097874612136998,18.187897141663765,30.18413350299404,26.315789473684102,22.807017543859583,66072946.0,70819496.0,0.37112717387187183,-0.16437055601637632,-0.5595391734565895,4323080.0,-0.541486434023647,0.7759051417045255,0.02546998180715574,-0.017194624072473852,-0.057669412829182476,1.0,3.0,-0.01518833535844466,0.0,1493.93,1498.78,0.005804862662988963,-0.0031194503382175887,0.012976655537382253,0.12902227387941123,0.008964368106241682,-0.03198880010063565,-0.03376050351838,-0.03332801731790169,0.9496560244364899,0.3591840430267084,0.0,0.0,0.0,0.0,0.0,0.0,0.0,0.0
2022-03-02,16.46,16.46,16.1,16.21,4930800,-0.016979987871437063,-0.002461538461538404,-0.016979987871437063,-0.05149210064365117,-0.04926686217008802,-0.03339296362552169,16.351999999999997,16.7505,17.499166666666667,16.71195425249262,17.03696538423074,-0.325011131738119,-0.2657817880488331,-0.059229343689285896,-0.02005003897212332,-0.0036538768469639663,40.090029076847976,16.7505,0.4931795338736719,17.736859067747343,15.764140932252655,0.1177707015011306,0.22601255583608262,0.6850169466224453,0.04225891095758453,21.49187244404078,17.448261645863987,30.103654569488075,14.035087719298252,18.71345029239763,61142146.0,70276656.0,0.3754368116233704,-0.08697919276862259,-0.6958828036674055,4192205.0,0.45330026108871,1.1761829395270509,0.022208513263417606,-0.032267693501686345,-0.07367017477022719,2.0,3.0,0.004281345565749328,1.0,1499.37,1485.52,-0.008847195719184908,-0.017708126694438886,0.0026593231550102736,0.1333216060360571,-0.008132792152252155,-0.03378397394921229,-0.03605228678053196,-0.03595666638503725,0.983255010516333,0.3748002885220374,0.0,0.0,0.0,0.0,0.0,0.0,0.0,0.0
2022-03-03,16.35,16.42,16.07,16.42,3883800,0.012954966070326979,-0.0042449969678590715,0.010461538461538522,0.006127450980392135,-0.04088785046728971,0.008599508599508532,16.372,16.7575,17.49566666666667,16.6670382136476,16.991264244658094,-0.3242260310104932,-0.27747063664116517,-0.04675539436932802,-0.019745799696132348,-0.0028474661613476257,42.91598573342112,16.7575,0.4871061161813986,17.7317122323628,15.783287767637203,0.11627178664631335,0.32678312343633453,0.6610871647208422,0.040261094075568944,21.894602296060896,16.788429532301777,29.289381235080207,23.24561403508776,21.19883040935672,65025946.0,70117226.0,0.3636976139532137,-0.28456190714448315,-0.39619278418496373,4197175.0,-0.19246544497652246,0.9253366847939388,0.021315468940316773,-0.020140235715351285,-0.06148189075390098,3.0,3.0,0.004191616766467066,1.0,1492.48,1505.0,0.013113253271581637,0.006789978927651763,0.023280480839837914,0.13777317029811992,-0.00015828720125465878,-0.0006625279472596279,-0.014680972240329382,-0.014346967928363319,1.0106791724709165,0.39083943878035027,0.0,0.0,0.0,0.0,0.0,0.0,0.0,0.0
2022-03-04,16.7,16.98,16.63,16.77,4651900,0.02131546894031655,0.034546576187538536,0.016979987871437396,0.016979987871437396,-0.055211267605633774,0.05737704918032782,16.428,16.802999999999997,17.50616666666667,16.682878488471047,16.974874300609347,-0.2919958121382997,-0.2803756717405921,-0.011620140397707646,-0.017411795595605233,-0.0006929123671859061,47.37171730481237,16.802999999999997,0.4389832750683657,17.680966550136727,15.925033449863266,0.1045011664746451,0.4812065733057498,0.6538666529550676,0.03899025956798257,21.143517796733637,21.87886013258603,27.497616440059055,38.596491228070114,25.29239766081872,69677846.0,70553186.0,0.35658744821364036,-0.5117304597126735,-0.05146530307215739,4066975.0,0.39875698036080937,1.1438231117722633,0.02087060226595119,-0.001963935011604967,-0.04205184839627951,4.0,3.0,-0.0059880239520956335,0.0,1505.0,1505.33,0.00021926910299008284,0.004296512752770321,0.01783009682479575,0.13681905393376406,0.021096199837326468,0.012683475118667076,0.03954695235553207,0.03885417858923801,0.971077032358987,0.37236485774845474,0.0,0.0,0.0,0.0,0.0,0.0,0.0,0.0
2022-03-07,16.7,16.91,16.49,16.6,4282700,-0.010137149672033274,0.010962241169305775,0.024059222702035754,0.02153846153846173,-0.06108597285067863,0.006670709520921969,16.498,16.808500000000002,17.526666666666664,16.670127951783194,16.947105833897545,-0.2769778821143518,-0.27969611381534404,0.002718231700992224,-0.016685414585201914,0.00016374889765013396,45.51344323659967,16.808500000000002,0.43553083158765316,17.67956166317531,15.937438336824696,0.10364537741919941,0.38031846147381204,0.6371618920297057,0.03838324650781359,20.65041209954196,20.84872036404667,27.772384138799687,31.140350877193004,30.99415204678364,65395146.0,70584106.0,0.3315934786803591,-0.5680985148323292,-0.003607234343148983,4090205.0,0.13127038014231923,1.0470624333010203,0.02530120481927721,-0.012404438230657178,-0.0528718143780903,0.0,3.0,-0.006090133982947665,0.0,1500.65,1499.05,-0.004171842718872276,0.005986054907960892,0.0009281145253261514,0.13058511660287428,-0.005965306953160998,0.015552406630500837,0.005742594995595818,0.005737270151832119,0.9406815678771749,0.3708781372410228,0.0,0.0,0.0,0.0,0.0,0.0,0.0,0.0
2022-03-08,16.42,16.77,16.32,16.32,4645600,-0.01686746987951815,-0.02683363148479423,-0.006090133982947665,-0.010309278350515316,-0.045055588063194874,-0.01449275362318836,16.464,16.7965,17.53083333333333,16.616262113047316,16.900653549905133,-0.28439143685781687,-0.2806351784238386,-0.0037562584339782545,-0.01742594588589564,-0.00023016289423886363,42.552631119283625,16.7965,0.44592039648380555,17.68834079296761,15.90465920703239,0.10619364664871976,0.2328559067059261,0.6237931854561553,0.03822262165785265,20.440631018537196,19.774426101304954,28.28794273401028,18.859649122806996,29.532163742690056,60749546.0,70235706.0,0.33689204593658495,-0.40835481295117415,-0.30895196488748317,4175445.0,0.3252608789174982,1.112599974373989,0.027573529411764663,-0.0283690054475636,-0.0690687835718019,1.0,3.0,-0.0042892156862744946,0.0,1487.37,1473.71,-0.016904039224842293,-0.01672693790949964,-0.018174671383553553,0.143436594976462,3.6569345324144464e-05,0.006417659558984323,0.0036819177603651942,0.0037500741252556313,0.8895280502752633,0.3646752689764644,0.0,0.0,0.0,0.0,0.0,0.0,0.0,0.0
2022-03-09,16.32,16.63,16.1,16.25,4084600,-0.0042892156862744946,-0.02108433734939763,-0.03100775193798444,0.002467612584824197,-0.04915155061439436,-0.037322274881516515,16.472,16.765,17.537333333333333,16.559914095655422,16.8524569906529,-0.292542894997478,-0.2830167217385665,-0.009526173258911474,-0.018002639692152492,-0.0005862260467022446,41.82017486213341,16.765,0.4616845585236968,17.688369117047394,15.841630882952607,0.11015438318489629,0.22112994116221482,0.6170936722092869,0.03797499521287919,20.559875685751795,18.56131485491184,29.09904792719837,15.789473684210494,21.92982456140351,56664946.0,69449891.0,0.32877920293689644,-0.30084752212995297,-0.15036515282160204,4146490.0,-0.04295028432619363,0.9850741229328902,0.03261538461538447,-0.030718759320012,-0.07340530677411994,2.0,3.0,-0.01273499090357777,0.0,1478.43,1473.74,2.035678661327367e-05,-0.007929883138564242,-0.021017948956409738,0.1427844096418911,-0.004309572472887768,0.010397495723388439,-0.016304325925106777,-0.0166543665511808,0.9631072499328608,0.3876312722686153,0.0,0.0,0.0,0.0,0.0,0.0,0.0,0.0
2022-03-10,16.49,16.6,16.25,16.28,2485300,0.0018461538461538307,-0.002450980392156854,-0.01927710843373498,-0.008526187576126665,-0.002450980392156854,-0.0490654205607477,16.444,16.723000000000003,17.543166666666664,16.51685038863151,16.810052769123057,-0.2932023804915467,-0.28505385348916257,-0.00814852700238411,-0.018009974231667485,-0.0005005237716452155,42.27873784303219,16.723000000000003,0.46587890904719964,17.654757818094403,15.791242181905604,0.11143429027021459,0.26227728311096365,0.5980155527657666,0.03673314206177927,20.67060287673678,17.785360334621036,27.88256418389863,17.105263157894754,17.251461988304097,59150246.0,68618761.0,0.32373137778991057,-0.24147628502013652,-0.004494145830157994,4101175.0,-1.0920379759055499,0.6059970618176498,0.021498771498771583,-0.026490462237636847,-0.07200334413209308,3.0,3.0,0.004299754299754266,1.0,1485.11,1479.08,0.0036234342557031063,-0.017222591362126338,-0.018390087537082156,0.14358972923084773,-0.0017772804095492756,0.008696403785999673,-0.03067533302366554,-0.031250023694951556,0.9661430114526209,0.3875484467591563,0.0,0.0,0.0,0.0,0.0,0.0,0.0,0.0
2022-03-11,16.28,16.77,16.17,16.35,4551500,0.004299754299754266,0.006153846153846176,0.0018382352941177516,-0.025044722719141266,-0.008489993935718476,-0.043300175541252095,16.360000000000003,16.686,17.540833333333335,16.49118109807282,16.775974786225053,-0.2847936881522344,-0.28500182042177696,0.00020813226954258246,-0.017418574198913416,1.2729802418506572e-05,43.399740067954404,16.686,0.4645813055579778,17.615162611115956,15.756837388884044,0.11137032375835501,0.31919203593628726,0.5981572989967832,0.036584544281148816,20.3748621890614,18.541108005705656,25.884817038696237,27.878787878787954,20.25784157363108,63701746.0,68138746.0,0.3245822400762798,-0.2869405182392346,-0.0214424080977291,4205210.0,0.24192703278855965,1.0823478494534162,0.03669724770642188,-0.020136641495864693,-0.06788921088887834,4.0,3.0,0.006727828746177389,1.0,1479.08,1466.54,-0.008478243232279525,-0.02576843615685598,-0.023419967903256955,0.14588674440681035,0.012777997532033791,0.0007237134377147125,-0.01988020763799514,-0.020356967155381822,0.9855393456480022,0.4031487324823487,0.0,0.0,0.0,0.0,0.0,0.0,0.0,0.0
2022-03-14,16.35,16.7,16.25,16.46,4417500,0.006727828746177389,0.011056511056511065,0.012923076923077037,-0.008433734939759074,0.012923076923077037,-0.006038647342995085,16.332,16.681,17.531000000000002,16.486384006061616,16.752569246504677,-0.26618524044306113,-0.2812385044260338,0.015053263982972687,-0.016171642797269813,0.0009145360864503454,45.20078409143826,16.681,0.4665427153685165,17.614085430737035,15.747914569262967,0.11187404001403198,0.3815756881846099,0.5875746347827272,0.03569712240478294,20.100245836219976,17.526829732583714,24.468806327901227,39.583333333333414,28.18912812333872,68119246.0,68065381.0,0.307028835618676,-0.462772487726726,0.6370748951291376,4240310.0,0.12413976001240792,1.041787039155156,0.027339003645200442,-0.013248606198669188,-0.061091780274941665,0.0,3.0,0.04028863499699353,1.0,1459.28,1446.25,-0.013835285774680517,-0.03522230746139221,-0.017466507242044682,0.13701835412205293,0.020563114520857906,0.026788572521633136,0.011427859899049597,0.011631013073123642,0.9763632224534327,0.41094789958043215,0.0,0.0,0.0,0.0,0.0,0.0,0.0,0.0
2022-03-15,16.63,17.51,16.46,17.3,9828500,0.051032806804374164,0.05810397553516822,0.0626535626535627,0.060049019607843146,0.049120679199514905,0.04028863499699353,16.528000000000002,16.714499999999997,17.521166666666666,16.611555697436753,16.793119672689517,-0.18156397525276446,-0.26130359859137997,0.0797396233386155,-0.010495027471258061,0.004609226782578931,56.56660823987055,16.714499999999997,0.48632320853334404,17.687146417066685,15.74185358293331,0.11638354926162173,0.8009829624241855,0.6206050180125324,0.03587312242847008,19.161832175192735,24.731415461022397,21.511755673574207,87.03703703703698,51.49971941638612,77947746.0,68372536.0,0.3567531093822685,0.045931747234319795,0.5782652763647566,4620830.0,2.8609964497726503,2.126998829214665,0.06069364161849715,0.03502946543420404,-0.012622827627536082,1.0,3.0,-0.022184300341296814,0.0,1444.92,1452.74,0.0044874675885910875,-0.014229393842750682,-0.026802880589515965,0.12695522786592195,0.04654533921578308,0.07427841345059383,0.0670915155865095,0.06893928706565666,1.0464871959303441,0.43905440802682133,0.0,0.0,0.0,0.0,0.0,0.0,0.0,0.0
2022-03-16,17.58,17.58,16.91,17.19,4062900,-0.0063583815028901425,0.04434993924665864,0.05137614678899083,0.05784615384615388,0.06045650832819249,0.008211143695014744,16.716,16.7215,17.508333333333333,16.70054712860033,16.822518215453258,-0.1219710868529269,-0.23343709624368936,0.11146600939076245,-0.007095467530711279,0.006484351913366053,54.95906017177325,16.7215,0.49237635370159927,17.7062527074032,15.7367472925968,0.11778281941251675,0.7378769799148055,0.6241332310116371,0.0363079250152203,18.412838934888285,23.63617673824275,19.862282270740774,74.17218543046374,66.9308519336114,73884846.0,68317416.0,0.3471958082580756,0.21929873514097228,0.998714186433697,4664845.0,-0.3355180102177046,0.8709614145807631,0.038976148923792794,0.02801782136770048,-0.018181818181818077,2.0,3.0,-0.012216404886561949,0.0,1459.68,1459.33,0.004536255627297425,-0.009777844124472468,-0.02196233496414446,0.12863382440170293,-0.010894637130187568,0.06762399797062635,0.030173478659159203,0.03085103952315893,1.040432342362747,0.4363981732046795,0.0,0.0,0.0,0.0,0.0,0.0,0.0,0.0
2022-03-17,17.19,17.47,16.84,16.98,3571100,-0.012216404886561949,-0.018497109826589586,0.03159173754556499,0.04299754299754288,0.03410475030450666,-0.008177570093457986,16.856,16.7145,17.486,16.743539878046434,16.83418353282709,-0.09064365478065639,-0.20487840795108278,0.11423475317042639,-0.0053382599988608,0.006727606193782472,51.925214921918005,16.7145,0.4873826444443163,17.689265288888635,15.73973471111137,0.11663708622915823,0.6361866302721475,0.6245522859393773,0.03678164228147098,17.566379099203907,21.933152064141776,19.23174626751244,60.26490066225175,73.8247077099175,70313746.0,67925386.0,0.3498560613556281,0.32600164253384323,0.9189210582939226,4685045.0,-0.6263281568664759,0.7622338739542524,0.03710247349823315,0.01588441173831101,-0.028937435662815925,3.0,3.0,-0.012316715542522005,0.0,1466.56,1461.34,0.001377344397771596,-0.011993942180274275,-0.030935218403305154,0.12143054788469218,-0.013593749284333545,0.054991485177817157,0.022757648309847167,0.02348413516003567,1.0498108814293268,0.4418593455654381,0.0,0.0,0.0,0.0,0.0,0.0,0.0,0.0
2022-03-18,17.05,17.23,16.74,16.84,4565000,-0.008244994110718551,-0.02036067481093662,-0.026589595375722586,0.02996941896024463,0.004174120453190211,-0.05126760563380284,16.954,16.669,17.477833333333333,16.75837989680852,16.834614382247306,-0.07623448543878553,-0.17914962344862334,0.10291513800983781,-0.004526988446483701,0.006111350238113884,49.94575753896028,16.669,0.42397740754140845,17.51695481508282,15.821045184917184,0.10174033416315528,0.6008308443789527,0.6149414083722791,0.03651671071094294,16.55925799903145,20.68480496668915,19.298703207413066,50.993377483443744,61.81015452538642,65748746.0,67051846.0,0.32214753633969195,0.43157664860977357,2.0024923080710586,4660035.0,-0.05349801462146034,0.9796063763469588,0.029097387173396792,0.01025856380106771,-0.03649384458409222,4.0,3.0,0.014159292035398341,1.0,1461.34,1469.1,0.005310194752761177,0.0017456053022759654,-0.02375003322612368,0.12380573642072781,-0.013555188863479728,0.028223813657968666,-0.02751757240767916,-0.028187014949269562,0.9223156461567142,0.38079733698245083,0.0,0.0,0.0,0.0,0.0,0.0,0.0,0.0
2022-03-21,16.95,17.26,16.84,17.19,4626100,0.02078384798099764,0.012367491166077826,0.0,0.04434993924665864,0.03554216867469884,-0.027714932126696734,17.1,16.6445,17.484833333333334,16.82478298960721,16.86093924282158,-0.03615625321436866,-0.1505509494017724,0.11439469618740375,-0.0021033306116561173,0.006654723454764615,54.604856533150695,16.6445,0.3736516108838008,17.391803221767603,15.897196778232399,0.08979581504612359,0.8649790233138064,0.6010170220599735,0.03496317754857321,15.688188484802627,20.008853338360034,18.33540087990491,74.17218543046374,61.81015452538642,70374846.0,66651271.0,0.33240375980764914,0.2755201490068887,1.3496062068390478,4649680.0,-0.01327731050118754,0.9949286832642247,0.024432809773124006,0.032773588873201476,-0.016862232982870817,0.0,3.0,-0.009770114942528663,0.0,1474.78,1494.95,0.017595806956640203,0.033673292999135684,-0.01051732810886652,0.1397274464809031,0.0031880410243574353,0.010676646247522958,-0.017197604017830215,-0.017380399380781064,0.8903451195835782,0.3633055540938118,0.0,0.0,0.0,0.0,0.0,0.0,0.0,0.0
2022-03-22,17.4,17.89,17.12,17.23,7459900,0.0023269342641070168,0.02315914489311166,0.01472320376914027,-0.004046242774566444,0.05575980392156854,0.008191925102399189,17.086,16.6515,17.4785,16.88712406812918,16.88827707668665,-0.0011530085574698035,-0.12067136123291189,0.11951835267544209,-6.6918662650598e-05,0.00693664263931759,55.11901858574805,16.6515,0.3836154187124836,17.418730837424967,15.88426916257503,0.0921515584091485,0.8770051800456838,0.6130872347699754,0.035582544095761774,16.066238507137392,25.553762567575443,16.690533736694643,63.73626373626374,62.96727555005708,77834746.0,66902596.0,0.30997045628439107,0.2961530878395777,2.190917428389468,4743770.0,1.448730372552437,1.5725678099907878,0.04468949506674402,0.03474161486953142,-0.014217467173956555,1.0,3.0,-0.012188044109112117,0.0,1500.08,1503.78,0.0059065520585972475,0.03513360959290712,0.00020618968120400538,0.14047918037013005,-0.0035796177944902308,-0.03917985236747357,0.007985735421195184,0.00798408918439164,0.7575136312321368,0.3078505809948371,0.0,0.0,0.0,0.0,0.0,0.0,0.0,0.0
2022-03-23,17.23,17.3,16.98,17.02,3588600,-0.012188044109112117,-0.009889470622455043,0.010688836104512989,-0.009889470622455043,0.04738461538461536,-0.0040959625511995945,17.052,16.648000000000003,17.47216666666667,16.90756651918623,16.898034330265414,0.009532188920815088,-0.0946306512021665,0.10416284012298159,0.0005600581034556456,0.006120025859164606,51.801761413474054,16.648000000000003,0.3797034854230009,17.407406970846004,15.888593029154002,0.09123101523858734,0.7449279597641681,0.5921524322864058,0.03479156476418366,16.072308037188918,24.5673847876357,17.735031829238597,51.39664804469266,63.101699070473394,74246146.0,66974491.0,0.3132788874059722,0.3739683505672358,2.0145669786569815,4756235.0,-0.6258050927558988,0.754504350605048,0.01880141010575795,0.02234502642960101,-0.02587925557791937,2.0,3.0,0.014218009478673022,1.0,1505.76,1502.34,-0.0009575868810597354,0.029472429128435618,-0.006585994842293275,0.13880471049756773,-0.011230457228052382,-0.03936189975089066,0.00249003229109368,0.0025065403529300756,0.7698405426029143,0.31282063425944584,0.0,0.0,0.0,0.0,0.0,0.0,0.0,0.0
2022-03-24,16.88,17.44,16.88,17.12,3010300,0.005875440658049458,-0.006384213580963416,-0.004072134962187279,0.008244994110718551,0.051597051597051635,0.0490196078431373,17.080000000000002,16.688000000000002,17.459333333333333,16.94024859315758,16.914476231727235,0.025772361430345114,-0.07055004867566418,0.0963224101060093,0.00150539494336128,0.005626309001519234,53.24478397764233,16.688000000000002,0.38542662623487384,17.45885325246975,15.917146747530255,0.09238413859896308,0.7802089753243607,0.5898558299802341,0.03445419567641554,16.324817164939244,24.596721801216038,16.53236291064315,56.98324022346369,57.37205066814005,77256446.0,67644861.0,0.26454723694828314,1.2641735449491658,2.3836859193754827,4458790.0,-0.8950799246679548,0.6751383222802599,0.032710280373831904,0.025886864813039256,-0.019435640917942587,3.0,3.0,-0.010489510489510523,0.0,1503.91,1498.26,-0.0027157634090817506,0.025264483282466887,0.002281165334314439,0.13272478336409996,0.008591204067131208,-0.017019489171748337,0.046738442508822864,0.04663206705399192,0.7230912285744641,0.29576072935302833,0.0,0.0,0.0,0.0,0.0,0.0,0.0,0.0
2022-03-25,17.16,17.26,16.98,16.98,3296300,-0.008177570093457986,-0.00235017626321965,-0.01450957632037142,0.008313539192399189,0.038532110091743066,0.029714978775015277,17.108,16.7125,17.434666666666665,16.94636419421026,16.919329844191886,0.02703435001837562,-0.05103316893685622,0.07806751895523184,0.0015921289763472096,0.004597615957316363,50.94515606725449,16.7125,0.3877448292780323,17.487989658556064,15.937010341443933,0.09280354926624565,0.6724716745404946,0.5677232706959318,0.0334348215957557,16.559289926421688,23.73021788739673,15.94995370658226,49.162011173184325,52.5139664804469,73960146.0,67999291.0,0.26542325028049085,1.4157595662098075,2.6779319886830946,4472480.0,-0.7320898177136815,0.7370183880084428,0.01648998822143705,0.016005983545250624,-0.026078311410217103,4.0,3.0,-0.018408551068883505,0.0,1500.17,1498.5,0.00016018581554599898,0.020012252399428387,-0.0002601925424815521,0.13238191203911584,-0.008337755909003985,-0.011698713207029199,0.02997517131749683,0.029982972663385343,0.7565421152667614,0.31430061804238235,0.0,0.0,0.0,0.0,0.0,0.0,0.0,0.0
2022-03-28,16.84,16.84,16.28,16.53,5821800,-0.026501766784452263,-0.0344626168224299,-0.028789659224441766,-0.03839441535776611,0.004252733900364625,0.017230769230769383,16.976,16.7265,17.400166666666667,16.88230816433176,16.890490596473967,-0.008182432142206153,-0.04246302157792621,0.03428058943572006,-0.000495004969280469,0.002073840861205085,44.31929259536103,16.7265,0.37501263136657453,17.47652526273315,15.976474737266852,0.0896810764634741,0.3690044124087639,0.5771716085033651,0.03491661273462584,15.624093164405133,21.67448458920745,23.231154397600626,24.02234636871508,43.38919925512105,68138346.0,68270276.0,0.2781482226058674,1.1485396800445984,2.2254088559898295,4555925.0,0.7755307576253572,1.277852466842628,0.033877797943133614,-0.011747825307147353,-0.05000909952969801,0.0,3.0,0.004216867469879482,1.0,1490.44,1483.18,-0.010223556890223473,-0.007873173015819912,-0.004664022602054896,0.13582283336459966,-0.01627820989422879,-0.030521242341946198,0.02189479183282428,0.021997388148334185,0.7889185968571107,0.32716656873906763,0.0,0.0,0.0,0.0,0.0,0.0,0.0,0.0
2022-03-29,16.6,16.7,16.53,16.67,3791200,0.008469449485783542,-0.018256772673733712,-0.026285046728971917,-0.032501450957632017,-0.03641618497109822,0.010915706488781263,16.864,16.735500000000002,17.368,16.849645369819182,16.874157959698117,-0.024512589878934676,-0.038872935238127904,0.014360345359193227,-0.0014704613004759852,0.0008614484318652205,46.64428087940125,16.735500000000002,0.3711784221272884,17.47785684425458,15.993143155745425,0.0887164224856833,0.4558837501755839,0.5480879221816961,0.032878699590983565,14.755696171104045,21.194287600074468,22.716469476263853,29.069767441860485,34.08470832791998,71929546.0,68563106.0,0.2748913939414003,1.2257752559397312,2.58455304630858,4577770.0,-0.48607585958227123,0.8281761643769783,0.010197960407918304,-0.003913835857906833,-0.04018885306310438,1.0,3.0,0.00179964007198552,1.0,1487.57,1497.76,0.009830229641715649,-0.004003245155541402,-0.0006805535168603605,0.1388995345539705,-0.0013607801559321064,-0.028498205802090615,0.011596260005641623,0.01160415725567221,0.7951785149286142,0.3315971254034796,0.0,0.0,0.0,0.0,0.0,0.0,0.0,0.0
2022-03-30,16.67,17.33,16.56,16.7,4840700,0.00179964007198552,0.010284331518451095,-0.016489988221437102,-0.018801410105757976,-0.02850494473531129,0.030228254164096136,16.800000000000004,16.76,17.3435,16.826623005231617,16.86125737009085,-0.0346343648592331,-0.038025221162348945,0.0033908563031158426,-0.002073914063427132,0.0002030452876117271,47.15350633379686,16.76,0.3502480324153139,17.46049606483063,16.059503935169374,0.08359141585091018,0.45717320695119845,0.5639387848830035,0.03376878951395231,14.69283140023335,27.10683391073059,20.500970463452177,30.813953488371972,27.968689099649193,76770246.0,69344511.0,0.2668516283509543,1.2214040915823896,2.905684118586507,4573265.0,0.16535946103699314,1.0584779145752543,0.0461077844311377,-0.0035799522673032325,-0.03710323752414446,2.0,3.0,-0.008279124778237779,0.0,1491.92,1490.51,-0.004840561905779306,-0.007874382629764143,0.0033590931121763035,0.13621604227863535,0.006640201977764826,-0.010927027475993834,0.026869161051919832,0.026779207201459876,0.7795110686857993,0.3287582086852008,0.0,0.0,0.0,0.0,0.0,0.0,0.0,0.0
2022-03-31,16.91,17.05,16.6,16.77,2567500,0.004191616766467066,0.005998800239951807,0.014519056261342866,-0.02044392523364491,-0.012367491166077826,0.02131546894031655,16.73,16.7775,17.311833333333333,16.81791177365752,16.854497564898935,-0.036585791241414256,-0.03773733517816201,0.0011515439367477537,-0.0021816214216704983,6.866690141608549e-05,48.391203306296006,16.7775,0.3409873434914051,17.45947468698281,16.09552531301719,0.08129634176519848,0.4945012621852713,0.5558003002485032,0.03314253430223633,14.634456970139135,25.53920055465251,19.31536519371402,31.707317073170696,30.5303460011344,79337746.0,70060101.0,0.26371026133054215,1.3351687936060905,3.3709858234164236,4507450.0,-1.1597964250992843,0.5696125303663934,0.026833631484794233,-0.0004470272686634136,-0.03129843748495731,3.0,3.0,0.005973715651135025,1.0,1492.5,1492.15,0.0011002945300602196,-0.0040780638874426955,-0.008538205980066382,0.12751098636046515,0.003091322236406846,-0.016365861346202215,0.029853674920382933,0.03011076684996561,0.7818471247753342,0.3344250970343936,0.0,0.0,0.0,0.0,0.0,0.0,0.0,0.0
2022-04-01,16.74,16.88,16.6,16.84,2501900,0.004174120453190211,0.008383233532934131,0.010197960407918316,-0.008244994110718551,0.0,0.004174120453190211,16.702,16.781000000000002,17.287166666666668,16.821309962325593,16.853423671202716,-0.03211370887712306,-0.036612609917954224,0.004498901040831164,-0.0019069898383089702,0.00026715564375481973,49.66086661474807,16.781000000000002,0.3412654469228181,17.46353089384564,16.098469106154365,0.08134567592463349,0.5432214867722465,0.5361002788021815,0.03183493342055709,14.580252142194507,24.586423562567553,18.594777424691756,34.78260869565211,32.434626419064934,81839646.0,70668191.0,0.2531635302027755,1.5711667779023535,4.806568826873215,4399950.0,-1.096527174008484,0.5686200979556586,0.016627078384797957,0.003515881055955905,-0.02586697260973947,4.0,4.0,0.0017482517482518833,1.0,1492.15,1516.44,0.01627852427704979,0.011971971971971973,0.007380441497877532,0.14061126880373148,-0.012104403823859577,-0.020216966082690524,-0.0032063210446873214,-0.0031828303514805922,0.7674503385571944,0.33698158047437693,0.0,0.0,0.0,0.0,0.0,0.0,0.0,0.0
2022-04-04,17.16,17.26,16.88,17.19,4201500,0.02078384798099764,0.025044722719141488,0.02934131736526968,0.03992740471869327,0.0,0.03554216867469884,16.834,16.8105,17.2755,16.878031506583195,16.878355251113625,-0.0003237445304300479,-0.02935483684044939,0.02903109231001934,-1.883330601687306e-05,0.0016888360855159593,55.54928038833846,16.8105,0.35018002888778865,17.510860057775577,16.110139942224425,0.08332411977937315,0.7709320697166366,0.5278074017448829,0.030704328199236935,15.21961123647703,28.331526418029483,17.53787045276113,56.52173913043481,41.00388829975255,86041146.0,71700491.0,0.2599145207596019,1.2654728323120037,3.472669426899157,4395890.0,-0.11227657800505347,0.9557791482498424,0.022105875509017017,0.022575176229142402,-0.004949205522271405,0.0,4.0,0.009826589595375523,1.0,1528.87,1524.7,0.005446967898499189,0.027993904987931417,0.0171108368633468,0.14060410461792103,0.01533688008249845,0.011933499730761854,0.018431331811352036,0.01812126185597651,0.7693256679352679,0.3382847038175052,0.0,0.0,0.0,0.0,0.0,0.0,0.0,0.0
2022-04-05,17.3,17.68,17.05,17.47,7574500,0.016288539848749117,0.03741092636579557,0.04174120453190211,0.04799040191961601,0.013929193267556483,0.07046568627450966,16.994,16.868000000000002,17.266166666666667,16.969103582493474,16.92218078806817,0.04692279442530278,-0.014099310587298956,0.06102210501260174,0.00268590695050388,0.0034929653699256867,59.6188283508384,16.868000000000002,0.35968699843388846,17.58737399686778,16.148626003132225,0.08529452180077979,0.9184193497548996,0.5351068730488199,0.030630044250075553,16.456377622458785,31.555333470553126,16.063017091454654,73.91304347826076,55.0724637681159,93615646.0,73343796.0,0.2548024687872753,1.133053414555411,3.299030777708018,4542335.0,1.6199550226033252,1.6675344288785394,0.036061820263308474,0.03568887834953749,0.011805361159106909,1.0,4.0,0.0,0.0,1521.4,1520.03,-0.0030628976192038637,0.014868870847131621,0.031430878531054196,0.1251068353500456,0.01935143746795298,0.03312153107248439,0.03903480774345547,0.03784529681625215,0.7531012181288277,0.3305334188449088,0.0,0.0,0.0,0.0,0.0,0.0,0.0,0.0
2022-04-06,17.37,17.82,17.26,17.37,7486700,-0.005724098454493287,0.010471204188481575,0.03147268408551085,0.04011976047904198,0.02056404230317277,0.06892307692307709,17.128,16.924,17.25633333333333,17.030779954417554,16.955352581544602,0.07542737287295154,0.003806026104751142,0.0716213467682004,0.004342393372075506,0.00412327845527924,57.59092126343197,16.924,0.3453053568567401,17.61461071371348,16.23338928628652,0.08161317817460162,0.8229026071734519,0.5368849535453326,0.030908748045212008,17.800213574663452,31.06693584068739,14.866260357232015,67.70186335403729,66.0455486542443,86128946.0,74816996.0,0.25543668727123575,1.1350821363050505,3.2600886909600417,4712440.0,1.4015216727818507,1.5887098827783483,0.03223949337938968,0.026353108012290294,0.006586953582259802,2.0,4.0,-0.009692132269099152,0.0,1510.69,1522.9,0.0018881206291980757,0.021730816968688726,0.03335730861617381,0.12497401052583453,-0.007612219083691363,0.01838894351035325,0.03556576830690328,0.03441768690302416,0.7518911519356868,0.3297593109759651,0.0,0.0,0.0,0.0,0.0,0.0,0.0,0.0
2022-04-07,17.54,17.68,17.33,17.37,3982400,0.0,-0.005724098454493287,0.010471204188481575,0.035778175313059046,0.014602803738317682,0.06695331695331697,17.248,16.9785,17.237000000000002,17.08296765373793,16.986067205133892,0.09690044860403901,0.02242491060460872,0.0744755379994303,0.005578609591481808,0.0042875957397484335,57.59092126343197,16.9785,0.32365145319953836,17.625802906399077,16.331197093600924,0.0762497165708486,0.8024086529889859,0.5235360282920947,0.030140243424991057,19.048061244567787,29.58342113674067,14.15636363791121,67.70186335403729,69.77225672877846,86128946.0,76165931.0,0.255675283691816,1.1504909819634404,3.267200600294865,4787295.0,-0.4196167546656871,0.8318685186519736,0.020149683362118677,0.023058574078982375,0.007715959853802801,3.0,4.0,-0.024235429890363425,0.0,1524.12,1502.35,-0.013493991726311716,0.006835773883322682,0.015732752792276372,0.13573513006131704,0.013493991726311716,0.028942401429736364,0.051220564161040594,0.050427205404407704,0.8461288304666154,0.37766273112583054,0.0,0.0,0.0,0.0,0.0,0.0,0.0,0.0
2022-04-08,17.33,17.54,16.91,16.91,4055400,-0.02648244099021302,-0.02648244099021302,-0.03205495134516312,0.004156769596199483,-0.0041224970553592755,0.03425076452599374,17.262,17.006500000000003,17.212333333333333,17.056357245470558,16.980432597346198,0.07592464812436006,0.03312485810855899,0.04279979001580107,0.0044899259683240725,0.002531034300165646,48.74536513704618,17.006500000000003,0.2887591420293777,17.584018284058757,16.428981715941248,0.06791735913430214,0.4164528616117504,0.5311405976998022,0.03140985202246021,19.0121337590425,27.077015192780525,18.605211356438495,39.130434782608646,58.17805383022775,82073546.0,77084521.0,0.27667196217458084,0.9093122659714405,2.3785729129360655,4762490.0,-0.3674008514327368,0.8515293470432483,0.03725606150206972,-0.0056743010025579466,-0.017564924375931934,4.0,4.0,-0.04516129032258065,0.0,1504.31,1482.0,-0.013545445468765571,-0.022711086492047228,0.01054181952077693,0.1414099056750183,-0.012936995521447447,0.02686785608824671,0.023708945005216808,0.023461616874460578,0.9208332802948321,0.4088855578753216,0.0,0.0,0.0,0.0,0.0,0.0,0.0,0.0
2022-04-12,17.05,17.12,16.28,16.28,4413600,-0.037256061502069726,-0.06275187104202651,-0.06275187104202651,-0.052937754508435186,-0.015124016938898976,-0.010935601458080146,17.080000000000002,16.9975,17.166666666666668,16.93691766924432,16.92854870124648,0.00836896799783915,0.02817368008641502,-0.01980471208857587,0.0005140643733316431,-0.0012165056565464293,39.74228102154684,16.9975,0.30879860580586704,17.615097211611733,16.379902788388264,0.07266918212816406,-0.08088021327650463,0.5532019835783877,0.03398046582176828,17.739131028561822,24.14025617926801,24.721760861063004,0.0,35.61076604554866,77659946.0,77561556.0,0.308555274125948,0.5580084145157654,1.6732745432397895,4762295.0,-0.18117690471189513,0.9267800503748718,0.05159705159705159,-0.042212090013237114,-0.05165048543689321,1.0,4.0,0.015290519877675823,1.0,1487.94,1455.25,-0.018049932523616752,-0.04554994425132819,0.006222990492653402,0.14775045575345863,-0.019206128978452974,-0.007387810257106997,-0.017158591950733548,-0.01705247456364778,0.9436646394426833,0.4309592086463512,0.0,0.0,0.0,0.0,0.0,0.0,0.0,0.0
2022-04-13,16.35,16.7,16.0,16.6,3363300,0.019656019656019597,-0.01833234772324066,-0.04432930339666086,-0.049799656554092575,-0.004199160167966398,-0.040462427745664664,16.906,16.9625,17.129833333333334,16.885084181668272,16.904211760413407,-0.0191275787451346,0.018713428320105096,-0.0378410070652397,-0.0011522637798273853,-0.002279578738869861,45.27152135994742,16.9625,0.31235733585660436,17.58721467171321,16.337785328286788,0.0736583253309607,0.20986754720688622,0.5636875561799314,0.033957081697586225,17.077935276381265,21.99897632355639,26.076965439506836,32.96703296703304,24.03248924988058,81023246.0,77715331.0,0.254611496706695,-0.4910146171274924,-0.058963882457330294,4439035.0,-0.7022890787741245,0.7576646726146561,0.042168674698795136,-0.021370670596904784,-0.030930442989326568,2.0,4.0,-0.024985127900059356,0.0,1459.48,1477.2,0.015083319017350938,-0.028177075452458178,0.016837149111334382,0.15622849380982257,0.004572700638668659,-0.021622581101634397,-0.057299576856999046,-0.056350790199862444,0.9694461756077798,0.4471004627551357,0.0,0.0,0.0,0.0,0.0,0.0,0.0,0.0
2022-04-14,16.81,16.81,16.39,16.39,1642900,-0.012650602409638556,0.006756756756756799,-0.030751034890597273,-0.05641911341393213,-0.01856287425149694,-0.04653868528214078,16.71,16.9225,17.090666666666667,16.808917384488538,16.866122000382784,-0.0572046158942463,0.003529819477234817,-0.06073443537148112,-0.0034902145145970895,-0.0037055787291934788,42.51447779339826,16.9225,0.3322788144414146,17.587057628882828,16.25794237111717,0.07854130641250746,0.09935754488653503,0.5534241593099362,0.0337659645704659,16.22934972699815,22.226189020892168,24.66338608987985,21.428571428571455,18.131868131868178,79380346.0,77990106.0,0.25702789933830517,-0.4282569995035211,-0.21880082948910787,4318035.0,-1.6176114444025664,0.38047398874719635,0.025625381330079203,-0.03146698182892593,-0.04099703541894206,3.0,4.0,-0.012844036697247763,0.0,1483.08,1472.12,-0.0034389385323586596,-0.03334427736555268,0.008764295944029055,0.15631862837047442,-0.009211663877279896,-0.023074836048379455,-0.055302981226169834,-0.0548225006064631,0.9793076824717156,0.4497965689642163,0.0,0.0,0.0,0.0,0.0,0.0,0.0,0.0
2022-04-15,16.35,16.49,16.14,16.14,2437800,-0.015253203172666208,-0.027710843373494054,-0.008599508599508643,-0.07081174438687399,-0.0375670840787119,-0.04946996466431097,16.464000000000002,16.8805,17.043833333333332,16.706007017644147,16.812335185539617,-0.1063281678954695,-0.01844177799730605,-0.08788638989816346,-0.00658786666019018,-0.0054452534013732,39.43546888281177,16.8805,0.3749733323854845,17.63044666477097,16.13055333522903,0.08885360798210601,0.006298224403634364,0.5388938622163691,0.03338871513112572,15.90857992922002,21.195086674992368,26.83288497535404,7.692307692307723,20.695970695970754,76942546.0,78321546.0,0.258808832585825,-0.404729032897796,-0.30947495031130134,4261370.0,-1.073016220145834,0.5720695457094784,0.02168525402726133,-0.0438671840289091,-0.0530299326247029,4.0,4.0,-0.06939281288723675,0.0,1470.32,1458.56,-0.009211205608238404,-0.029147668652444447,-0.0019023635841076691,0.15999011578076394,-0.0060419975644278034,-0.04166407573442954,-0.0475676010802033,-0.047658264426930885,0.9863156688764456,0.4568954095248602,0.0,0.0,0.0,0.0,0.0,0.0,0.0,0.0
2022-04-18,16.14,16.21,15.02,15.02,6622200,-0.06939281288723675,-0.08358755338621116,-0.09518072289156632,-0.1117681845062094,-0.10807600950118768,-0.10807600950118768,16.086000000000002,16.789499999999997,16.979499999999998,16.446621322621972,16.679569616240386,-0.23294829361841352,-0.061343081121527546,-0.17160521249688598,-0.01550920729816335,-0.011425114014439812,29.224204995157535,16.789499999999997,0.5603427052873032,17.910185410574602,15.66881458942539,0.13349836630925357,-0.28947222088521923,0.5854014434866286,0.03897479650377021,17.18518241192226,18.11757057485398,36.60259914454288,0.0,9.70695970695974,70320346.0,78550126.0,0.35151722610105746,-1.3160575932352983,2.4038232622164415,4364230.0,1.2690858853095521,1.5173810729498673,0.0792276964047937,-0.10539325173471503,-0.11540386937188951,0.0,4.0,-0.07407407407407407,0.0,1455.04,1432.6,-0.01779837648091276,-0.03333333333333344,-0.024845143285004423,0.17041549755540722,-0.051594436406323996,-0.07843485117287596,-0.08323086621618325,-0.08535143484447494,1.1376916736985656,0.5008547579110011,0.0,0.0,0.0,0.0,0.0,0.0,0.0,0.0
2022-04-19,15.12,15.3,14.0,14.0,4980800,-0.0679094540612516,-0.13258983890954157,-0.1458206223306895,-0.14004914004914015,-0.18557300756253647,-0.18557300756253647,15.63,16.630000000000003,16.88883333333333,16.070218042218592,16.48108297800036,-0.41086493578176686,-0.1312474520535754,-0.27961748372819145,-0.029347495412983347,-0.019972677409156533,23.30559722619128,16.630000000000003,0.8296416474346994,18.289283294869403,14.970716705130604,0.19955301201075154,-0.2925108413168856,0.6364441975232981,0.04546029982309272,19.301197764139577,15.474218894313282,42.7098140789118,0.0,2.5641025641025883,65339546.0,78298361.0,0.4011597384594066,-1.2420845564967424,1.2418713080287036,4381965.0,0.33572262179651746,1.136659010284199,0.0928571428571429,-0.15814792543595924,-0.1710499047694235,1.0,4.0,-0.06785714285714284,0.0,1435.82,1406.45,-0.018253525059332643,-0.033533757086411264,-0.05919930432455933,0.16540393453617733,-0.04965592900191895,-0.10651538296272889,-0.12637370323797714,-0.1343256906790955,1.2235633094763585,0.5161027422308623,0.0,0.0,0.0,0.0,0.0,0.0,0.0,0.0
2022-04-20,14.0,14.14,13.05,13.05,4801600,-0.06785714285714284,-0.13115845539280957,-0.19144981412639406,-0.21385542168674698,-0.25300515168860893,-0.24260011607661058,14.920000000000002,16.421,16.77766666666667,15.605569112646501,16.226928683333664,-0.6213595706871633,-0.22926987578029298,-0.3920896949068703,-0.047613760205912896,-0.030045187349185463,19.370723400848647,16.421,1.1392652295045937,18.699530459009186,14.142469540990811,0.27751421460437087,-0.239731168980262,0.6688410405573482,0.051252187015888746,21.892258003328205,13.672926213389726,47.883614697795515,0.0,0.0,60537946.0,77433521.0,0.4474749565902835,-0.9908264988182897,0.10020618626973608,4249050.0,0.33792027057159124,1.1300408326567115,0.08352490421455937,-0.20528591437793065,-0.22218027933959827,2.0,4.0,0.0,0.0,1401.63,1384.72,-0.015450247075971424,-0.0626049282426212,-0.07917381531873013,0.1675191621792189,-0.052406895781171414,-0.15125049344412578,-0.16342630075788045,-0.17747790351384063,1.329705750999412,0.5448088362707453,0.0,0.0,0.0,0.0,0.0,0.0,0.0,0.0
2022-04-21,12.35,13.05,12.14,12.35,4286300,-0.05363984674329514,-0.11785714285714288,-0.177762982689747,-0.24649176327028677,-0.2890040299366725,-0.27438307873090484,14.112,16.1875,16.656,15.104712326085501,15.939748780864504,-0.8350364547790026,-0.35042319158003493,-0.48461326319896764,-0.06761428783635648,-0.03923994033999738,17.082115715816727,16.1875,1.447036445181829,19.08157289036366,13.293427109636342,0.3575688513190621,-0.16299297657250691,0.6860666805175376,0.05555195793664272,24.75934421226718,12.37751247430549,52.821276212107605,3.697183098591533,1.232394366197192,56251646.0,76533796.0,0.46961973264436213,-0.7703262504454804,-0.5992310850600978,4283935.0,0.0014529322095198228,1.0005520625312943,0.0736842105263158,-0.2370656370656371,-0.25852545629202683,3.0,4.0,0.014095536413468945,1.0,1369.8,1370.21,-0.01047865272401638,-0.06922669347607524,-0.08794946550048588,0.16858422203491885,-0.04316119401927876,-0.17726506979421153,-0.18643361323041896,-0.2044114949537572,1.3818936455738757,0.5540972843054915,0.0,0.0,0.0,0.0,0.0,0.0,0.0,0.0
2022-04-22,12.77,13.05,12.35,12.95,2942500,0.04858299595141702,-0.00766283524904221,-0.07500000000000007,-0.197645600991326,-0.254461715601612,-0.2435747663551403,13.474,15.979,16.547333333333334,14.773218122072347,15.718285908207873,-0.9450677861355263,-0.46935211049113323,-0.4757156756443931,-0.07297820742359278,-0.036734801208061246,25.235854259198547,15.979,1.5981367440340724,19.175273488068143,12.782726511931855,0.4000592637922453,0.026166954844850508,0.6870619176234278,0.053054974333855434,27.421638549139086,11.476755777069252,48.97727941522368,14.260563380281669,5.985915492957748,59194146.0,75630681.0,0.517414400320418,-0.367091492435309,-0.3958150816230867,4280545.0,-0.8205829097771441,0.6874124673376871,0.05405405405405414,-0.1895612992052068,-0.21739655936505387,4.0,4.0,-0.07960576194086422,0.0,1378.28,1379.23,0.006582932543186759,-0.054389260640631765,-0.07944549010185142,0.173088913714134,0.04200006340823026,-0.14325634035069423,-0.16412927625328888,-0.17829392446455816,1.4998994467857545,0.5704048015784038,0.0,0.0,0.0,0.0,0.0,0.0,0.0,0.0
2022-04-25,13.19,13.37,12.14,12.14,3664300,-0.0625482625482624,-0.017004048582995868,-0.06973180076628349,-0.1917443408788282,-0.2820816085156712,-0.2850412249705536,12.898,15.737,16.436166666666665,14.368107641753525,15.453227692785068,-1.0851200510315433,-0.5925056985992153,-0.492614352432328,-0.08938385922829846,-0.04057778850348665,22.079305961956422,15.737,1.7931363290996816,19.323272658199365,12.150727341800637,0.45577589860829426,-0.0014956115754487754,0.7258432092217544,0.05978939120442787,29.246249473737034,13.236639037865181,43.04899658544951,0.0,5.985915492957749,55529846.0,74709166.0,0.5454473144160006,-0.22096340397676575,-0.8281561661856537,4298945.0,-0.39152418385849413,0.8523719191569095,0.10131795716639197,-0.2285696130139162,-0.2613849539126113,0.0,4.0,0.03789126853377267,1.0,1377.75,1310.92,-0.04952763498473778,-0.08493647912885649,-0.12517851184517848,0.23555692208602896,-0.013020627563524623,-0.1068078617499717,-0.15986271312537514,-0.18273752450063674,1.4375797077792414,0.6203719855089785,0.0,0.0,0.0,0.0,0.0,0.0,0.0,0.0
2022-04-26,12.14,12.63,11.72,12.6,2794700,0.03789126853377267,-0.027027027027026973,0.020242914979757165,-0.09999999999999998,-0.22604422604422614,-0.23774954627949185,12.618,15.5405,16.354333333333333,14.096091081483753,15.241877493319508,-1.145786411835756,-0.7031618412465235,-0.44262457058923244,-0.09093542951077428,-0.035128934173748606,27.616520852284154,15.5405,1.9129901504685554,19.36648030093711,11.714519699062889,0.4923883145249008,0.1157194014721178,0.7389972657059148,0.058650576643326575,31.186734474077394,12.07238366455284,43.32208991246338,14.426229508196705,9.562264296159471,58324546.0,74218476.0,0.5761323223645052,-0.29049567904641976,-0.9463941880894333,4147590.0,-0.8389570687283062,0.6738129853722282,0.07222222222222223,-0.189215276213764,-0.22956199172492509,1.0,4.0,0.02547770700636942,1.0,1285.4,1341.34,0.023205077350257675,-0.046293860428739064,-0.09563235750212395,0.2575209569521328,0.014686191183514996,-0.053706139571260914,-0.1421171887773679,-0.15714537108474846,1.3824503977387983,0.6161787735329088,0.0,0.0,0.0,0.0,0.0,0.0,0.0,0.0
2022-04-27,12.56,13.02,12.46,12.88,1741700,0.022222222222222365,0.060955518945634335,-0.005405405405405239,-0.013026819923371624,-0.2240963855421687,-0.2273545290941812,12.584,15.350999999999999,16.288333333333334,13.909000145870868,15.06692360492547,-1.1579234590546026,-0.7941141648081393,-0.36380929424646324,-0.08990088967815237,-0.028246063217893108,30.838252809836135,15.350999999999999,1.981697571063284,19.314395142126568,11.38760485787343,0.5163696361314011,0.1882723130812819,0.7262117467269209,0.056382899590599445,32.22575829961047,15.243385716655556,40.9358938693551,19.463087248322154,11.296438918839634,60066246.0,73625311.0,0.5848819572545091,-0.3007767846440343,-1.0220465914726022,4045115.0,-1.3555737673682873,0.4305687230152913,0.04347826086956511,-0.16096671226630177,-0.20924997441931847,2.0,4.0,0.0,0.0,1331.73,1353.77,0.00926685255043469,-0.022351089028828985,-0.09613689776733259,0.25710135451306126,0.012955369671787675,0.009324269105457361,-0.1312176313268486,-0.14517423158741938,1.662967676862057,0.7132416614423072,0.0,0.0,0.0,0.0,0.0,0.0,0.0,0.0
2022-04-28,12.91,13.23,12.88,12.91,1214100,0.0023291925465838137,0.024603174603174738,0.06342668863261935,0.04534412955465594,-0.2123245881635144,-0.22694610778443114,12.696000000000002,15.1615,16.224,13.755307815736888,14.907151486042103,-1.1518436703052153,-0.8656600659075546,-0.28618360439766066,-0.08922104340086873,-0.02216759135535714,31.191630497646088,15.1615,2.0266105356377957,19.21472107127559,11.10827892872441,0.5346728320120819,0.22225793259144513,0.6993394791035694,0.05417037018617889,32.79410324647972,16.843345951301355,39.47251681527302,20.446735395189,18.112017383902636,61280346.0,72850816.0,0.5850525410532017,-0.30253318574383026,-1.0236727243556332,3863785.0,-1.471765650784954,0.314225558616745,0.027110766847405085,-0.14850113775022256,-0.2042652859960552,3.0,4.0,0.007763975155279379,1.0,1353.48,1350.99,-0.0020535246016679665,-0.014027046949007804,-0.09360554441097346,0.2573023098368158,0.00438271714825178,0.05937117650366375,-0.13334056337345768,-0.14711096537633317,1.664057785786872,0.7130519096549154,0.0,0.0,0.0,0.0,0.0,0.0,0.0,0.0
2022-04-29,12.88,13.09,12.74,12.98,1570700,0.005422153369481153,0.007763975155279379,0.030158730158730274,0.0023166023166023564,-0.19578686493184638,-0.22599880739415623,12.702,14.972,16.169,13.636029690238905,14.764399524113058,-1.128369833874153,-0.9182020195008743,-0.2101678143732787,-0.08693142017520439,-0.016191665205953675,32.06386938455704,14.972,2.0453968859497276,19.062793771899454,10.881206228100545,0.5464592268099725,0.25652647003578166,0.6743866591676002,0.051955828903513114,33.435575435610474,16.218950965044833,39.492070997490174,23.333333333333325,21.081051992281505,62851046.0,72026481.0,0.58552396114031,-0.30612874754249253,-1.028329403031266,3813945.0,-1.2117800265448946,0.4118307946234149,0.02696456086286592,-0.13304835693294148,-0.19722926587915146,4.0,4.0,0.029885057471264354,1.0,1347.08,1366.8,0.011702529256323091,-0.009012274965016775,-0.08400629963475525,0.2631982936774725,-0.006280375886841938,0.011328877281619132,-0.14199250775940098,-0.15501472084664192,1.63275621059377,0.710021946115087,0.0,0.0,0.0,0.0,0.0,0.0,0.0,0.0
2022-05-04,13.05,13.65,12.98,13.44,1981300,0.035439137134052334,0.041053446940356286,0.04347826086956519,0.10708401976935744,-0.10519307589880156,-0.20190023752969122,12.962,14.801999999999998,16.128666666666668,13.605871276355996,14.66629585566024,-1.060424579304243,-0.9466465314615481,-0.11377804784269496,-0.07890063834108951,-0.008465628559724329,37.65666187028663,14.801999999999998,2.023141382264666,18.84828276452933,10.755717235470666,0.5467210869516731,0.3316973776598597,0.6740733263699145,0.05015426535490435,32.98957129013302,21.001527608499963,36.688254840530796,33.79174852652258,25.857272418348316,64832346.0,71176116.0,0.6071452097552796,-0.30330173985223163,-1.1502263749523773,3787915.0,-0.9639721570621731,0.5230581995636122,0.04985119047619047,-0.09201459262261846,-0.16670111189186965,2.0,5.0,-0.03306392358559873,0.0,1366.11,1348.68,-0.013257243195785695,0.028804198578097795,-0.1106275223549893,0.2533476537621564,0.04869638032983803,0.07827982119125965,-0.09127271517470192,-0.1026259722095122,1.5777354823068097,0.6826756102758805,0.0,0.0,0.0,0.0,0.0,0.0,0.0,0.0
2022-05-05,13.61,13.68,12.81,13.16,1287200,-0.02083333333333326,0.013867488443759513,0.01936483346243212,0.04444444444444451,-0.05999999999999994,-0.23443862710878427,13.074000000000002,14.6005,16.073166666666665,13.53727569537815,14.554718384870592,-1.0174426894924409,-0.9608057630677267,-0.056636926424714185,-0.0773132742775411,-0.00430371781342813,35.72856708475639,14.6005,1.9728485283441481,18.546197056688296,10.654802943311704,0.5404879362608535,0.3174593767204924,0.6880680887720634,0.052284809177208465,32.744620257272544,19.104775017799422,35.1395312730829,28.290766208251473,28.471949356035807,63545146.0,70051316.0,0.5965795151611857,-0.16990171197068035,-1.0824802964613205,3642200.0,-1.2064763774245428,0.3534127725001373,0.06610942249240116,-0.09866100476011097,-0.1812441024896566,3.0,5.0,-0.018794048551292075,0.0,1361.62,1360.68,0.008897588753447705,0.014418417403492034,-0.10757526070702428,0.25565094684841566,-0.029730922086780964,0.030026027040952474,-0.12686336640176,-0.14215581529291488,1.49914930410363,0.6562287608015536,0.0,0.0,0.0,0.0,0.0,0.0,0.0,0.0
2022-05-06,12.77,12.95,12.53,12.53,1895900,-0.04787234042553201,-0.06770833333333337,-0.034668721109399114,-0.02717391304347838,-0.03984674329501925,-0.2827704636519748,13.004,14.3535,16.006,13.382310203781511,14.404739245250548,-1.022429041469037,-0.9731304187479888,-0.049298622721048124,-0.08159848694884572,-0.003934447144536961,31.7851070701752,14.3535,1.9026747793014083,18.158849558602817,10.548150441397183,0.5302329827014759,0.26040308887292835,0.6839203681454875,0.05458263113691042,32.79167272415274,17.847735578935843,35.75176789040529,16.981132075471677,26.35454893674859,61649246.0,68452996.0,0.5988604185295435,0.04213277752942609,-1.1311152523552261,3358270.0,-0.8343508000783373,0.5645466266857638,0.0335195530726257,-0.1270421848329676,-0.21716856178932908,4.0,5.0,-0.04885993485342022,0.0,1333.55,1329.26,-0.02309139547873129,-0.018104995678734248,-0.12550410189272576,0.26285082087470735,-0.02478094494680072,-0.009068917364744133,-0.15726636175924902,-0.17983659168628507,1.5279355665869399,0.6719852282659707,0.0,0.0,0.0,0.0,0.0,0.0,0.0,0.0
2022-05-09,12.28,12.42,11.68,11.68,3125200,-0.06783719074221861,-0.11246200607902734,-0.13095238095238093,-0.0952749806351666,-0.05425101214574901,-0.3275762809441567,12.758,14.068999999999999,15.919333333333334,13.120416326276663,14.202906708565322,-1.0824903822886593,-0.995002411456123,-0.08748797083253634,-0.09267897108635782,-0.0074904084616897555,27.392201741971718,14.068999999999999,1.8526336871998055,17.77426737439961,10.363732625600388,0.5267278945766737,0.17762110549618504,0.6957831989922384,0.05957047936577384,33.555399631220574,16.290335919297583,41.3580911338948,0.0,15.090632761241062,58524046.0,67072751.0,0.6250230793376637,0.1645279664915893,-1.2766540320344537,3140195.0,-0.010279904362986833,0.9952248188408681,0.06335616438356166,-0.16980595635795004,-0.2663009338749529,0.0,5.0,0.0602739726027397,1.0,1313.49,1269.62,-0.04486706889547576,-0.06022990547672458,-0.16631426882920752,0.29354380761704746,-0.022970121846742853,-0.03504507515844202,-0.16126201211494917,-0.19343261625514419,1.5110794983169054,0.7038557155344008,0.0,0.0,0.0,0.0,0.0,0.0,0.0,0.0
2022-05-10,10.95,11.61,10.91,11.61,3081700,-0.0059931506849315586,-0.07342378292098961,-0.11778115501519759,-0.1055469953775039,-0.10347490347490351,-0.3316062176165804,12.484,13.781,15.827500000000002,12.888044583772562,14.010839544967892,-1.1227949611953303,-1.0205609214039646,-0.1022340397913657,-0.09670929898323259,-0.00880568818185751,27.06051506945704,13.781,1.7577494582263151,17.29649891645263,10.26550108354737,0.5101950390323823,0.19122448170305753,0.7010843990642214,0.06038625314937308,34.78398938340717,15.012360718655163,45.958542936760175,15.945330296127544,10.975487457199755,55442346.0,65538421.0,0.6229782068497656,0.18715481482159615,-1.2432604183718203,3095160.0,-0.00931396523422275,0.995651274893705,0.06029285099052535,-0.1575357376097526,-0.2664665929552995,1.0,5.0,-0.003392705682781938,0.0,1240.93,1293.56,0.018856035664214454,-0.053585016095990645,-0.13897560488567906,0.3088728815517914,-0.024849186349146013,-0.05196197928151325,-0.19263061273090132,-0.22372259581022103,1.4420360197523105,0.6888854569586577,0.0,0.0,0.0,0.0,0.0,0.0,0.0,0.0
2022-05-11,11.79,11.79,11.44,11.75,1012000,0.012058570198105079,0.0059931506849315586,-0.06225059856344772,-0.12574404761904756,-0.032125205930807255,-0.3051448846836191,12.146,13.523,15.7385,12.712960801653706,13.843369949044344,-1.1304091473906386,-1.0425305666012994,-0.08787858078933919,-0.09620503382047987,-0.0074790281522841865,28.914460815891005,13.523,1.6496733328945208,16.82234666578904,10.223653334210958,0.48796075808460276,0.23131044118760627,0.6760069419882055,0.05753250570112388,35.58696238412245,16.35910024335636,44.25891013411501,26.006191950464387,13.983840748863992,56454346.0,64257461.0,0.6319587952292747,0.04646700818001289,-1.374056734104476,2942990.0,-1.2890671124978743,0.3438679710090758,0.02978723404255316,-0.13110996080751314,-0.25342313435206665,2.0,5.0,-0.06569965870307182,0.0,1295.39,1301.53,0.006161291320077922,-0.03496010914375547,-0.1217746288798921,0.3114739460723558,0.005897278878027157,-0.09078393847529209,-0.183370255803727,-0.20879635436841526,1.4469914657285454,0.6913118776059223,0.0,0.0,0.0,0.0,0.0,0.0,0.0,0.0
2022-05-12,11.72,11.72,10.95,10.95,1725200,-0.06808510638297882,-0.05684754521963831,-0.0625,-0.16793313069908822,-0.13095238095238093,-0.32739557739557745,11.703999999999999,13.256499999999999,15.645000000000001,12.441736062937752,13.629046249115135,-1.187310186177383,-1.0714864905165162,-0.1158236956608667,-0.1084301539888021,-0.010577506453047187,25.00351320508048,13.256499999999999,1.6109143366424385,16.478328673284878,10.034671326715122,0.4860753099664132,0.14205110918446762,0.6848635889890481,0.06254461999899982,36.657326580952294,14.994148531480871,45.67659306618754,1.4440433212996084,14.465188522630527,54729146.0,63110921.0,0.6539800050947266,0.06365536731306283,-1.4878517818846326,2808570.0,-0.7322180615634171,0.6142627742943918,0.07031963470319648,-0.17399011805529363,-0.3000958772770854,3.0,5.0,-0.02390057361376674,0.0,1290.4,1238.84,-0.048166388788579595,-0.08954346356233656,-0.1487098436694727,0.3432813722894233,-0.019918717594399227,-0.07838966713675166,-0.17868573372610475,-0.20989991766887894,1.4325090767496456,0.7145023377798615,0.0,0.0,0.0,0.0,0.0,0.0,0.0,0.0
2022-05-13,10.46,10.95,10.21,10.21,2708000,-0.067579908675799,-0.13106382978723397,-0.12058570198105067,-0.1851556264964085,-0.20729813664596275,-0.3849397590361445,11.239999999999998,12.937000000000001,15.538,12.09839205325502,13.375783563995496,-1.2773915107404754,-1.1126674945613082,-0.1647240161791672,-0.1251118032067067,-0.01613359609982049,22.034594059867885,12.937000000000001,1.5452204748156841,16.02744094963137,9.846559050368633,0.4777677900025304,0.05880082414691012,0.6888019040612589,0.06746345779248372,38.07662970666474,13.84353055804505,49.84525181096921,0.0,9.150078423921347,52021146.0,61660816.0,0.6592092144518326,0.2724283371957381,-1.4176256239149538,2775805.0,-0.04600421275122149,0.9755728518393764,0.07247796278158652,-0.2107907551982685,-0.34290127429527606,4.0,5.0,-0.08126195028680705,0.0,1235.03,1182.77,-0.04526008201220488,-0.11020417375080871,-0.1993162740319524,0.3565202260972451,-0.02231982666359411,-0.07495145274559978,-0.18562348500419212,-0.231831219973615,1.4503325492070038,0.7387028110019184,0.0,0.0,0.0,0.0,0.0,0.0,0.0,0.0
2022-05-16,10.46,10.6,9.61,9.61,1795600,-0.05876591576885415,-0.12237442922374431,-0.18212765957446808,-0.17722602739726034,-0.25561580170410536,-0.4136668700427091,10.825999999999999,12.598,15.414,11.715562506600401,13.096836633329163,-1.381274126728762,-1.166388820994799,-0.21488530573396303,-0.14373299965960062,-0.022360593728820297,19.96462995583458,12.598,1.490561886283903,15.579123772567806,9.616876227432195,0.4732693717364352,-0.0011532945219300597,0.710316053771169,0.07391426157868565,39.690145778441476,12.465361826001422,50.91652551175767,0.0,0.48134777376655036,50225546.0,60203076.0,0.6696847297237353,0.4062000242644661,-1.4258872323865888,2783440.0,-0.6728727435271805,0.6451010260684621,0.10301768990634759,-0.23718050484203856,-0.3765408070585182,0.0,5.0,0.06528497409326417,1.0,1208.05,1171.95,-0.00914801694327716,-0.07692852979631692,-0.20390321441186854,0.35552947499046367,-0.04961789882557699,-0.10029749760094342,-0.20976365563084054,-0.26349014269147397,1.4595034418440247,0.7343704879938872,0.0,0.0,0.0,0.0,0.0,0.0,0.0,0.0
2022-05-17,9.65,10.28,9.4,10.28,1900800,0.06971904266389184,0.00685602350636616,-0.061187214611872154,-0.11455641688199825,-0.20801232665639457,-0.3630731102850062,10.559999999999999,12.305000000000001,15.3,11.494706736354185,12.888182067897374,-1.393475331543188,-1.2118061231044768,-0.18166920843871126,-0.1355520750528393,-0.017672101988201485,28.088523131714936,12.305000000000001,1.3243488966281163,14.953697793256234,9.656302206743769,0.430507564933967,0.11773668457840077,0.7224363356446569,0.07027590813663978,41.285728247649054,11.380785939651844,48.56273011971869,20.560747663551382,6.853582554517142,52126346.0,58962266.0,0.7500045985398305,0.46641634352721745,-1.2790638238654104,2756590.0,-0.5783877720269522,0.6895475932220606,0.08560311284046683,-0.1645672490857376,-0.32810457516339875,1.0,5.0,-0.006647673314339797,0.0,1164.32,1228.37,0.048141985579589486,-0.05039580692043666,-0.15782004168494956,0.4131740176183311,0.021577057084302353,-0.06416060996156159,-0.20525306860005665,-0.2437164011961369,1.474899712093915,0.7645679122168408,0.0,0.0,0.0,0.0,0.0,0.0,0.0,0.0
2022-05-18,10.53,10.84,10.39,10.46,1672200,0.017509727626459304,0.08844953173777337,0.02448579823702257,-0.10978723404255308,-0.22172619047619035,-0.30359520639147797,10.302,12.077,15.178500000000001,11.335521084607388,12.708316729534605,-1.3727956449272174,-1.244004027469025,-0.12879161745819245,-0.13124241347296534,-0.012312774135582452,30.14012202130803,12.077,1.2208112057153226,14.518622411430645,9.635377588569355,0.4043425372908247,0.1688677183601592,0.7108337402414672,0.06795733654316129,41.720256926263176,16.367561836375298,45.83001064564183,24.76635514018693,15.109034267912785,53798546.0,58136176.0,0.7393533503532214,0.2732546396257306,-1.3917360426416079,2509090.0,-0.7072523894028684,0.6664567632089722,0.043021032504780045,-0.13389086693715324,-0.31086734525809534,2.0,5.0,0.02062868369351678,1.0,1240.06,1240.76,0.010086537443929844,-0.04669120189315645,-0.1339103727488482,0.4164495859110749,0.00742319018252946,-0.06309603214939663,-0.16968483364262976,-0.19592063950839111,1.4768861521080974,0.7781728062177966,0.0,0.0,0.0,0.0,0.0,0.0,0.0,0.0
2022-05-19,10.18,10.53,10.03,10.39,1146500,-0.006692160611854736,0.01070038910505855,0.08116545265348618,-0.05114155251141539,-0.21048632218844976,-0.2578571428571428,10.190000000000001,11.8965,15.057,11.190056302360098,12.536589564383894,-1.3465332620237955,-1.2645098743799792,-0.08202338764381634,-0.12959896650854624,-0.007894455018654123,29.784252195208126,11.8965,1.1879583326026601,14.27241666520532,9.52058333479468,0.3994312050107713,0.18296446965874297,0.6957741873670766,0.06696575431829419,42.345335743252726,15.52741026064266,47.17332359675635,23.130841121495337,22.819314641744565,52652046.0,57501801.0,0.7148492124975326,0.16112953219992052,-1.2928579142978347,2317375.0,-1.0977436030034013,0.4947408166567776,0.04812319538017324,-0.12663388391543728,-0.3099555024241216,3.0,5.0,0.013474494706448459,1.0,1211.31,1241.64,0.0007092427222026298,0.0022601788770140185,-0.11718155640086736,0.41498940422689823,-0.007401403334057366,-0.05340173138842941,-0.14067558645627543,-0.1593482640470898,1.4785533940575537,0.7783301103213177,0.0,0.0,0.0,0.0,0.0,0.0,0.0,0.0
2022-05-20,10.39,10.81,10.39,10.53,1613300,0.013474494706448459,0.006692160611854625,0.024319066147859836,0.03134182174338873,-0.15961691939345568,-0.19310344827586212,10.254000000000001,11.7705,14.947666666666667,11.088509178920082,12.387953300355457,-1.299444121435375,-1.2714967237910584,-0.02794739764431653,-0.12340400013631292,-0.0026540738503624435,31.525613887580832,11.7705,1.1928050751772092,14.156110150354419,9.384889849645582,0.4053540886715804,0.24000362133441924,0.6760760311265712,0.06420475129407134,42.42009232234217,17.79664866216426,45.08006833736712,26.401869158878487,24.76635514018693,54265346.0,57188171.0,0.6912228776300229,-0.007893379108487062,-1.198018841779447,2157960.0,-0.6043544536996831,0.7476042187992363,0.03988603988603988,-0.10539059513189764,-0.2955422250964477,4.0,5.0,-0.02607076350093107,0.0,1240.72,1240.71,-0.0007490093746980175,0.04898670071104272,-0.10399936449246061,0.4137741538650905,0.014223504081146476,-0.017644878967653987,-0.08910408378340151,-0.09944645154512477,1.4786225106965893,0.7796432455592193,0.0,0.0,0.0,0.0,0.0,0.0,0.0,0.0
2022-05-23,10.74,10.98,10.25,10.46,1491300,-0.006647673314339797,0.00673724735322434,0.0,0.08844953173777337,-0.10445205479452047,-0.15303643724696347,10.424000000000001,11.675999999999998,14.837166666666667,10.991815459086224,12.245141944773572,-1.2533264856873476,-1.2678626761703162,0.014536190482968614,-0.11982088773301601,0.0013896931628077068,31.110170793646034,11.675999999999998,1.219056580872481,14.11411316174496,9.237886838255037,0.4176281537761155,0.25062683326607693,0.679927743188959,0.06500265231251998,42.183835305298835,18.2177487104282,41.62293103586373,24.76635514018693,24.76635514018693,52774046.0,57014291.0,0.6715024846116382,-0.12866104982649024,-0.9843981369406558,2018210.0,-0.6938857117928255,0.7389221141506582,0.06978967495219889,-0.10414525522439166,-0.2950136481583411,0.0,5.0,0.013474494706448459,1.0,1246.56,1218.81,-0.017651183596489206,0.03998464098297694,-0.1104940118667942,0.4157778239933641,0.011003510282149409,0.04846489075479643,-0.04254242538016928,-0.04782702527888827,1.4629081412650975,0.7745620719680413,0.0,0.0,0.0,0.0,0.0,0.0,0.0,0.0
2022-05-24,10.39,10.53,10.18,10.53,905300,0.006692160611854625,0.0,0.013474494706448459,0.024319066147859836,-0.09302325581395354,-0.1868725868725869,10.474,11.555,14.740666666666668,10.920766926919113,12.118094393308862,-1.1973274663897495,-1.2537556342142029,0.05642816782445337,-0.11370631209779199,0.005358800363195952,32.07415019880439,11.555,1.2059785282194677,13.966957056438936,9.143042943561063,0.417474176796008,0.2875169466090471,0.656361475818319,0.062332523819403525,42.021258682478056,17.52385710566441,40.79934023138723,26.401869158878487,25.85669781931465,53679346.0,56738551.0,0.6409417290321876,-0.12835555945757934,-0.7823670024699012,1916350.0,-1.3208361870725522,0.4724084848801106,0.03323836657169987,-0.08870618779749029,-0.28564967663154095,1.0,5.0,0.059266227657572834,1.0,1218.87,1233.38,0.011954283276310651,0.004078575673453599,-0.10574740978662,0.41827918809464726,-0.005262122664456026,0.020240490474406236,-0.08112517708596689,-0.09071841443211182,1.4430182206440436,0.7756856724289449,0.0,0.0,0.0,0.0,0.0,0.0,0.0,0.0
2022-05-25,10.63,11.26,10.53,11.26,2538700,0.06932573599240266,0.07648183556405352,0.06932573599240266,0.07648183556405352,-0.041702127659574484,-0.07248764415156517,10.634,11.511,14.653500000000001,10.972956630470017,12.054531845656353,-1.0815752151863354,-1.2193195504086294,0.137744335222294,-0.09605463722791611,0.012233067071251689,41.29915322143693,11.511,1.1995477217860826,13.910095443572164,9.111904556427834,0.4168352781812466,0.4476886172510357,0.6616213704027248,0.058758558650330805,40.59190415124584,24.023861381547306,37.58391481682857,52.394366197183096,34.52086349874952,56218046.0,56772961.0,0.6666160501212111,-0.13728666898188252,-0.5673583837840155,1860070.0,1.0205522393741795,1.364841108130339,0.06483126110124338,-0.021805229780210156,-0.2315828982836866,2.0,5.0,-0.012237762237762184,0.0,1238.52,1268.43,0.028417843649159114,0.022300847867436246,-0.032412351630915714,0.3999229073026252,0.040907892343243546,0.05418098769661728,-0.04007529252064945,-0.04141773883554456,1.4931809982364457,0.7891037813133596,0.0,0.0,0.0,0.0,0.0,0.0,0.0,0.0
2022-05-26,11.44,11.54,11.23,11.3,1943400,0.00355239786856143,0.07312440645773988,0.08030592734225617,0.08758421559191532,0.03196347031963476,-0.10317460317460314,10.815999999999999,11.446,14.571,11.023270995013092,11.998640597829956,-0.9753696028168637,-1.1705295608902764,0.1951599580734127,-0.0863158940545897,0.01727079274985953,41.765845937150445,11.446,1.1723453775277144,13.79069075505543,9.10130924494457,0.4096960955889271,0.4688658302411084,0.6365055582311016,0.05632792550717713,38.82724982974385,26.33027182906704,36.27643957816588,62.91390728476823,47.23671421360996,58161446.0,56764806.0,0.6496676743613278,-0.06610790478294155,-0.34442874280238484,1817505.0,0.20039979531868335,1.0692680350260384,0.027433628318583956,-0.012755547789620736,-0.2244869947155308,3.0,5.0,0.003530450132391838,1.0,1273.8,1268.57,0.00011037266542102131,0.021689056409265106,-0.05425171843082288,0.38938493282444586,0.0034420252031404086,0.06589515918265021,-0.04892288474378026,-0.051729287482931374,1.49322235456081,0.7890189856413619,0.0,0.0,0.0,0.0,0.0,0.0,0.0,0.0
2022-05-27,11.33,11.58,11.26,11.37,1482000,0.00619469026548658,0.009769094138543544,0.07977207977207978,0.07977207977207978,0.11361410381978443,-0.11723602484472062,10.984,11.3705,14.485666666666667,11.076613918857232,11.95207462762033,-0.8754607087630983,-1.1115157904648407,0.2360550817017424,-0.07699742381381693,0.020761220906045947,42.62550893595235,11.3705,1.122705730765995,13.61591146153199,9.12508853846801,0.3949538650951128,0.4998886618313466,0.6138980183574515,0.05399278965324992,37.12521748899989,25.8153320679062,34.92576611613842,82.42677824267781,65.91168390820972,59643446.0,56743666.0,0.6433423251502237,-0.01804783243004347,-0.23545401262039425,1804520.0,-0.5098827152529372,0.8212710305233525,0.028144239226033447,-4.397344004225534e-05,-0.21508617714062184,4.0,5.0,0.0,0.0,1270.56,1285.45,0.013306321290902368,0.0360599979044256,-0.05046647510286084,0.39126301059807,-0.007111631025415788,0.043712081867654184,-0.06676954974185978,-0.07031826469643898,1.4793930761908949,0.7872865829289463,0.0,0.0,0.0,0.0,0.0,0.0,0.0,0.0
2022-05-30,11.4,11.51,11.33,11.4,990100,0.0026385224274407815,0.008849557522123908,0.01243339253996445,0.08986615678776277,0.18626430801248706,-0.11696359411309065,11.172,11.295,14.4055,11.126365623648427,11.911180210759566,-0.7848145871111392,-1.0461755497941005,0.2613609626829614,-0.06884338483431045,0.022926400235347488,43.01377394930576,11.295,1.0629081259500244,13.42081625190005,9.16918374809995,0.3764172203452943,0.5246963960093333,0.5829053027604907,0.051132044101797426,35.544758886880494,25.245923262170855,34.15540845731497,83.68200836820088,76.34089796521566,60633546.0,56711326.0,0.6433927383665107,-0.019264563020879175,-0.23643781294971158,1793320.0,-1.244541033567611,0.552104476613209,0.015789473684210503,0.009296148738379806,-0.20863559057304504,0.0,5.0,0.009708737864077666,1.0,1290.11,1293.92,0.006589132210510051,0.06162568406888691,-0.04224309580381791,0.39253441344897455,-0.00395060978306927,0.028240472718875864,-0.07472049830927274,-0.078016141655469,1.4763219300090982,0.7868217531367003,0.0,0.0,0.0,0.0,0.0,0.0,0.0,0.0
2022-05-31,11.33,11.79,11.26,11.44,1651200,0.0035087719298245723,0.006156552330694787,0.012389380530973382,0.08641975308641969,0.11284046692607008,-0.11864406779661019,11.354,11.218,14.3225,11.174617066164053,11.876277972925523,-0.7016609067614699,-0.9772726211875744,0.27561171442610455,-0.06133399534628233,0.024091933079204944,43.56218103050365,11.218,0.98752534944149,13.19305069888298,9.24294930111702,0.35212171490158306,0.556201088945604,0.5791263525633128,0.0506229329163735,33.59615405924362,27.04909017364267,31.922689860432815,85.35564853556487,83.82147838214787,62284746.0,56683011.0,0.6430010543032039,-0.011921354338101172,-0.22876789282722942,1797345.0,-0.22686876565326172,0.9186883987214475,0.04632867132867127,0.0197896238188624,-0.20125676383312974,1.0,5.0,0.0,0.0,1288.63,1292.68,-0.0009583281810312538,0.048079261865767275,-0.05422885572139291,0.38929054837243127,0.004467100110855826,0.03834049122065242,-0.06441521207521728,-0.06810866716001407,1.4805447669932819,0.7855577279567616,0.0,0.0,0.0,0.0,0.0,0.0,0.0,0.0
2022-06-01,11.47,11.75,11.33,11.47,1232900,0.002622377622377714,0.006140350877193113,0.008795074758135568,0.018650088809946785,0.09655831739961762,-0.14657738095238082,11.395999999999999,11.119499999999999,14.234166666666669,11.220060594446506,11.846183308264374,-0.6261227138178675,-0.9070426397136331,0.28091992589576553,-0.054587856479325854,0.02449171106327511,43.99747904017709,11.119499999999999,0.8417117583891682,12.802923516778336,9.436076483221662,0.30278762836068834,0.6041033336253891,0.5677601845230762,0.04949958016766139,31.786735290723662,25.619837599528264,30.235920125747306,86.61087866108792,85.2161785216179,63517646.0,56617276.0,0.6255985434302096,0.060835477299447625,0.06939802979063703,1759925.0,-0.8051251046458432,0.7005412162450104,0.03661726242371403,0.03152120149287296,-0.1941923774954628,2.0,6.0,-0.01819757365684571,0.0,1289.56,1299.52,0.005291332735092968,0.024510615485284992,-0.03645045525995794,0.3880558012629854,-0.0026689551127152544,-0.005860526675338207,-0.11012692569242288,-0.114292955970556,1.4759818407058583,0.7883173084446249,0.0,0.0,0.0,0.0,0.0,0.0,0.0,0.0
2022-06-02,11.54,11.65,11.23,11.33,1654900,-0.012205754141238034,-0.009615384615384581,-0.0061403508771930015,0.0026548672566371057,0.09047160731472559,-0.13905775075987847,11.402000000000001,11.028,14.146333333333335,11.236974349147044,11.807947507652198,-0.5709731585051543,-0.8398287434719374,0.2688555849667831,-0.05039480657591829,0.023729530888506892,42.35568151149631,11.028,0.6948805274063136,12.417761054812628,9.638238945187373,0.25204226601607316,0.6086517710919437,0.5572058856285708,0.04917968981717306,30.261737067741528,24.24046392848598,29.889922543059853,80.75313807531384,84.23988842398889,61862746.0,56533156.0,0.6238429281607398,0.02710282224581254,0.10668696123173049,1778310.0,-0.19112137138929544,0.9306026508314074,0.037069726390114736,0.027384838592673155,-0.19908574660100387,3.0,6.0,-0.02212389380530977,0.0,1300.58,1288.62,-0.008387712386111912,0.015805197978826513,-0.05295881471029207,0.3867209619490743,-0.0038180417551261225,-0.013150330722189407,-0.0860989360495864,-0.09091361324824332,1.4749708718785375,0.7883642805481987,0.0,0.0,0.0,0.0,0.0,0.0,0.0,0.0
2022-06-03,11.3,11.37,10.91,11.05,1828900,-0.024713150926743088,-0.03661726242371399,-0.03409090909090895,-0.028144239226033263,0.049382716049382935,-0.11811652035115716,11.338,10.953999999999999,14.0585,11.208209064662883,11.751803247826109,-0.5435941831632256,-0.7805818314101951,0.2369876482469695,-0.049194043725178785,0.02144684599520086,39.20470830354091,10.953999999999999,0.598651115337464,12.151302230674927,9.75669776932507,0.2186054830518402,0.5400901282652275,0.5502626080836728,0.049797521093545044,29.328370718255755,22.793023425495143,32.259003799131335,69.03765690376574,78.80055788005585,60033846.0,56452386.0,0.6088155874365354,-0.005302708758317611,0.38121027391656265,1774960.0,0.08359592123921483,1.0303894172263037,0.041628959276018014,0.008763921855030388,-0.21399864850446348,4.0,6.0,-0.01900452488687787,0.0,1284.62,1287.98,-0.0004966553367167226,0.00196818234859375,-0.031054872635902675,0.37895093421162035,-0.024216495590026366,-0.030112421574627013,-0.08706164771525449,-0.08985198981504305,1.4816368916249991,0.7858206450505982,0.0,0.0,0.0,0.0,0.0,0.0,0.0,0.0
2022-06-06,11.05,11.16,10.84,10.84,1421500,-0.01900452488687787,-0.04324801412180057,-0.0549258936355711,-0.0491228070175439,0.03632887189292533,-0.07191780821917804,11.225999999999999,10.912,13.968333333333334,11.151561516253208,11.684262266505657,-0.5327007502524488,-0.7310056151786459,0.19830486492619714,-0.04914213563214472,0.018293806727508962,36.98254593568617,10.912,0.5739943150278246,12.05998863005565,9.764011369944352,0.21040847325066867,0.46864080439694306,0.533815278934839,0.04924495193125822,28.564970972174194,21.817061490455924,31.814376851136412,46.02272727272731,65.27117408393565,58612346.0,56456801.0,0.5657150058344224,0.07357901004424572,0.9837314757099422,1689775.0,-0.47474841028470627,0.8412362592652868,0.029520295202952056,-0.006598240469208316,-0.223958954778666,0.0,6.0,0.0,0.0,1290.04,1290.01,0.0015761114303016743,-0.0030218251514777528,0.01605992344165985,0.34221652791453583,-0.020580636317179546,-0.04610098186606615,-0.08797773166083789,-0.08658714868197381,1.4780461968990994,0.7831016999439583,0.0,0.0,0.0,0.0,0.0,0.0,0.0,0.0
2022-06-07,10.6,10.84,10.32,10.6,1669900,-0.022140221402214055,-0.040723981900452566,-0.06443071491615182,-0.07342657342657344,0.006647673314339908,-0.08699397071490089,11.058,10.8615,13.873666666666667,11.066705898368099,11.603946543060793,-0.5372406446926945,-0.6922526210814557,0.15501197638876119,-0.050683079687990046,0.014623771357430301,34.57084118415935,10.8615,0.5534130940189508,11.968326188037901,9.754673811962098,0.20380724357370558,0.38186943766501974,0.5328284732966362,0.050266837103456245,28.56851182761543,20.296219345509595,36.567517846296745,32.386363636363654,49.148915937618916,56942446.0,56531806.0,0.5696924342648014,0.13837492755952024,0.8756476642530114,1619185.0,0.11011229365975579,1.0313213128827157,0.04905660377358487,-0.02407586429130415,-0.23596261502606863,1.0,6.0,0.03280224929709452,1.0,1285.07,1291.35,0.0010387516375840455,-0.001028870254045966,-0.0017084634651659547,0.33568125256034664,-0.0231789730397981,-0.07239770317252747,-0.08528550724973494,-0.08543146378438626,1.4745506304012281,0.779649378433634,0.0,0.0,0.0,0.0,0.0,0.0,0.0,0.0
2022-06-08,10.67,11.19,10.67,11.02,1263400,0.039622641509434064,0.016605166051660403,-0.002714932126696934,-0.03923278116826512,-0.02131438721136769,-0.062127659574468086,10.968,10.825,13.784833333333333,11.059520375542238,11.560691243574809,-0.5011708680325704,-0.6540362704716787,0.1528654024391083,-0.04547830018444377,0.013871633615164093,41.73195406612353,10.825,0.5144286559915872,11.853857311983173,9.796142688016825,0.19008911075901597,0.5947653273825347,0.5369121537754479,0.048721611050403624,27.822091618486724,23.35940075426932,33.697290994792326,52.17391304347827,43.527667984189755,58205846.0,56619381.0,0.5880568156130067,0.09205372598006746,0.4566176203864741,1631755.0,-0.8252742659377732,0.7742583905059277,0.04718693284936475,0.018013856812933104,-0.2005706755008524,2.0,6.0,-0.006294964028776828,0.0,1297.56,1307.91,0.012823789057962776,0.00645622999261275,0.004901923121249707,0.3380938100397996,0.02679885245147129,-0.04568901116087787,-0.0670295826957178,-0.06670261162156232,1.5016303789481653,0.7856760501601766,0.0,0.0,0.0,0.0,0.0,0.0,0.0,0.0
2022-06-09,11.12,11.26,10.98,11.05,803300,0.0027223230490018846,0.04245283018867929,0.019372693726937396,-0.024713150926743088,-0.02212389380530977,0.009132420091324311,10.912,10.830000000000002,13.694666666666668,11.058055702381894,11.522862262569268,-0.4648065601873732,-0.6161903284148176,0.15138376822744437,-0.04206394209840481,0.013699888527370531,42.21842312201646,10.830000000000002,0.516190499311054,11.86238099862211,9.797619001377894,0.1906520773078684,0.6065498107257046,0.5185612856486301,0.046928623135622634,26.983250770171352,23.422675791999094,32.397645536198446,54.03726708074542,46.19918125352913,59009146.0,56833381.0,0.5346857942921681,0.20173779993960134,1.0758976895144323,1585660.0,-1.6220210302840992,0.5066029287489121,0.025339366515837045,0.020313942751615688,-0.19311654171940418,3.0,6.0,-0.006433823529411797,0.0,1310.35,1307.8,-8.41036462754241e-05,0.014884139622231674,0.055664976913887276,0.2853336785355928,0.0028064266952773087,-0.03959729054897476,-0.046532556822562965,-0.0440789055620614,1.5233452659260798,0.7943208587576777,0.0,0.0,0.0,0.0,0.0,0.0,0.0,0.0
2022-06-10,10.88,11.3,10.81,10.81,1427500,-0.021719457013574694,-0.019056261343012637,0.019811320754717032,-0.021719457013574694,-0.049252418645558405,0.05876591576885404,10.864,10.86,13.586500000000001,11.019893286630834,11.4700576505271,-0.45016436389626513,-0.5829851355111071,0.13282077161484196,-0.041643326909922763,0.012286842887589449,39.38549384916621,10.86,0.4952723865128707,11.85054477302574,9.869455226974258,0.18242076851302783,0.47476136295824983,0.5165211938165851,0.04778179406258882,26.463428442375143,21.83553152273398,32.55324054658888,39.13043478260876,48.44720496894416,57581646.0,57111406.0,0.47850918313702706,0.690801319396193,1.4368542753249676,1521635.0,-0.23290974962505617,0.938135623851975,0.04532839962997227,-0.004604051565377465,-0.2043572664041512,4.0,6.0,-0.013712047012732653,0.0,1298.78,1284.08,-0.018137329866952157,-0.0030279973291511553,0.08565486104652642,0.2367691774256499,-0.003582127146622538,-0.01869145968442354,-0.026888945277672383,-0.02476748941348872,1.49782484130381,0.8052355581808941,0.0,0.0,0.0,0.0,0.0,0.0,0.0,0.0
2022-06-13,10.21,10.53,10.07,10.07,2494100,-0.0684551341350601,-0.08868778280542988,-0.08620689655172409,-0.0710332103321033,-0.1166666666666667,0.04786680541103028,10.71,10.883,13.467833333333335,10.873755857918399,11.36634967641398,-0.4925938184955818,-0.5649068721080021,0.07231305361242024,-0.04891696310780356,0.007181038094579964,32.20894851773129,10.883,0.4419823764050797,11.766964752810159,9.99903524718984,0.1624487278893981,0.040140035326386644,0.5324839656868291,0.052878248826894646,26.947048699655863,19.66802248315175,39.24835857719831,0.0,31.05590062111807,55087546.0,57354506.0,0.496086829536129,0.4219372208869939,1.6819274423135397,1556560.0,2.056227942339415,1.602315362080485,0.04568023833167816,-0.07470366626849201,-0.2522924994121797,0.0,6.0,-0.003076923076922977,0.0,1251.08,1227.04,-0.04442090835461965,-0.04881357508856521,0.047007124877341155,0.29025118366750247,-0.024034225780440455,-0.022219635243538094,0.0008596805336891222,0.0008210837474385002,1.4957473296338197,0.8178921204484708,0.0,0.0,0.0,0.0,0.0,0.0,0.0,0.0
2022-06-14,9.75,10.18,9.58,9.72,1578200,-0.0347567030784508,-0.1008325624421832,-0.12036199095022626,-0.08301886792452817,-0.1503496503496503,-0.05447470817120614,10.534,10.855,13.346833333333334,10.696254956700184,11.244397848531463,-0.5481428918312794,-0.5615540760526576,0.013411184221378214,-0.05639330162873245,0.0013797514631047544,29.473480915409354,10.855,0.4965618634274837,11.848123726854968,9.861876273145032,0.18297995888622165,-0.07142930397722282,0.5373065395663413,0.05527845057266886,27.90764392916369,18.099243420908717,42.6317670334138,6.334841628959304,15.155092137189369,53509346.0,57423656.0,0.44517138612762513,0.2772752295796367,2.3702028688748773,1540430.0,0.08416107430886352,1.0245191277760106,0.06172839506172836,-0.10456011054813452,-0.27173736591700903,1.0,6.0,-0.06095041322314043,0.0,1213.44,1230.31,0.0026649497978876724,-0.04726836256630651,0.0015793287038921022,0.23493460052559953,-0.037421652876338474,-0.03575050535822166,-0.056054036875098245,-0.05596564871964338,1.488499527689008,0.8100705550104178,0.0,0.0,0.0,0.0,0.0,0.0,0.0,0.0
2022-06-15,9.68,9.82,9.05,9.09,2385600,-0.06481481481481488,-0.09731876861966238,-0.15911193339500462,-0.17513611615245006,-0.20749782040104625,-0.13097514340344174,10.148,10.7865,13.217666666666668,10.44913880951554,11.084812822714317,-0.635674013198777,-0.5763780634818815,-0.05929594971689556,-0.069931134565322,-0.006523206789537465,25.307136040032603,10.7865,0.6303822983756038,12.047264596751209,9.525735403248792,0.2337671342421005,-0.17280601167403228,0.5539275010258884,0.0609381189247402,29.272474325924925,16.30215194899883,45.233131103996705,1.45985401459851,2.5982318811859524,51123746.0,57289916.0,0.4899411205042189,0.15647479425287347,1.6386961380017857,1576100.0,1.6636957790057465,1.5136095425417169,0.08470847084708466,-0.15727993324989575,-0.31228406425743327,2.0,6.0,-0.004333694474539684,0.0,1231.23,1213.93,-0.01331371768090961,-0.07185509706325355,-0.02162384345078816,0.23653129027805067,-0.05150109713390527,-0.10328101908919651,-0.10935129995265358,-0.11176815708422594,1.514150158462835,0.806523004121641,0.0,0.0,0.0,0.0,0.0,0.0,0.0,0.0
2022-06-16,9.23,9.47,9.19,9.19,1180300,0.011001100110010986,-0.054526748971193584,-0.08738828202581939,-0.1683257918552037,-0.18887908208296567,-0.11549566891241592,9.776,10.7265,13.084333333333335,10.255425146513149,10.944456317328072,-0.689031170814923,-0.5989086849484898,-0.09012248586643323,-0.07497618833677074,-0.009806581704726142,27.069426731390422,10.7265,0.7207399341174472,12.167979868234895,9.285020131765105,0.2687698444478432,-0.032959229559500675,0.5415041080954679,0.05892318912899542,30.539816837203215,15.485007674638467,42.965823437581996,5.109489051094849,4.301394898217569,52304046.0,57272516.0,0.4938777474519262,0.0684323521232043,1.4665949056945242,1577790.0,-0.8194774651561757,0.7480716698673461,0.030467899891186197,-0.14324336922574932,-0.2976333019132297,3.0,6.0,-0.02394526795895091,0.0,1227.24,1236.63,0.018699595528572477,-0.054419636029973906,-0.004034985986276163,0.24664549565652188,-0.007698495418561491,-0.11390615582522978,-0.11146068292613975,-0.11191224727558946,1.5016675477436352,0.8036824200617854,0.0,0.0,0.0,0.0,0.0,0.0,0.0,0.0
2022-06-17,8.77,9.05,8.56,8.56,2739000,-0.06855277475516852,-0.05830583058305827,-0.11934156378600824,-0.20814061054579092,-0.22533936651583708,-0.18708452041785362,9.326,10.628,12.939833333333334,9.994590508588049,10.767829923451918,-0.7732394148638697,-0.6337748309315658,-0.13946458393230388,-0.09033170734391001,-0.01629259158087662,23.334202854193265,10.628,0.8684808272889275,12.364961654577854,8.891038345422146,0.3268651965709172,-0.09529235851283085,0.5478252432315058,0.06399827607844694,32.21915858227655,14.213022942338977,47.65078087066656,0.0,2.1897810218978004,49565046.0,57037501.0,0.5357893599509046,0.0716369670569732,0.8595605582343218,1634075.0,2.007812633953324,1.6761776540244482,0.05724299065420563,-0.1945803537824614,-0.33847679645538975,4.0,6.0,-0.08505747126436769,0.0,1210.5,1217.3,-0.015631191221303187,-0.05200610553859575,-0.01886822867551652,0.2527572914979564,-0.052921583533865335,-0.15613450500719517,-0.1682162917423371,-0.17145127357893297,1.5266149186182791,0.8002434488609947,0.0,0.0,0.0,0.0,0.0,0.0,0.0,0.0
2022-06-20,8.7,8.7,7.96,7.96,1995100,-0.0700934579439253,-0.133841131664853,-0.1243124312431243,-0.20953326713008935,-0.2656826568265682,-0.2390057361376674,8.904,10.503,12.788833333333335,9.681576584189887,10.559842521714739,-0.8782659375248514,-0.682673052250223,-0.19559288527462837,-0.11033491677447882,-0.024571970511887985,20.441255505229833,10.503,1.0540253667176345,12.611050733435269,8.394949266564732,0.40141878195473074,-0.10316385172000594,0.5615520115721125,0.07054673512212468,34.17194520106315,12.875195334898228,50.79747096804883,0.0,1.7031630170316305,47569946.0,56777296.0,0.576678255866205,0.08132929806239642,0.2604877495405445,1659265.0,0.6051687014026974,1.2023998577683492,0.09296482412060293,-0.24212129867656862,-0.37758200513468787,0.0,6.0,-0.023316062176165775,0.0,1218.37,1180.4,-0.030312987759796184,-0.03801017081757718,-0.03151434596040392,0.26749934466906927,-0.03978047018412911,-0.17152309631251217,-0.20749139017726348,-0.2142431220450275,1.550196472376005,0.8079931129123283,0.0,0.0,0.0,0.0,0.0,0.0,0.0,0.0
2022-06-21,7.72,8.03,7.51,7.54,1465300,-0.05276381909547734,-0.119158878504673,-0.17954298150163217,-0.22427983539094654,-0.2886792452830188,-0.28395061728395055,8.468,10.3535,12.629166666666668,9.35210326354529,10.336150483069202,-0.9840472195239123,-0.742947885704961,-0.24109933381895132,-0.13051024131616873,-0.03197603896803068,18.69408791585664,10.3535,1.2447797310959858,12.843059462191972,7.863940537808029,0.48091166507789085,-0.06505981132959365,0.5585840107455331,0.07408276004582667,36.24022168784827,12.019063523369589,53.17405619312396,0.7246376811594262,0.24154589371982293,46104646.0,56398561.0,0.5883484324714441,0.2632700205253237,0.10989372989175102,1687265.0,-0.42007565898824334,0.8684468651930788,0.06896551724137925,-0.27174385473511375,-0.40296931705707695,1.0,6.0,0.026717557251908497,1.0,1172.98,1172.47,-0.006718061674008902,-0.047012541554567466,-0.04938461787932358,0.263254662518375,-0.046045757421468436,-0.17726729383637907,-0.23456599940462697,-0.24675173978496578,1.5542064410794247,0.8034491345267297,0.0,0.0,0.0,0.0,0.0,0.0,0.0,0.0
2022-06-22,7.86,8.07,7.58,8.07,1877000,0.07029177718832891,0.013819095477386911,-0.05724299065420568,-0.11221122112211213,-0.2676950998185117,-0.283303730017762,8.264,10.193999999999999,12.480666666666668,9.154856607615246,10.168287484323336,-1.0134308767080906,-0.7970444839055869,-0.2163863928025037,-0.12558003428848707,-0.02681367940551471,27.15536351457743,10.193999999999999,1.3243445250585857,12.84268905011717,7.545310949882827,0.5196564744196924,0.09904693231052585,0.5565422956922808,0.06896434890858498,38.06313662261869,11.714876185930297,49.557048362492054,14.507772020725403,5.077469900628291,47981646.0,55986741.0,0.5902115130002059,0.28067956324825777,0.15420442113261987,1654180.0,0.4531457848909211,1.1347011812499244,0.06071871127633212,-0.2083578575632724,-0.35339992521767005,2.0,6.0,0.0173482032218093,1.0,1180.11,1169.27,-0.0027292809197677625,-0.03678960071832815,-0.07817538216535413,0.2367845340009393,0.07302105810809667,-0.07542162040378397,-0.20512834785240786,-0.22252426750573406,1.5593151133574352,0.7726861436064004,0.0,0.0,0.0,0.0,0.0,0.0,0.0,0.0
2022-06-23,8.07,8.35,8.07,8.21,725200,0.0173482032218093,0.08885941644562334,0.031407035175879505,-0.10663764961915112,-0.25701357466063346,-0.2734513274336283,8.068000000000001,10.0395,12.342,9.009494052597516,10.023229152151238,-1.0137350995537222,-0.8403826070352141,-0.17335249251850815,-0.12347565158997834,-0.021114798114312806,29.24985171870574,10.0395,1.3680469174780023,12.775593834956005,7.303406165043995,0.5450657572500632,0.16567301592026415,0.5367892745714036,0.06538237205498215,39.069405122719964,15.004253526211928,47.710623677421346,18.46965699208446,11.23402223132311,48706846.0,55514011.0,0.5982050258213049,0.24056470958254583,-0.025353906008077277,1593270.0,-1.6437295955129292,0.45516453582883004,0.03410475030450662,-0.1822301907465511,-0.3347917679468482,3.0,6.0,0.008526187576126443,1.0,1162.06,1188.88,0.016771147810172193,-0.03861300469825246,-0.06281876443554535,0.24771133629066522,0.0005770554116371063,-0.06802464492089866,-0.21063256299808297,-0.22475115271724488,1.5544665904481954,0.7745936356666844,0.0,0.0,0.0,0.0,0.0,0.0,0.0,0.0
2022-06-24,8.21,8.6,8.21,8.28,998800,0.008526187576126443,0.026022304832713727,0.09814323607427045,-0.032710280373831946,-0.23404255319148948,-0.2717678100263853,8.012,9.885000000000002,12.202166666666667,8.897264198351744,9.894101066806702,-0.9968368684549578,-0.8716734593191628,-0.12516340913579493,-0.12039092614190312,-0.015116353760361708,30.32852526834381,9.885000000000002,1.384266858969798,12.653533717939597,7.116466282060406,0.5601484507717946,0.2101353706476656,0.5263043263877318,0.06356332444296278,39.41652083441627,17.603013565212994,45.18531352329929,20.31662269129286,17.764683901367587,49705646.0,55017121.0,0.599365216309395,0.23273745110140348,-0.05231292914545535,1569110.0,-1.047836877469797,0.6365391846333271,0.047101449275362174,-0.16236722306525053,-0.3214319861226832,4.0,6.0,0.0,0.0,1190.82,1185.48,-0.0028598344660522024,-0.026139817629179274,-0.07777043058850985,0.24001905648989358,0.011386022042178645,-0.006570462744652672,-0.19399737943787543,-0.2103569283314919,1.556106870401206,0.7720893353928382,0.0,0.0,0.0,0.0,0.0,0.0,0.0,0.0
2022-06-27,8.49,8.53,8.14,8.49,1115700,0.025362318840579823,0.03410475030450666,0.052044609665427455,0.06658291457286425,-0.156901688182721,-0.25526315789473686,8.117999999999999,9.7395,12.065333333333333,8.834608167836091,9.790093580376576,-0.9554854125404848,-0.8884358499634273,-0.06704956257705752,-0.11254245141819609,-0.007897474979629861,33.59923279548087,9.7395,1.3695003891162179,12.478500778232435,7.000499221767564,0.5624520310554825,0.2719058698467509,0.5165683030743223,0.06084432309473761,39.8030565140088,16.6537302648557,43.71651698787934,25.85751978891821,21.547933157431856,50821346.0,54526511.0,0.6135188078084381,0.18021483901352792,-0.3132434582153563,1575390.0,-0.8545553892652775,0.7082055871879345,0.04593639575971717,-0.12829200677652852,-0.2963310863078793,0.0,6.0,0.03325415676959609,1.0,1189.12,1202.82,0.01462698653709893,0.018993561504574652,-0.07040620749350823,0.2463046489496393,0.010735332303480893,0.0475893530682896,-0.18485695040122863,-0.19885777195520338,1.5636147681724655,0.7766786660370636,0.0,0.0,0.0,0.0,0.0,0.0,0.0,0.0
2022-06-28,8.42,8.77,8.42,8.7,1364300,0.02473498233215543,0.050724637681159424,0.05968331303288643,0.15384615384615374,-0.1049382716049384,-0.2395104895104896,8.35,9.602500000000001,11.930833333333334,8.81389921893823,9.709345907756088,-0.8954466888178576,-0.8898380177343134,-0.005608671083544237,-0.1029249067606733,-0.0006446748371889927,36.794633624838916,9.602500000000001,1.3268200012772893,12.256140002554579,6.948859997445423,0.552697735496918,0.32995055864186695,0.5046705671404421,0.05800811116556807,39.583801230116556,19.225591082930965,41.55092026824175,31.39841688654351,25.85751978891821,52185646.0,54021556.0,0.6260114812711198,0.12990457207370323,-0.5225108091176996,1561045.0,-0.36459676805255686,0.8739658369874027,0.04022988505747123,-0.0939859411611561,-0.27079695466927445,1.0,6.0,-0.0034762456546930665,0.0,1202.41,1218.1,0.012703480154969027,0.038917840115312075,-0.057694092892285886,0.2528812041575519,0.012031502177186404,0.11492831373084167,-0.1818163966182037,-0.19294837827798994,1.5695209666633627,0.7793477525773778,0.0,0.0,0.0,0.0,0.0,0.0,0.0,0.0
2022-06-29,8.63,8.74,8.53,8.6,988900,-0.011494252873563204,0.012956419316843215,0.03864734299516903,0.06567534076827752,-0.053905390539053966,-0.2502179598953793,8.456,9.459,11.7935,8.780991646793888,9.627172136811193,-0.8461804900173053,-0.8811065121909119,0.03492602217360652,-0.09839308023457038,0.004061165369024014,35.908468771973105,9.459,1.2681146386829902,11.99522927736598,6.922770722634019,0.536257379715822,0.3306541116637293,0.48362266948755345,0.056235194126459706,39.3802070379309,18.629291768530464,40.26218042342836,28.75989445910289,28.67194371152155,51196746.0,53405511.0,0.6233840704672926,0.18790020578677158,-0.459042975528873,1548845.0,-1.017916080976534,0.6384757674266954,0.02441860465116289,-0.0908129823448568,-0.270784754313817,2.0,6.0,-0.04439252336448607,0.0,1208.22,1218.09,-8.209506608625183e-06,0.041752546460612106,-0.06266159812853977,0.2513145896993959,-0.01148604336695458,0.023922794307665418,-0.18755636176683954,-0.20009460979340055,1.583663336972762,0.7804391538993894,0.0,0.0,0.0,0.0,0.0,0.0,0.0,0.0
2022-06-30,8.56,8.6,8.18,8.18,1050000,-0.0488372093023256,-0.05977011494252871,-0.036513545347467646,-0.0036540803897686658,-0.10990206746463549,-0.2780229479258606,8.45,9.3015,11.643333333333334,8.688531393440982,9.519974200751104,-0.8314428073101219,-0.8711737712147539,0.039730963904632044,-0.10164337497678752,0.004857086051911008,32.38106525382098,9.3015,1.2181360869442166,11.737772173888434,6.865227826111568,0.5238450086305291,0.26983277730213096,0.47907819309558536,0.05856701627085396,39.58144239310543,17.462720713720618,42.959307126165456,22.18543046357616,27.447913936407534,50146746.0,52819711.0,0.635770320526024,0.2896997893990857,-0.6004104479659481,1518600.0,-0.8360651291153279,0.6914263137099961,0.05134474327628361,-0.1205719507606301,-0.297452046951045,3.0,6.0,0.0,0.0,1218.22,1197.6,-0.01682141713666474,0.0073346342776392515,-0.07063370116869205,0.25541336275290416,-0.03201579216566086,-0.010988714667407917,-0.20738924675716852,-0.22315124512042628,1.5867690327161847,0.7817435819562698,0.0,0.0,0.0,0.0,0.0,0.0,0.0,0.0
2022-07-01,8.14,8.25,7.79,8.14,955000,-0.004889975550122161,-0.05348837209302315,-0.06436781609195386,-0.016908212560386326,-0.0490654205607477,-0.2633484162895927,8.422,9.156,11.487833333333333,8.604141948296215,9.417753889584356,-0.8136119412881406,-0.8596614052294314,0.046049463941290725,-0.09995232693957501,0.005657182302369867,32.05807377424142,9.156,1.1711820389764458,11.498364077952893,6.8136359220471086,0.5116566356384648,0.28312508939943853,0.47771546501732925,0.05868740356478246,40.15601774796462,16.261639419138096,45.835902704615364,23.595505617977558,24.84694351355222,49191746.0,52277606.0,0.6358073962795265,0.20893331287128855,-0.6315592368406776,1474905.0,-0.9136880805083013,0.647499330465352,0.0565110565110565,-0.11096548711227605,-0.2914242604494609,4.0,7.0,0.0,0.0,1193.04,1198.9,0.0010855043420174848,0.011320309073118207,-0.06916256463609682,0.2557242523024779,-0.005975479892139646,-0.028228521633504533,-0.1941858516534959,-0.20861414063947759,1.5856242848284683,0.7849320540440469,0.0,0.0,0.0,0.0,0.0,0.0,0.0,0.0
2022-07-04,8.39,8.49,8.28,8.39,870600,0.03071253071253066,0.025672371638141955,-0.024418604651162634,-0.011778563015312105,0.05402010050251271,-0.22601476014760147,8.402000000000001,9.0335,11.338166666666666,8.571197033173721,9.341623971837366,-0.7704269386636451,-0.8418145119162741,0.07138757325262901,-0.0918268103293975,0.008508649970515971,36.332542481339324,9.0335,1.1124287085377265,11.258357417075453,6.808642582924547,0.4925792698456752,0.3553839911130413,0.4685929318018057,0.05585136255087076,40.07176677039192,19.052429975407904,43.39050182498783,38.09523809523812,27.958724725597296,50062346.0,51850106.0,0.65522309157447,0.06630756138177649,-0.9077676570863469,1447360.0,-0.9861623843196972,0.6015089542339156,0.02502979737783085,-0.07123484806553382,-0.26002146143556415,0.0,7.0,-0.03681710213776723,0.0,1206.47,1195.53,-0.0028109100008342214,-0.006060757220531676,-0.0732397423275789,0.25505337517844257,0.03352344071336488,-0.005717805794780428,-0.15277501782002256,-0.16484847786170764,1.5883832012431198,0.7778738377830371,0.0,0.0,0.0,0.0,0.0,0.0,0.0,0.0
2022-07-05,8.42,8.42,8.07,8.11,721100,-0.033373063170441086,-0.0036855036855037993,-0.008557457212713948,-0.06781609195402294,0.07559681697612719,-0.2349056603773585,8.284,8.909,11.183833333333332,8.500243643454688,9.25039256651608,-0.750148923061392,-0.8234813941452978,0.07333247108390573,-0.09249678459449964,0.009042228247090719,33.769961722032406,8.909,1.0662620394828217,11.041524078965644,6.776475921034358,0.4787347803267803,0.3126633110779346,0.46012200810167675,0.05673514279922032,40.22158271488295,18.017246391492176,44.29295258166526,30.61224489795915,30.76766287039162,49341246.0,51470046.0,0.6587529484023966,0.10314955804339443,-0.9534247600312523,1399920.0,-1.1238400098689156,0.5151008629064519,0.04315659679408134,-0.08968458861825135,-0.27484613206563047,1.0,7.0,-0.0298879202988791,0.0,1198.42,1181.29,-0.011911035273058812,-0.030219193826450996,-0.08522863669802916,0.2560217229116467,-0.021462027897382274,-0.03759689812757194,-0.14967702367932934,-0.16362233196615728,1.604077391419758,0.7835338013380999,0.0,0.0,0.0,0.0,0.0,0.0,0.0,0.0
2022-07-06,8.03,8.07,7.79,7.79,1148600,-0.039457459926017235,-0.0715137067938022,-0.0429975429975431,-0.09418604651162787,-0.03469640644361838,-0.293103448275862,8.122000000000002,8.747499999999999,11.031833333333333,8.390975390615505,9.142215339366741,-0.7512399487512358,-0.8090331050664854,0.057793156315249616,-0.09643645041736018,0.007418890412740644,31.072618255838677,8.747499999999999,0.9699586263558151,10.68741725271163,6.807582747288368,0.4435363824433566,0.25321112313899,0.45011329323727123,0.05778091055677423,40.649336479574025,17.10231501565833,46.4870438696016,18.181818181818187,28.963100391671833,48192646.0,50969386.0,0.6351957692667727,0.2985883157355788,-0.6753159704493866,1394180.0,-0.4052967126028568,0.8238534479048616,0.03594351732991017,-0.1094598456701914,-0.2938617032527081,2.0,7.0,-0.00867410161090465,0.0,1167.25,1149.61,-0.026818139491572857,-0.05621916278764294,-0.12103279277626144,0.25946298861062017,-0.012639320434444379,-0.037966883723984934,-0.17207065549960054,-0.1957645906302855,1.594712983510579,0.7844469408036703,0.0,0.0,0.0,0.0,0.0,0.0,0.0,0.0
2022-07-07,8.07,8.07,7.82,8.0,586500,0.02695763799743256,-0.013563501849568338,-0.04648390941597147,-0.022004889975550057,-0.025578562728380105,-0.27601809954751133,8.086000000000002,8.594999999999999,10.893833333333333,8.330825330520812,9.057606795709946,-0.7267814651891342,-0.7925827770910152,0.06580131190188099,-0.09084768314864178,0.008225163987735123,34.75562695364573,8.594999999999999,0.8165298847142867,10.228059769428572,6.961940230571425,0.3800022732818089,0.3178266309847936,0.43796234372032333,0.05474529296504042,41.04653640393003,16.321320244720688,44.36416529174433,38.888888888888914,29.227650656222096,48779146.0,50457886.0,0.650525841083966,0.2427952382474396,-0.8912618595191705,1383340.0,-1.287603765910414,0.423973860366938,0.03125,-0.0692262943571843,-0.2656395820265288,3.0,7.0,0.038224414303329235,1.0,1148.97,1166.48,0.014674541801132701,-0.025985303941215676,-0.10805933628995257,0.2692573482344463,0.012283096196299859,0.003980413965665619,-0.16795876325755876,-0.18830710392654426,1.6004945299785476,0.7861609901244954,0.0,0.0,0.0,0.0,0.0,0.0,0.0,0.0
2022-07-08,8.11,8.42,8.07,8.42,1136800,0.05249999999999999,0.0808729139922979,0.038224414303329235,0.03439803439803435,0.01690821256038655,-0.2210915818686402,8.142000000000001,8.4755,10.7575,8.344544510440686,9.010376662694394,-0.6658321522537083,-0.7672326521235538,0.10140049986984556,-0.07907745276172308,0.012042814711383083,41.489423894097804,8.4755,0.628552849178546,9.732605698357093,7.218394301642908,0.29664461054972385,0.47792548388232864,0.43667931916887165,0.051862151920293545,40.45475407451327,20.925065612109922,41.316333850389455,72.22222222222224,43.09764309764313,49915946.0,50074601.0,0.6926636473702534,0.13566318678412947,-1.1768715492037194,1368805.0,-0.37349517026588375,0.8305054408772615,0.04156769596199521,-0.00654828623680026,-0.2172902626074832,4.0,7.0,0.0,0.0,1174.53,1171.31,0.0041406625060009805,-0.023012761698223527,-0.0878216310510248,0.2670624926669314,0.04835933749399901,0.05741079609625788,-0.1332699508176154,-0.14610075765244346,1.6183653588752678,0.7765113326681089,0.0,0.0,0.0,0.0,0.0,0.0,0.0,0.0
2022-07-11,8.49,8.7,8.39,8.49,1610000,0.008313539192399189,0.06125000000000003,0.08985879332477542,0.011918951132300348,0.0,-0.156901688182721,8.162,8.3965,10.625833333333333,8.366922278065196,8.97183024323555,-0.6049079651703533,-0.7347677147329138,0.12985974956256052,-0.07124946586223242,0.015295612433752711,42.55359928121187,8.3965,0.5046861974481516,9.405872394896303,7.3871276051036965,0.24042693858067127,0.5463159090107701,0.427630796371095,0.050368762823450534,39.20894096112522,24.518490768778555,39.17696108799876,76.47058823529416,62.52723311546845,51525946.0,49896521.0,0.6618630957242047,0.0030383382058550706,-1.0245822622362801,1324600.0,0.5043523523723247,1.215461271327193,0.03651354534746746,0.011135592211040324,-0.20100384283585593,0.0,7.0,0.0490654205607477,1.0,1161.3,1155.29,-0.013676994134772191,-0.03365871203566617,-0.0584740513756683,0.22502023292022505,0.02199053332717138,0.04557766316796652,-0.09842763680705269,-0.1045405460687151,1.60248185122827,0.7692428561950378,0.0,0.0,0.0,0.0,0.0,0.0,0.0,0.0
2022-07-12,8.56,8.98,8.49,8.98,1756000,0.05771495877502941,0.0665083135391924,0.12250000000000005,0.10727496917385948,0.03218390804597715,-0.0761316872427984,8.336000000000002,8.3595,10.506499999999999,8.461241927593628,8.972435410403287,-0.5111934828096594,-0.690052868348263,0.1788593855386036,-0.05692577759573044,0.01991752622924316,49.48024247307382,8.3595,0.42307738498310965,9.20565476996622,7.5133452300337815,0.20244147854924793,0.8666586905991039,0.4320857394874454,0.04811645205873556,37.40822687977884,27.16114410986605,36.0035315744339,100.0,82.89760348583881,53281946.0,49885151.0,0.6923507302553363,-0.14110249799798344,-1.1039015201192437,1333490.0,0.7393811779938362,1.316845270680695,0.05456570155902007,0.07422692744781378,-0.14529101032694036,1.0,7.0,0.06681514476614692,1.0,1154.31,1174.82,0.016904846402201912,-0.005477063210557964,-0.04510245385309397,0.23515048585256926,0.0408101123728275,0.11275203238441744,-0.031029233389704425,-0.03249482995836572,1.6353915748750179,0.7737900373113572,0.0,0.0,0.0,0.0,0.0,0.0,0.0,0.0
2022-07-13,8.98,9.58,8.91,9.58,3315400,0.06681514476614692,0.12838633686690226,0.13776722090261284,0.22978177150192547,0.11395348837209318,0.053905390539053855,8.693999999999999,8.383999999999999,10.415833333333333,8.633358554117684,9.017440194817858,-0.3840816407001739,-0.6288586228186452,0.24477698211847132,-0.04009202930064446,0.025550833206521014,56.41094557698074,8.383999999999999,0.4782027757518554,9.340405551503709,7.427594448496288,0.22815017927092332,1.1252577675441073,0.44907961523834217,0.0468767865593259,34.91411424011051,33.80998638764408,32.166737172165455,100.0,92.15686274509807,56597346.0,50158831.0,0.6942395917518474,-0.24243480048436586,-0.9545873151753821,1379980.0,2.814904319038179,2.4024985869360425,0.06993736951983298,0.1426526717557255,-0.08024641971357704,2.0,7.0,0.007306889352818313,1.0,1173.46,1173.92,-0.0007660748029484354,0.021146301789302546,-0.032959066832519146,0.2314746213615443,0.06758121956909535,0.20863546971262292,0.086864457371573,0.08982500573895469,1.618218103792062,0.7553230449592351,0.0,0.0,0.0,0.0,0.0,0.0,0.0,0.0
2022-07-14,9.58,10.1,9.4,9.65,2630600,0.007306889352818313,0.07461024498886415,0.1366313309776208,0.20625000000000004,0.1797066014669928,0.05005440696409158,9.024,8.407,10.343333333333334,8.789764930407271,9.064296476683202,-0.2745315462759308,-0.5579932075101024,0.2834616612341716,-0.028448864899060185,0.02937426541286752,57.14953494255469,8.407,0.5275274999067188,9.462054999813438,7.3519450001865625,0.25099440937633816,1.0890688164217963,0.46700249986417486,0.048394041436702055,33.426603502305205,38.14355290065442,28.72277946513809,80.51948051948054,93.50649350649353,59227946.0,50505026.0,0.693836799274302,-0.22902373777177773,-0.9535670855881636,1452495.0,1.5922873289814055,1.8110905717403503,0.07253886010362687,0.14785297965980737,-0.06703190460844344,3.0,7.0,-0.01768990634755463,0.0,1170.7,1182.17,0.00702773613193397,0.013450723544338627,-0.044039041588834205,0.22140560240313725,0.0002791532208843428,0.19279927645566142,0.09409344855292578,0.0984281290203648,1.5906170721269839,0.754046580669583,0.0,0.0,0.0,0.0,0.0,0.0,0.0,0.0
2022-07-15,9.61,9.75,9.44,9.44,2077500,-0.021761658031088205,-0.014613778705636848,0.05122494432071267,0.12114014251781469,0.15970515970515953,0.10280373831775691,9.228,8.450999999999999,10.283166666666666,8.88980109496,9.092126367299262,-0.20232527233926234,-0.4868596204759344,0.28453434813667206,-0.021432761900345588,0.030141350438206788,54.1833553930631,8.450999999999999,0.575480577202031,9.60196115440406,7.300038845595937,0.2723846064144035,0.9296409119524454,0.45578803558816244,0.04828263088857653,32.045343531486,36.29048266437606,27.327384341126933,71.42857142857142,83.98268398268401,57150446.0,50884296.0,0.6478757901004758,-0.16636736281447367,-0.8038155060668085,1419420.0,0.950130498687171,1.463625988079638,0.03283898305084751,0.11702757070169212,-0.08199484594563933,4.0,7.0,0.06335797254487852,1.0,1183.15,1179.25,-0.002470033920671355,0.006778734920729779,-0.03125770147046736,0.21563558553309542,-0.01929162411041685,0.11436140759708491,0.13406143978822427,0.1383871025263561,1.5650947348277553,0.75363162988711,0.0,0.0,0.0,0.0,0.0,0.0,0.0,0.0
2022-07-18,9.47,10.07,9.47,10.07,3784600,0.06673728813559321,0.04352331606217619,0.051148225469728636,0.18610129564193167,0.20023837902264585,0.26507537688442206,9.544,8.556500000000002,10.245166666666666,9.071370157273845,9.16456145120302,-0.09319129392917525,-0.40812595516658257,0.3149346612374073,-0.009254348950265664,0.03127454431354591,60.762792825719835,8.556500000000002,0.6668802070284151,9.890260414056831,7.222739585943171,0.3117537343672833,1.0673807619602627,0.4682317473318652,0.04649769089690816,31.242919589004305,37.684327847955196,24.701051756123622,98.70129870129873,83.54978354978357,60935046.0,51552551.0,0.6168979586391578,-0.12549204716025145,-0.9643674150242529,1508895.0,2.630778244700987,2.5081930816922315,0.059582919563058556,0.1768830713492664,-0.01709749312684017,0.0,7.0,-0.0207920792079207,0.0,1184.74,1176.49,-0.0023404706381174867,0.0183503709025441,-0.0033124364622162394,0.1870215937979068,0.0690777587737107,0.16775092473938757,0.2683878133466383,0.2692797855267548,1.5512737189316554,0.7361830077872451,0.0,0.0,0.0,0.0,0.0,0.0,0.0,0.0
2022-07-19,10.1,10.1,9.75,9.89,1834500,-0.01787487586891756,0.04766949152542388,0.024870466321243567,0.10133630289532292,0.21948212083847118,0.31167108753315653,9.725999999999999,8.674,10.194166666666666,9.197313210000946,9.218297640002797,-0.02098443000185135,-0.33069765013363633,0.309713220131785,-0.002121782608882846,0.03131579576661122,58.191555940076945,8.674,0.6851307981154166,10.044261596230832,7.303738403769167,0.31594687485147177,0.9437108955490112,0.45978662252244623,0.046490052833412156,30.54214711133651,36.10137078426282,23.357980288504006,90.90909090909095,87.01298701298704,59100546.0,52202346.0,0.579194116788086,-0.009728065608253865,-0.9484557655705077,1527355.0,0.3538593233238822,1.201096012387428,0.03538928210313444,0.14018907078625786,-0.029837325267718318,1.0,7.0,-0.01395812562313048,0.0,1176.1,1178.33,0.0015639741944257768,0.0029876917314992646,0.004997995684324463,0.18543827514005462,-0.019438850063343338,0.09834861116382365,0.30667309184883207,0.30514796364346175,1.5314662022099312,0.7352662319394674,0.0,0.0,0.0,0.0,0.0,0.0,0.0,0.0
2022-07-20,10.03,10.25,9.89,9.89,1714300,0.0,-0.01787487586891756,0.04766949152542388,0.03235908141962418,0.26957637997432604,0.22552664188351934,9.788,8.765,10.156666666666668,9.303880408462339,9.26805337037296,0.03582703808937815,-0.25739271248903345,0.2932197505784116,0.0036225518796135637,0.029648104204086104,58.19155594007694,8.765,0.7206320325351531,10.206264065070307,7.323735934929695,0.32886801256595694,0.8902824011452478,0.45265900662798575,0.04576936366309259,30.118696108030594,36.41751959895389,22.03107908903031,85.36585365853661,91.65874775630878,59100546.0,52758291.0,0.541558972737975,0.06969221731453833,-0.7244268264058278,1519220.0,0.22544912517041166,1.1284079988415108,0.03640040444893826,0.1283513976041073,-0.02625533311453898,2.0,7.0,-0.01718907987866536,0.0,1188.12,1194.14,0.013417293966885513,0.01722434237426751,0.021269681083069036,0.19070584619236952,-0.013417293966885513,0.015134739045356671,0.2042569608004503,0.20000296159172493,1.5487907341634217,0.7210926299162663,0.0,0.0,0.0,0.0,0.0,0.0,0.0,0.0
2022-07-21,9.89,10.03,9.68,9.72,1662900,-0.01718907987866536,-0.01718907987866536,-0.0347567030784508,0.007253886010362809,0.21500000000000008,0.18392204628501818,9.802000000000001,8.8405,10.108666666666666,9.36789880716044,9.301530898493482,0.06636790866695819,-0.19264058825783514,0.25900849692479333,0.006827974142691171,0.026646964704196842,55.61385150621107,8.8405,0.7383087002345736,10.317117400469147,7.363882599530854,0.3340574402961703,0.7978090329020123,0.4453262204402725,0.045815454777805804,29.21330236214991,34.37309026112209,24.16260195744753,78.45528455284555,84.91007637349105,57437646.0,53194831.0,0.5498057911165838,0.20179104746791285,-0.829743124282394,1566105.0,0.1145261955953972,1.0618062007336673,0.03600823045267486,0.09948532322832415,-0.03844885576732826,3.0,7.0,0.014256619144602967,1.0,1195.03,1198.47,0.0036260404977639382,0.01378820305032269,0.008066415449835107,0.18190404051288742,-0.020815120376429297,-0.0065343170399598804,0.17585563083518307,0.17444845710558665,1.53913819710941,0.7115852684017392,0.0,0.0,0.0,0.0,0.0,0.0,0.0,0.0
2022-07-22,9.82,10.14,9.72,9.96,2054700,0.024691358024691468,0.00707785642062686,0.00707785642062686,0.05508474576271194,0.18289786223277926,0.20289855072463792,9.906000000000002,8.924499999999998,10.06,9.458991298366527,9.350306387493966,0.1086849108725616,-0.1323754884317558,0.2410603993043174,0.010912139645839517,0.02420285133577484,58.41452100008416,8.924499999999998,0.7662243384558268,10.456948676911653,7.392051323088345,0.3434251054763077,0.8378579705804069,0.44351720469453876,0.04452983982876895,28.55797626298146,33.81960908943127,22.528216524254095,88.21138211382117,84.01084010840113,59492346.0,53684166.0,0.5525925630362768,0.12665731046592682,-0.900006948593697,1618900.0,0.518289246084426,1.2691951324973747,0.04216867469879517,0.11602890918258746,-0.00994035785288272,4.0,7.0,0.014056224899598346,1.0,1199.16,1194.76,-0.003095613573973477,0.013152427390290322,0.00782805277187304,0.18196310429402213,0.027786971598664945,0.04193231837242162,0.19507049795276488,0.19355533656386537,1.5318611630383765,0.7053821138914977,0.0,0.0,0.0,0.0,0.0,0.0,0.0,0.0
2022-07-25,9.96,10.21,9.75,10.1,2001200,0.014056224899598346,0.039094650205761194,0.02123356926188058,0.002979145978152964,0.18963486454652534,0.18963486454652534,9.912,9.005,10.013166666666669,9.557608021694755,9.405839247679598,0.15176877401515654,-0.07554663594237335,0.22731540995752988,0.01502661128862936,0.022506476233418803,60.0000539860215,9.005,0.8019154700170086,10.608830940034018,7.401169059965984,0.35620898168440135,0.8413701446540164,0.4446945472163575,0.04402916309072846,28.069924127389076,32.44514715584072,20.86367434965907,93.90243902439023,86.85636856368568,61493546.0,54217776.0,0.5498330859736493,0.17783281347475036,-0.837368786458951,1663175.0,0.4042137326977152,1.203240789453906,0.045544554455445634,0.12159911160466397,0.00867191531150624,0.0,7.0,0.02891326021934204,1.0,1191.43,1188.5,-0.00523954601761023,0.010208331562529205,-0.011905355747327095,0.17496808433315142,0.019295770917208577,-0.007229185584376241,0.20154022029385243,0.20396853830361938,1.5279061739908448,0.7026719108028313,0.0,0.0,0.0,0.0,0.0,0.0,0.0,0.0
2022-07-26,10.03,10.63,10.03,10.32,2811700,0.0217821782178218,0.03614457831325302,0.06172839506172845,0.04347826086956519,0.1492204899777283,0.1862068965517243,9.998000000000001,9.086,9.968833333333333,9.674899095280177,9.47355485896259,0.20134423631758658,-0.020168461490381366,0.22151269780796795,0.019510100418370792,0.021464408702322475,62.4245270190597,9.086,0.8498693398027808,10.785738679605561,7.386261320394439,0.37414454756891063,0.8629969755957899,0.4557877938437606,0.04416548389958921,28.287314736703618,35.97638189942147,18.901889755588183,88.96797153024909,90.36059755615351,64305246.0,54823756.0,0.5488314736917793,0.19058543082798518,-0.815368321915069,1735545.0,1.2356286453523846,1.6200674716011396,0.05813953488372107,0.13581333920316974,0.035226455787203514,1.0,7.0,0.01762977473065619,1.0,1189.2,1185.07,-0.0028859907446361355,0.005719959603846192,-0.02711600032838024,0.16792599295884997,0.024668168962457937,0.037758301265718996,0.21332289688010453,0.2192685838723918,1.536126983109919,0.7006464992906922,0.0,0.0,0.0,0.0,0.0,0.0,0.0,0.0
2022-07-27,10.21,10.39,10.1,10.39,1270200,0.006782945736434121,0.02871287128712874,0.04317269076305208,0.05055611729019205,0.08455114822546972,0.20813953488372094,10.098000000000003,9.1755,9.918,9.784914619083226,9.54143968422462,0.2434749348586056,0.03256021777941603,0.21091471707918957,0.02343358372075126,0.020299780277111604,63.18905771997432,9.1755,0.8893313573454339,10.954162714690867,7.3968372853091315,0.3876982648773075,0.8414081798558087,0.44394580856920635,0.04272818176796981,28.489177445352837,34.2977422113193,18.01993718980301,90.625,91.16513685154645,65575446.0,55542691.0,0.5435285014120642,0.12000015890389867,-0.7387132188981784,1749610.0,-0.5571599168966257,0.7259903635667377,0.02791145332050057,0.13236335894501683,0.04759023996773548,2.0,7.0,-0.016981132075471694,0.0,1180.83,1191.04,0.005037677099243076,-0.002596010518029823,-0.02220689768407913,0.16939762271420977,0.0017452686371910442,0.05315212780822187,0.23034643256780007,0.23557788659197976,1.569968135671416,0.7203498957840622,0.0,0.0,0.0,0.0,0.0,0.0,0.0,0.0
2022-07-28,10.6,10.81,10.39,10.42,3205600,0.002887391722810273,0.009689922480620172,0.03168316831683171,0.07201646090534974,0.07979274611398957,0.2738386308068459,10.238,9.2875,9.872333333333334,9.882620062301191,9.606518226133907,0.27610183616728357,0.08126854145698954,0.19483329471029404,0.02649729713697539,0.01869801292805125,63.53152257064346,9.2875,0.8983662071256054,11.084232414251211,7.490767585748789,0.3869141134322931,0.8151554430190345,0.4422353936714059,0.04244101666712149,29.27748010972705,38.754797801774785,16.79751554868088,83.88429752066114,87.82575635030342,68781046.0,56474406.0,0.498334831065291,0.26573718964468673,-0.6344580826590224,1857390.0,1.4943581041093967,1.7258626352031614,0.04030710172744721,0.12193808882907131,0.055474896174494415,3.0,7.0,-0.016314779270633406,0.0,1201.77,1208.12,0.014340408382589986,0.008051932881089963,0.008784235136940488,0.16705960177562226,-0.011453016659779713,0.06396452802425978,0.2650543956699054,0.26274636977641186,1.5731546656935624,0.7258103477254089,0.0,0.0,0.0,0.0,0.0,0.0,0.0,0.0
2022-07-29,10.42,10.46,10.25,10.25,2161300,-0.016314779270633406,-0.01347449470644857,-0.006782945736434121,0.029116465863453733,0.08580508474576276,0.2592137592137591,10.296,9.393,9.834333333333335,9.939140052716393,9.65418354271658,0.28495650999981237,0.12200613516555411,0.16295037483425825,0.027800635121932912,0.015897597544805683,60.11834832800161,9.393,0.8802278413181258,11.153455682636253,7.632544317363749,0.37484417814037085,0.7434028895054764,0.42564715126630553,0.0415265513430542,29.59094974094915,37.389061028259015,18.55492720888904,75.86206896551722,83.45712216205946,66619746.0,57345806.0,0.5052657695335415,0.2805388657769294,-0.7255622349212447,1917705.0,0.27721759035255766,1.1270242294826367,0.020487804878048865,0.0912381560736717,0.042266888113073,4.0,7.0,0.013658536585365866,1.0,1214.32,1206.33,-0.0014816408965996342,0.00968395326257987,0.00619734756860435,0.16718674797731664,-0.014833138374033772,0.019432512600873864,0.25301641164515476,0.2514580387799161,1.559647906540378,0.7182313291031358,0.0,0.0,0.0,0.0,0.0,0.0,0.0,0.0
2022-08-01,10.25,10.63,10.25,10.39,2002800,0.013658536585365866,-0.0028790786948176272,0.0,0.02871287128712874,0.03177755710029784,0.2383790226460072,10.354,9.492999999999999,9.812833333333334,10.008503121529255,9.708688465478316,0.2998146560509394,0.15756783934263116,0.14224681670830822,0.02885607854195759,0.013690742705323215,61.93215615974174,9.492999999999999,0.8738667849819736,11.240733569963945,7.745266430036051,0.3682152259483719,0.7566180610750946,0.4223866404615695,0.040653189649814195,30.12868494449216,37.86123451336775,17.362574775638226,77.89473684210527,79.2137011094279,68622546.0,58273816.0,0.500521740184099,0.3666707102446207,-0.583227718906392,1974315.0,0.03377126009223322,1.0144277888786744,0.03657362848893174,0.09449067734119909,0.05881753486081154,0.0,8.0,-0.006603773584905714,0.0,1209.05,1231.35,0.02074059336997336,0.03605384938998735,0.029961606986022904,0.18154384540842092,-0.007082056784607493,-0.0073409781028586085,0.20841741565998428,0.2023545482145459,1.5429332080558718,0.6981245490183658,0.0,0.0,0.0,0.0,0.0,0.0,0.0,0.0
2022-08-02,10.6,10.7,10.42,10.53,2402400,0.013474494706448459,0.02731707317073173,0.01055662188099804,0.02034883720930214,0.06471183013144577,0.29839704069050565,10.396,9.614,9.794833333333333,10.088733410524755,9.769526356924366,0.3192070536003886,0.18989568219418265,0.12931137140620594,0.030314060170977077,0.012280282184824876,63.709594879091405,9.614,0.8391436737908223,11.292287347581645,7.935712652418356,0.3491340435992603,0.772897248888852,0.41435902328574303,0.039350334595037326,30.72935411439888,37.044657853835496,16.434739272406027,80.14184397163113,77.96621659308455,71024946.0,59358001.0,0.4719851964657565,0.37131316885174465,-0.36183133608210855,2058380.0,0.4330859539684276,1.167131433457379,0.026590693257359865,0.09527771999167856,0.07505657744729355,1.0,8.0,0.01715919923736897,1.0,1230.31,1241.62,0.008340439355179363,0.047718700161171856,0.05107128647495518,0.17578443588583825,0.005134055351269096,-0.027369862951869717,0.24732575421555048,0.23530825872431804,1.5846957993741064,0.7097586892701225,0.0,0.0,0.0,0.0,0.0,0.0,0.0,0.0
2022-08-03,10.49,10.7,10.39,10.67,2141000,0.013295346628680038,0.026948989412896918,0.0409756097560976,0.026948989412896918,0.07886754297269971,0.36970474967907574,10.452000000000002,9.758000000000001,9.776833333333334,10.178159039674792,9.836228108263303,0.3419309314114898,0.22030273203764408,0.1216281993738457,0.03204601044156418,0.011399081478336055,65.44702172551312,9.758000000000001,0.7522779441557262,11.262555888311454,8.253444111688548,0.3083738242081272,0.8030794691925759,0.4069048073367613,0.038135408372704904,31.18512864234261,35.02876973461594,16.067020909522576,89.78102189781019,82.60586757051556,73165946.0,60606666.0,0.4285476206976693,0.6120891186821864,-0.3125455494569995,2108000.0,0.04313855909465817,1.0156546489563567,0.029053420805998004,0.09346177495388397,0.0913554150116771,2.0,8.0,-0.0027675276752766598,0.0,1233.84,1249.76,0.006555951096148593,0.04930145083288551,0.08711650037838936,0.13759832142443698,0.006739395532531445,-0.02235246141998859,0.2825882493006864,0.25994293086557585,1.585020310231437,0.7098754797487593,0.0,0.0,0.0,0.0,0.0,0.0,0.0,0.0
2022-08-04,10.84,11.02,10.63,10.81,2113400,0.013120899718837897,0.026590693257360076,0.0404234841193456,0.0374280230326296,0.11213991769547316,0.35125000000000006,10.530000000000001,9.898500000000002,9.7745,10.275365341263287,9.908359359503057,0.36700598176022936,0.24964338198216116,0.1173625997780682,0.0339505996077918,0.010856854743577077,67.14117026923621,9.898500000000002,0.6638743936365761,11.226248787273153,8.57075121272685,0.26827272561966986,0.8432501722980222,0.40569732109842116,0.03752981693787429,32.083886863417,38.25756316011986,14.963781441355891,86.45161290322586,85.45815959088907,75279346.0,61931676.0,0.42674803678695533,0.7018268500479332,-0.17582731119679826,2184345.0,-0.10492071049493513,0.9675211562276106,0.036077705827936984,0.09208465929181164,0.10593892270704397,3.0,8.0,0.0,0.0,1252.49,1254.15,0.0035126744334912363,0.03810051981591256,0.07515773952403815,0.13193895459418706,0.009608225285346661,-0.0006724967832829609,0.2760922604759619,0.25679232946617225,1.6156964283490418,0.6896468800056779,0.0,0.0,0.0,0.0,0.0,0.0,0.0,0.0
2022-08-05,10.81,10.81,10.49,10.81,1974400,0.0,0.013120899718837897,0.026590693257360076,0.05463414634146346,0.08534136546184734,0.28384798099762487,10.642,10.018,9.7845,10.357616827222781,9.975147555095424,0.3824692721273575,0.2762085600112004,0.10626071211615706,0.03538106125137442,0.009829853109727758,67.14117026923621,10.018,0.5952938239576553,11.208587647915312,8.82741235208469,0.23768968814440236,0.8326088597453415,0.3995760838771054,0.036963560025634175,32.430591819145725,36.069097379004745,16.610453343056182,84.3283582089553,86.85366433666378,75279346.0,63199846.0,0.40658952998951386,0.9651044446758507,0.6396218279164112,2226225.0,-0.3982031364455019,0.8868825028916664,0.029602220166512514,0.07905769614693559,0.10480862588788398,4.0,8.0,0.009250693802035137,1.0,1250.25,1252.74,-0.0011242674321254587,0.03847205988411129,0.0695204514603307,0.13300521412542907,0.0011242674321254587,0.016162086457352176,0.21432752953729417,0.20039591505206822,1.6373824783087758,0.6646937860969703,0.0,0.0,0.0,0.0,0.0,0.0,0.0,0.0
2022-08-08,10.81,11.05,10.7,10.91,2651200,0.009250693802035137,0.009250693802035137,0.022492970946579316,0.05004812319538021,0.08019801980198027,0.2850412249705536,10.746,10.139,9.806166666666666,10.442598853803892,10.044395884347614,0.3982029694562783,0.300607441900216,0.09759552755606232,0.03649889729205117,0.0089455112333696,68.42370320366454,10.139,0.5078945186801025,11.154789037360205,9.123210962639794,0.2003726279436247,0.8795079350352346,0.3960349350287409,0.03630017736285434,33.115740999186805,38.120831223524355,15.561906114397503,89.78102189781019,86.85366433666381,77930546.0,64520076.0,0.40646367782935056,0.9600658350768244,0.6360469914917003,2278285.0,0.5997614960398988,1.1636823312272169,0.03208065994500471,0.07604300226846838,0.11256522256403301,0.0,8.0,0.0,0.0,1252.36,1256.75,0.0032009834442900953,0.02062776627279006,0.08782210527226941,0.11676660685173387,0.006049710357745042,0.029420356922590152,0.1972191196982842,0.18129721646805708,1.5994419088000775,0.6635730507166908,0.0,0.0,0.0,0.0,0.0,0.0,0.0,0.0
2022-08-09,10.95,11.05,10.84,10.95,1672400,0.0036663611365719273,0.012950971322849059,0.012950971322849059,0.03988603988603989,0.06104651162790686,0.2193763919821825,10.83,10.2375,9.817333333333332,10.520660568603294,10.111477670692235,0.4091828979110588,0.32232253310238457,0.0868603648086742,0.03736830117909213,0.00793245340718486,68.94583597417531,10.2375,0.4600672147689933,11.157634429537987,9.317365570462014,0.17975764191218294,0.8871716877053256,0.38274672538383087,0.03495403884783844,33.75195095208209,36.6268603272889,14.952028677871107,92.7007299270072,88.93670334459091,79602946.0,65836126.0,0.371214128508195,1.232728119569697,2.085333379097487,2274105.0,-0.9615948496225445,0.735410194340191,0.019178082191780903,0.06959706959706935,0.1153741681379874,1.0,8.0,0.009191176470588092,1.0,1260.36,1258.85,0.0016709767256812835,0.013877031619980329,0.07152585076862827,0.10696728774851923,0.0019953844108906438,0.026009008266059563,0.14785054121355423,0.13798131058387253,1.6392671672582297,0.6336182089566675,0.0,0.0,0.0,0.0,0.0,0.0,0.0,0.0
2022-08-10,10.88,11.16,10.74,10.98,2302100,0.00273972602739736,0.006416131989001039,0.015726179463459777,0.029053420805998265,0.05678537054860433,0.14613778705636737,10.892,10.307500000000001,9.825999999999999,10.591328173433556,10.175812658048367,0.4155155153851897,0.3409611295589456,0.07455438582624413,0.037842943113405254,0.00679001692406595,69.35511891497416,10.307500000000001,0.46126684821608216,11.230033696432166,9.384966303567836,0.17900241502443168,0.8644853313222306,0.3854076735707001,0.03510088101736795,34.51292119132051,35.81449579597671,13.788167937423633,87.50000000000001,89.99391727493916,81905046.0,67101511.0,0.3055095501434723,1.2810070436147514,4.143940643313994,2223440.0,0.13655402065939468,1.0353776130680388,0.03825136612021857,0.0652437545476594,0.11744351719926738,2.0,8.0,-0.04121863799283165,0.0,1255.69,1256.5,-0.0018667831751201236,0.005393035462808893,0.07034550906365,0.10761639042365835,0.004606509202517484,0.023660385343189372,0.07579227799271737,0.07081103938019173,1.6379220042574805,0.6314023534784106,0.0,0.0,0.0,0.0,0.0,0.0,0.0,0.0
2022-08-11,11.16,11.16,10.56,10.7,2379700,-0.02550091074681249,-0.022831050228310557,-0.019248395967002785,-0.010175763182238784,0.026871401151631336,0.10880829015544036,10.870000000000001,10.360000000000001,9.831166666666666,10.60804691598224,10.214641350044785,0.3934055659374547,0.35145001683464744,0.041955549102807244,0.03676687532125745,0.003921079355402546,61.24221800062372,10.360000000000001,0.44183826524150493,11.243676530483011,9.476323469516991,0.17059392480366983,0.6923780864781806,0.40073569688707866,0.037451934288512026,34.52292331559721,31.984273096556873,15.52196107858626,67.37588652482263,82.52553881727663,79525346.0,68116381.0,0.3265647367297558,1.0843123650035544,3.171728225843124,2210895.0,0.2964634388248921,1.0763514323384873,0.05607476635514016,0.03281853281853264,0.08837540475019923,3.0,8.0,0.013120899718837897,1.0,1267.37,1252.07,-0.0035256665340230864,-0.0016584938005821392,0.0591285517311384,0.10943705469713796,-0.021975244212789402,-0.008517269381656645,0.049679738424301956,0.046906240364402274,1.6465388685900026,0.6319693900098876,0.0,0.0,0.0,0.0,0.0,0.0,0.0,0.0
2022-08-12,10.67,10.84,10.56,10.81,1390000,0.010280373831775824,-0.015482695810564606,-0.012785388127853792,0.0,0.05463414634146346,0.1451271186440679,10.870000000000001,10.428500000000001,9.835833333333333,10.639116621215742,10.258741990782209,0.3803746304335327,0.35723493955442454,0.023139690879108166,0.03518729236202892,0.0021405819499637525,63.069887318239154,10.428500000000001,0.39546474990964786,11.219429499819297,9.637570500180706,0.15168614850060802,0.7411719376298145,0.3921117185380016,0.036273054443848436,34.532211002425576,30.352887367213665,14.730249923588891,69.02654867256642,74.63414506579637,80915346.0,69304626.0,0.3106698554030244,1.1427166168963097,3.8699234413443993,2176520.0,-1.3154461177571388,0.6386341499274071,0.025901942645698367,0.03658244234549546,0.09904261628399569,4.0,8.0,0.0036900369003691758,1.0,1250.66,1262.33,0.008194430023880539,0.007655219758289755,0.07045155819376725,0.10904439024147047,0.0020859438078952852,-0.007655219758289755,0.07467556045030066,0.06976080316638056,1.644996066885861,0.633768061496967,0.0,0.0,0.0,0.0,0.0,0.0,0.0,0.0
2022-08-15,10.84,10.98,10.84,10.88,1859400,0.00647548566142464,0.016822429906542258,-0.00910746812386154,-0.00274977085242889,0.04716073147256972,0.08043694141012914,10.864,10.469,9.842833333333333,10.676175602567167,10.30476110257612,0.37141449999104736,0.3600708516417491,0.011343648349298241,0.03413736213153008,0.0010426147379869707,64.22598989465817,10.469,0.3982844791299802,11.26556895825996,9.672431041740039,0.15217670422389168,0.7579814313237845,0.3762465957852872,0.03458148858320654,34.80886070683677,32.03111976027706,14.254850750534855,73.58490566037743,69.99578028592218,82774746.0,70396611.0,0.21620492708806197,-0.7997577916894091,-0.010200842325146226,2080260.0,-0.47418882218966846,0.893830578869949,0.01286764705882358,0.03925876396981587,0.10537277545422219,0.0,8.0,0.015625,1.0,1268.56,1274.2,0.009403246377730268,0.013885020887208999,0.08305212963986097,0.10876652961400618,-0.0029277607163056274,-0.01663479173963789,-0.002615188229731835,-0.002414646680581667,1.6802796375004525,0.6387639139873933,0.0,0.0,0.0,0.0,0.0,0.0,0.0,0.0
2022-08-16,10.88,11.12,10.84,11.05,2160600,0.015625,0.022201665124884418,0.032710280373831946,0.009132420091324311,0.049382716049382935,0.11729019211324565,10.884,10.527000000000001,9.8515,10.733687048326065,10.359963983866777,0.3737230644592877,0.36280129420525686,0.01092177025403085,0.03382109180627038,0.0009883954981023393,66.93332392352394,10.527000000000001,0.3939690075975802,11.314938015195162,9.73906198480484,0.14969849248506908,0.8318788977775491,0.3693718389434809,0.033427315741491485,35.32197342016236,33.004062380435606,13.483007894766093,87.91208791208798,76.84118074834396,84935346.0,71688351.0,0.20366164961969146,-1.0622471547366457,0.9300782980723244,2096565.0,0.1384829581161863,1.0305428164640733,0.025339366515837045,0.049681770684905535,0.12165660051768779,1.0,8.0,-0.018817204301075363,0.0,1274.08,1274.69,0.00038455501491130306,0.012582912976129013,0.08177675184371114,0.10919935946908792,0.015240444985088697,-0.003450492884804701,0.03551344026953451,0.0328288070611682,1.6962797976580974,0.6395554989267308,0.0,0.0,0.0,0.0,0.0,0.0,0.0,0.0
2022-08-17,11.16,11.26,10.88,10.95,2073700,-0.009049773755656187,0.006433823529411686,0.012950971322849059,-0.002732240437158584,0.026241799437675573,0.10717896865520715,10.878,10.58,9.846333333333332,10.76696596396821,10.403670355432201,0.3632956085360082,0.36290015707140716,0.00039545146460101543,0.03317768114484093,3.611428900465894e-05,63.87125186203023,10.58,0.37458749241497796,11.329174984829956,9.830825015170044,0.14162098011908436,0.7469383037955944,0.37013099330466076,0.033801917196772675,36.04296258903497,33.2855180044129,12.49425698288983,69.30693069306925,76.9346414218449,82861646.0,72876406.0,0.20943661738710123,-0.9385478182833197,0.3969986360709442,2114535.0,-0.09001096628265698,0.9806884255876588,0.034703196347031874,0.03497164461247637,0.11208910254240156,2.0,8.0,-0.006433823529411797,0.0,1276.78,1275.28,0.00046285763597420093,0.014946279347393565,0.06794848175255819,0.10387134285410173,-0.009512631391630388,-0.01767851978455215,0.039230486902648964,0.036734437637169215,1.6252802070579966,0.6080958516318017,0.0,0.0,0.0,0.0,0.0,0.0,0.0,0.0
2022-08-18,10.88,10.95,10.67,10.81,1693000,-0.012785388127853792,-0.021719457013574694,-0.006433823529411797,0.010280373831775824,0.0,0.11213991769547316,10.9,10.6345,9.838166666666668,10.773586584896178,10.433768847622408,0.3398177372737692,0.3582836731118796,-0.018465935838110403,0.03143549836020066,-0.0017082271820638671,59.750048943574114,10.6345,0.31787907333326954,11.270258146666539,9.99874185333346,0.11956521635554834,0.63802418492016,0.36369306521147066,0.03364413184194918,35.80842016659859,31.455099930036976,15.931536876074835,55.44554455445551,70.88818771987093,81168646.0,74062956.0,0.20370138215730108,-0.9278750460491743,0.5456887586549938,2116040.0,-0.9356452457609103,0.8000793935842423,0.025901942645698367,0.01650289153227713,0.09878195463246864,3.0,8.0,-0.02590194264569856,0.0,1273.45,1273.66,-0.0012703092654161585,0.01724344485531981,0.06273832469732255,0.10512191305155662,-0.011515078862437633,-0.0069630710235439874,0.04940159299815061,0.046485190051107406,1.6270622165240571,0.6080836454253202,0.0,0.0,0.0,0.0,0.0,0.0,0.0,0.0
2022-08-19,10.81,10.81,10.42,10.53,2334100,-0.02590194264569856,-0.0383561643835616,-0.04705882352941193,-0.02590194264569856,-0.02590194264569856,0.057228915662650426,10.844,10.663,9.824166666666667,10.736111725681381,10.44089708113186,0.29521464454952095,0.34566986739940786,-0.050455222849886905,0.02803557877963162,-0.004791569121546715,52.45954176206281,10.663,0.2771680090905512,11.217336018181102,10.108663981818898,0.1039737443835885,0.3800366604028338,0.36557213198207994,0.03471720151776638,34.638711277878144,29.058174301199113,19.602241149258898,16.091954022988382,46.948143090171065,78834546.0,75030066.0,0.21878149494713828,-0.9756771436189957,0.013671807099067158,2130010.0,0.44908969938294135,1.0958164515659552,0.03703703703703709,-0.012473037606677395,0.0718466366952244,4.0,8.0,-0.03717826501429944,0.0,1272.23,1269.18,-0.003517422231992806,0.005426473267687637,0.06228866048411397,0.10546004206206842,-0.022384520413705755,-0.0313284159133862,-0.005059744821463541,-0.00476306018286754,1.659864843169269,0.6111213042552072,0.0,0.0,0.0,0.0,0.0,0.0,0.0,0.0
2022-08-22,10.49,10.49,10.07,10.1,2630300,-0.0408357075023742,-0.0656799259944496,-0.07762557077625565,-0.07169117647058831,-0.07424381301558203,0.0,10.687999999999999,10.663,9.8025,10.638248383268861,10.415645445492464,0.22260293777639717,0.32105648147480575,-0.09845354369840859,0.022039894829346256,-0.00974787561370382,43.65091959819035,10.663,0.2771680090905512,11.217336018181102,10.108663981818898,0.1039737443835885,-0.007814738294768319,0.3723169796976456,0.036863067296796594,32.43114469901934,26.493777198070454,24.58704298060651,2.521008403361292,24.68616899360174,76204246.0,75765601.0,0.26372914613803505,-1.084139746045416,0.480208287783471,2161465.0,1.0046283639094722,1.2169061261690566,0.04158415841584158,-0.05279939979367909,0.030349400663095993,0.0,8.0,0.08897876643073799,1.0,1264.64,1260.43,-0.006894215162545847,-0.010806780725160836,0.06052166596550279,0.10733135031306246,-0.03394149233982835,-0.06088439574542748,-0.06052166596550279,-0.05706782605936078,1.6895142916097474,0.6140323487524385,0.0,0.0,0.0,0.0,0.0,0.0,0.0,0.0
2022-08-23,9.89,10.77,9.89,10.77,2130800,0.0663366336633664,0.02279202279202286,-0.0037002775208141436,-0.025339366515837236,-0.016438356164383494,0.04360465116279055,10.632,10.685500000000001,9.791333333333334,10.65851786276596,10.44189393101154,0.21662393175441963,0.30016997153072855,-0.08354603977630892,0.02011364268843265,-0.007757292458338804,56.03762182663537,10.685500000000001,0.2658942211522629,11.217288442304527,10.153711557695475,0.09953459216780235,0.5794488872622112,0.40858005257638513,0.0379368665344833,31.080782972089345,27.312899080612677,20.80450082437199,64.23357664233573,27.615513022895147,78335046.0,76467091.0,0.3466298748326623,0.7540991117579857,3.376349195020159,2127420.0,0.007666742821788627,1.0015887788965037,0.0817084493964716,0.00790791259182999,0.09995233880302301,1.0,8.0,-0.019372693726937174,0.0,1253.45,1270.81,0.008235284783764119,-0.0030438773348815396,0.07235015653083776,0.10654885600893113,0.05810134887960228,-0.022295489180955697,-0.02874550536804721,-0.02680608119743444,1.7446793516219168,0.614861366961552,0.0,0.0,0.0,0.0,0.0,0.0,0.0,0.0
2022-08-24,10.84,10.84,10.63,10.63,1414800,-0.0129990714948931,0.05247524752475252,0.009496676163343043,-0.029223744292237286,-0.031876138433515444,0.023099133782483072,10.568,10.697500000000002,9.777333333333333,10.654130499263504,10.455827713899573,0.1983027853639303,0.27979653429736895,-0.08149374893343864,0.01865501273414208,-0.007666392185648037,53.39631955795115,10.697500000000002,0.2571273491565501,11.211754698313102,10.1832453016869,0.09614483726349163,0.4343710419939578,0.39439576310664326,0.037102141402318274,29.99153924978736,27.541873431349796,20.01324609610759,54.01459854014604,40.25639452861437,76920246.0,77034331.0,0.35037441753969034,0.8594845586591748,3.2760178169091083,2134650.0,-1.6856891047670595,0.6627784414306795,0.019755409219190882,-0.006309885487263411,0.08720850947770376,2.0,8.0,0.0,0.0,1275.57,1277.16,0.0049968130562398905,0.001474186061100502,0.07230655561526067,0.1065412343865984,-0.01799588455113299,-0.030697930353337788,-0.0492074218327776,-0.045889322950696365,1.7353507949726812,0.6107948820949495,0.0,0.0,0.0,0.0,0.0,0.0,0.0,0.0
2022-08-25,10.67,10.81,10.6,10.67,1391600,0.0037629350893695346,-0.00928505106778088,0.056435643564356486,-0.01295097132284928,-0.002803738317756932,0.02399232245681393,10.540000000000001,10.709999999999999,9.766333333333332,10.656571960915272,10.47169232768479,0.18487963323048184,0.2608131540839915,-0.07593352085350968,0.017327050911947688,-0.007116543660122744,54.062546156328715,10.709999999999999,0.24887113554072066,11.20774227108144,10.212257728918559,0.09294907022996089,0.45981856241274077,0.3812246371704545,0.03572864453331345,28.879536265083704,26.45818664621285,19.787885590045967,56.93430656934306,58.39416058394162,78311846.0,77510871.0,0.35043844754737663,0.8524587379594021,3.2626612379917117,2043950.0,-1.72875745704593,0.6808385723721226,0.019681349578256874,-0.0037348272642389047,0.0925287552476195,3.0,8.0,-0.023430178069353325,0.0,1280.39,1288.88,0.009176610604779478,0.01194981392208283,0.06684766413932408,0.10101775969968992,-0.005413675515409944,-0.02490078524493211,-0.04285534168251015,-0.040170066564361395,1.7250536145955642,0.6083078955991476,0.0,0.0,0.0,0.0,0.0,0.0,0.0,0.0
2022-08-26,10.67,10.74,10.39,10.42,1715900,-0.023430178069353325,-0.019755409219191056,-0.03249767873723297,-0.010446343779677014,-0.03607770582793712,0.01658536585365855,10.518,10.7185,9.755833333333333,10.620176274620615,10.467863266374806,0.15231300824580885,0.239113124916355,-0.08680011667054616,0.014617371232803152,-0.008330145553795217,49.317230244031606,10.7185,0.23484093160682154,11.188181863213643,10.248818136786358,0.08763947627254604,0.18223171535982524,0.37899430594399347,0.03637181439001857,27.160947520685337,24.71289745378612,22.440439584874074,38.68613138686129,49.87834549878348,76595946.0,78009681.0,0.35607784568413847,0.8148785817437232,2.9842167602571594,2021680.0,-0.7980475260251995,0.8487495548256895,0.033589251439539315,-0.027849046041890202,0.06807892713760988,4.0,8.0,0.023575638506876162,1.0,1291.29,1282.57,-0.004895723418782305,0.010550118974455902,0.0631999535782084,0.10383086294055617,-0.01853445465057102,-0.020996462754132916,-0.04661458772454985,-0.04384366982679788,1.7321775221553504,0.611987866886595,0.0,0.0,0.0,0.0,0.0,0.0,0.0,0.0
2022-08-29,10.18,10.49,9.96,10.42,2419100,0.0,-0.023430178069353325,-0.019755409219191056,0.03168316831683171,-0.042279411764705954,0.002887391722810273,10.581999999999999,10.72,9.748833333333332,10.589379924678981,10.464317839235932,0.12506208544304975,0.21630291702169396,-0.09124083157864421,0.012002119524285005,-0.008756317809850691,49.317230244031606,10.72,0.2327184881716691,11.18543697634334,10.254563023656662,0.0868352567804737,0.17772221025828036,0.3897804269479939,0.03740695076276333,26.045988613880088,22.312675111562847,28.14082239189317,38.68613138686129,44.76885644768856,76595946.0,78408351.0,0.3529548842814237,0.9284715518656859,3.3438724221937517,2042495.0,0.9576606287491986,1.1843847842956776,0.05086372360844524,-0.027985074626865725,0.06884584480194222,0.0,8.0,-0.022577610536218318,0.0,1263.43,1270.8,-0.009176887031506986,0.008227350983394555,0.03203800706541604,0.08972333029116572,0.009176887031506986,0.023455817333437157,-0.029150615342605768,-0.028245680045733135,1.7190943272984316,0.6119050086667308,0.0,0.0,0.0,0.0,0.0,0.0,0.0,0.0
2022-08-30,10.63,10.63,10.35,10.39,1342700,-0.0028790786948176272,-0.0028790786948176272,-0.026241799437675684,-0.03528319405756719,-0.05972850678733033,-0.013295346628679816,10.506,10.713000000000001,9.745333333333333,10.558706090112985,10.458812814107345,0.09989327600563946,0.19302098881848306,-0.0931277128128436,0.00961436727676992,-0.00896320623800227,48.72205501836371,10.713000000000001,0.2407029180066308,11.194405836013262,10.23159416398674,0.08987320750737625,0.16452421653743415,0.38193896788028014,0.03676024714920886,24.596987576998988,23.762504912491455,26.66724547210037,36.496350364963526,37.95620437956205,75253246.0,78619766.0,0.34966393379055233,1.0662491788491064,3.7819101689385737,1989510.0,-1.5657478336786215,0.6748897969851874,0.026948989412897126,-0.03015028470083081,0.06615132029005344,1.0,8.0,0.020428015564202484,1.0,1274.97,1279.39,0.006759521561221282,0.006751599373628014,0.030419935245888707,0.08831089697080816,-0.00963860025603891,-0.042034793431195205,-0.04371528187456852,-0.04242472450238144,1.7103516497706879,0.6127200798355349,0.0,0.0,0.0,0.0,0.0,0.0,0.0,0.0
2022-08-31,10.28,10.53,10.28,10.49,964400,0.009624639076034613,0.006717850287907945,0.006717850287907945,-0.013170272812794037,-0.04200913242009119,-0.016869728209934376,10.478,10.703999999999999,9.7365,10.548135922403295,10.461122976025319,0.08701294637797652,0.17181938033038177,-0.08480643395240525,0.008294847128501098,-0.0080845027600005,50.851281198314275,10.703999999999999,0.24570842797716874,11.195416855954337,10.212583144045661,0.09181929296605713,0.28226225107357383,0.3725147558888316,0.03551141619531283,23.434552223387755,22.623407901814783,26.731133378879857,43.7956204379562,39.65936739659369,76217646.0,78772351.0,0.3479900652069331,1.1008907655875457,3.9608304190405046,1930680.0,-2.0549461348865767,0.49951312490935834,0.023832221163012392,-0.019992526158445267,0.07738920556668205,2.0,8.0,0.009496676163343043,1.0,1276.49,1280.51,0.0008754171910050346,0.002623007297441138,0.02460472410702863,0.08628833920251114,0.008749221885029579,-0.015793280110235175,-0.041474452316963006,-0.0404784902325227,1.6838771103228132,0.604035152075751,0.0,0.0,0.0,0.0,0.0,0.0,0.0,0.0
2022-09-05,10.53,10.63,10.49,10.63,1224300,0.013346043851286904,0.023099133782483072,0.020153550863723613,-0.0037488284910964786,-0.016651248843663202,-0.016651248843663202,10.47,10.694999999999999,9.7295,10.56073039587971,10.473632385208628,0.0870980106710828,0.15487510639852198,-0.06777709572743917,0.008193604014212869,-0.006376020294208765,53.746921095759966,10.694999999999999,0.24491674202957092,11.18483348405914,10.205166515940856,0.0916004645271888,0.4336509220834016,0.35590655903962937,0.033481331988676324,22.044422063309863,23.994699390750878,25.980061708523156,54.01459854014604,44.7688564476886,77441946.0,78880481.0,0.34810891663257015,1.098771790449166,3.9485525870812013,1886225.0,-1.3413133076541448,0.6490742090683773,0.013170272812794032,-0.006077606358111054,0.09255357418161281,0.0,9.0,0.013170272812793815,1.0,1280.26,1277.35,-0.002467766749185918,-0.008945751350009412,0.018498584698799947,0.0867998864458728,0.015813810600472822,0.0051969228589129335,-0.03514983354246315,-0.03451142109623839,1.6792972239863497,0.6017405369324816,0.0,0.0,0.0,0.0,0.0,0.0,0.0,0.0
2022-09-06,10.63,10.98,10.63,10.77,3278600,0.013170272812793815,0.026692087702573808,0.03657362848893153,0.03358925143953928,0.02279202279202286,-0.0037002775208141436,10.540000000000001,10.693,9.728833333333334,10.592925719590525,10.49558554185984,0.09734017773068437,0.14336812066495447,-0.046027942934270094,0.00903808521176271,-0.004273718006896016,56.50649148726374,10.693,0.2440901472818259,11.181180294563651,10.204819705436348,0.09130838764867699,0.5788643057262528,0.3554846619653701,0.03300693240161282,21.162424713471708,29.339887857465456,24.15297431993605,64.23357664233573,54.014598540146004,80720546.0,79152541.0,0.3515391426328497,0.9818689130609927,3.519838441845999,1951435.0,2.273781469588897,1.6800969542926103,0.03249767873723302,0.007200972598896405,0.10701865588542625,1.0,9.0,-0.03528319405756719,0.0,1279.58,1277.4,3.914353935896564e-05,-0.004030969069914181,0.019684850807031085,0.08653233226079679,0.01313112927343485,0.03762022050945346,-0.023385128327845228,-0.022933682214987372,1.6983839162242431,0.5980006065643674,0.0,0.0,0.0,0.0,0.0,0.0,0.0,0.0
2022-09-07,10.77,10.84,10.39,10.39,1866300,-0.03528319405756719,-0.022577610536218318,-0.009532888465204947,-0.0028790786948176272,0.02871287128712874,-0.04766269477543539,10.534,10.667,9.734166666666669,10.56170637811506,10.487764390610964,0.07394198750409586,0.12948289403278276,-0.0555409065286869,0.007116649422915867,-0.005345611792943878,48.11528947775353,10.667,0.2474310111186949,11.16186202223739,10.17213797776261,0.0927837296779582,0.22012400674069135,0.3622357575392722,0.03486388426749491,19.651605517897767,26.73642366498381,26.742282778925578,36.496350364963526,51.58150851581511,78854246.0,79198726.0,0.3710712002191536,0.9479277723829426,2.893345928683623,1912190.0,-0.08193694541108447,0.9760013387790962,0.04331087584215585,-0.025967938501921695,0.06737436863282231,2.0,9.0,-0.0408357075023742,0.0,1274.6,1243.17,-0.026796618130577765,-0.021742209631727905,-0.0108056494927391,0.1306372862201837,-0.008486575926989426,0.018863130936910277,-0.03685704528269629,-0.03725966011006421,1.702369426710043,0.5653501871650612,0.0,0.0,0.0,0.0,0.0,0.0,0.0,0.0
2022-09-08,10.53,10.53,10.1,10.1,1656200,-0.0279114533205006,-0.062209842154131834,-0.049858889934148776,-0.0279114533205006,-0.062209842154131834,-0.07762557077625565,10.475999999999999,10.624500000000001,9.740499999999999,10.490674627635821,10.45904110241756,0.03163352521826113,0.10991302026987844,-0.07827949505161731,0.0031320321998278343,-0.007750445054615576,42.88172943813554,10.624500000000001,0.26837669912203266,11.161253398244067,10.087746601755935,0.10104068864305447,0.011414364849994823,0.3670760605721813,0.03634416441308726,18.986218265799586,24.499311949922717,30.147730836627574,19.26605504587148,39.99866068439026,77198046.0,79078481.0,0.38126012779882806,1.02066287323261,2.623624763368544,1911380.0,-0.45531963929529917,0.866494365327669,0.04257425742574255,-0.04936702903666068,0.03690775627534526,3.0,9.0,0.013752455795677854,1.0,1251.06,1234.6,-0.006893666996468872,-0.03500887141528397,-0.019263613615601582,0.132267587821496,-0.02101778632403173,0.00709741809478337,-0.058361957160654065,-0.05950830209921376,1.735012688713969,0.5802308163572183,0.0,0.0,0.0,0.0,0.0,0.0,0.0,0.0
2022-09-09,10.18,10.42,9.89,10.32,1290300,0.0217821782178218,-0.006737247353224229,-0.04178272980501385,-0.0162059103908484,-0.029162746942615336,-0.060109289617486295,10.442,10.5915,9.761,10.464416992614925,10.448741761497741,0.01567523111718394,0.09106546243933955,-0.07539023132215561,0.0015189177439131724,-0.0073052549730770935,47.543222890511174,10.5915,0.2628843051511326,11.117268610302265,10.065731389697735,0.09928123689793986,0.24180657167426373,0.37871348481702544,0.03669704310242494,18.84567457557365,22.050299729409797,31.094866497963732,39.44954128440365,31.737315565079566,78488346.0,78907646.0,0.39142280060263906,0.8783664941484465,1.9110561985836274,1860790.0,-1.0027628973661282,0.6934151623772699,0.05135658914728676,-0.025633762923098713,0.057268722466960575,4.0,9.0,-0.01347449470644857,0.0,1241.26,1248.78,0.011485501376964358,-0.024779189541667024,-0.006144050935137257,0.13932849062974217,0.010296676840857444,0.008573279150818625,-0.05396523868234904,-0.054298853604615394,1.647676924561911,0.5680112995885713,0.0,0.0,0.0,0.0,0.0,0.0,0.0,0.0
2022-09-12,10.39,10.53,10.25,10.25,560418,-0.006782945736434121,0.014851485148514865,-0.01347449470644857,-0.035747883349012355,-0.03936269915651358,-0.04205607476635509,10.366,10.568999999999999,9.778666666666668,10.43142976298186,10.434020149534946,-0.002590386553086077,0.07233429264085443,-0.07492467919394051,-0.00025272063932547093,-0.00730972479940883,46.24985971511687,10.568999999999999,0.27220155071303653,11.113403101426073,10.024596898573925,0.10301884784295086,0.20701856844278366,0.3716625216158093,0.03625975820642042,18.377947019240597,22.977776327339182,29.421581477845038,33.02752293577977,30.58103975535165,77927928.0,78827775.1,0.38256926878878245,0.8598125483686352,2.1992245903248917,1769825.9,-1.937138597500033,0.31665148532406495,0.027317073170731645,-0.030182609518402792,0.04820016362148882,0.0,9.0,0.013658536585365866,1.0,1255.0,1249.62,0.0006726565127563866,-0.021709006928406493,-0.0019567596060923176,0.13882392721781567,-0.007455602249190507,-0.014038876420605861,-0.04009931516026277,-0.04017793371801848,1.7100072556418495,0.5743610465885383,0.0,0.0,0.0,0.0,0.0,0.0,0.0,0.0
2022-09-13,10.25,10.39,10.14,10.39,782438,0.013658536585365866,0.006782945736434121,0.02871287128712874,-0.03528319405756719,-0.0028790786948176272,-0.03885291396854762,10.290000000000001,10.547999999999998,9.809166666666666,10.425055953292343,10.430759397717543,-0.005703444425199322,0.056726745227643684,-0.062430189652843006,-0.0005489359408276537,-0.006008680428570067,49.22492904589381,10.547999999999998,0.26881024416579646,11.08562048833159,10.010379511668406,0.10193790070754505,0.35305619537462013,0.36297234150039437,0.034934777815244886,18.20447661614208,21.847339135566745,30.138795635555322,45.87155963302753,39.449541284403665,78710366.0,78717526.1,0.38417714818139476,0.8338483669610555,2.082260889124839,1739447.8,-1.4551481405636495,0.4498197646402496,0.02406159769008662,-0.014979142965490855,0.059213320873332975,1.0,9.0,0.038883349950149526,1.0,1251.1,1248.4,-0.0009762967942252843,-0.022702364177235035,-0.011035149287428658,0.13536406037257934,0.01463483337959115,-0.012580829880332156,-0.02781776468111896,-0.028128163160779263,1.5905546700665099,0.548490184608706,0.0,0.0,0.0,0.0,0.0,0.0,0.0,0.0
2022-09-14,10.03,10.74,10.03,10.42,2930503,0.002887391722810273,0.01658536585365855,0.009689922480620172,0.002887391722810273,0.0,-0.042279411764705954,10.296000000000001,10.525,9.850166666666667,10.42427811432429,10.42996240529402,-0.005684290969730554,0.04424453798816884,-0.04992882895789939,-0.0005455173675365215,-0.004791634256996103,49.86530318380356,10.525,0.2583856766440225,11.041771353288045,10.008228646711956,0.09819883197872578,0.39840768133535237,0.3877600313932234,0.03721305483620186,17.00925713012554,25.437259932664904,26.19700852703299,48.62385321100912,42.50764525993882,81640869.0,78660832.25,0.3833742277935756,0.8619910909717926,2.1598323879780366,1793002.95,1.6031951755344755,1.6344105847678612,0.06813819577735133,-0.009976247030878849,0.0578501209793405,2.0,9.0,-0.016981132075471694,0.0,1229.76,1240.77,-0.006111823133611138,-0.0019305485170975079,-0.0262360696907864,0.13142501914574256,0.008999214856421411,0.004817940239907781,-0.016043342073919553,-0.01647559698460499,1.4270524288016406,0.48026122422397294,0.0,0.0,0.0,0.0,0.0,0.0,0.0,0.0
2022-09-15,10.6,10.67,10.39,10.42,1094398,0.0,0.002887391722810273,0.01658536585365855,0.03168316831683171,0.002887391722810273,-0.057013574660633504,10.360000000000001,10.4935,9.898166666666667,10.423619942889783,10.429224449346314,-0.005604506456531766,0.03427472909922872,-0.039879235555760485,-0.0005378605044656206,-0.003827181915140162,49.86530318380356,10.4935,0.2275793673009551,10.94865873460191,10.038341265398088,0.08675060458415416,0.4192589371438917,0.38006288629370744,0.036474365287303974,15.899410464538752,24.098678300518518,24.81844674308715,48.62385321100912,47.706422018348604,81640869.0,78496108.4,0.37788260003329094,0.9863216886313877,2.628352272660465,1739692.85,-0.8957222355093066,0.6290754140881822,0.026871401151631415,-0.007004336017534585,0.052720200710569376,3.0,9.0,0.020428015564202484,1.0,1247.34,1245.66,0.003941101090451982,0.008958367082456009,-0.02277416469886795,0.13262889706232023,-0.003941101090451982,0.022724801234375702,-0.034239409961765555,-0.03503735648906037,1.3503905809519112,0.46987814695554697,0.0,0.0,0.0,0.0,0.0,0.0,0.0,0.0
2022-09-16,10.28,10.67,10.21,10.49,2738780,0.006717850287907945,0.006717850287907945,0.009624639076034613,0.016472868217054293,0.0,-0.04200913242009119,10.394,10.4705,9.938500000000001,10.433832259368277,10.433726341987327,0.00010591738094944958,0.027440966755572865,-0.027335049374623416,1.0096985791177271e-05,-0.0026058197687915553,51.51990265240614,10.4705,0.20066927491468584,10.871838549829372,10.069161450170627,0.07666081845745136,0.5242937041660851,0.38577268012987115,0.0367752793260125,15.356648397810272,22.046138666758296,26.037431548921425,55.045871559633,50.76452599388376,84379649.0,78572008.55,0.37849327954724177,0.875980441440252,2.4378782066248994,1772946.85,1.2854912007158261,1.5447614800184224,0.04385128693994272,0.0018623752447353148,0.055491271318609314,4.0,9.0,0.0465337132003798,1.0,1243.38,1234.03,-0.009336416036478723,-0.011811528051378195,-0.032345837776802,0.13560780696836752,0.016054266324386668,0.028284396268432488,-0.009663294643289189,-0.009986310213441985,1.369981057509771,0.5072167674439757,0.0,0.0,0.0,0.0,0.0,0.0,0.0,0.0
2022-09-19,10.53,11.02,10.53,11.02,8794008,0.05052430886558623,0.05758157389635321,0.05758157389635321,0.07512195121951226,0.036688617121354516,0.0194264569842737,10.548,10.481,9.985333333333333,10.524011911773158,10.477154020358636,0.0468578914145219,0.031324351687362674,0.015533539727159228,0.004252077260845908,0.0014095771077276976,61.79968546910077,10.481,0.2235573634146092,10.928114726829218,10.033885273170782,0.08531909680931556,1.1027535749296382,0.39607463154916606,0.03594143661970654,14.647317983727193,26.250892130847344,23.548752175730524,100.0,67.88990825688073,93173657.0,79172259.1,0.4188540583239869,0.7066370687160832,1.030082285121458,2127997.25,3.832078583608592,4.132527896828814,0.044464609800363,0.05142639061158283,0.1036186406729871,0.0,9.0,-0.016129032258064502,0.0,1231.45,1205.43,-0.02317609782582264,-0.03536275027608382,-0.05357002653769449,0.15569096165242832,0.07370040669140887,0.11048470149559608,0.07299648352196819,0.07712824569040921,1.0601571386465503,0.3939853310793133,0.0,0.0,0.0,0.0,0.0,0.0,0.0,0.0
2022-09-20,11.16,11.16,10.67,10.98,2980977,-0.003629764065335661,0.046711153479504386,0.05374280230326289,0.05678537054860433,0.019498607242339983,0.042735042735042805,10.666,10.503499999999999,10.030333333333335,10.594163925346518,10.514401870702441,0.07976205464407649,0.04101189227870544,0.038750162365371044,0.00726430370164631,0.003529158685370769,60.75266636830035,10.503499999999999,0.2498478484367478,11.003195696873494,10.003804303126504,0.09514841659894226,0.9767901774833917,0.40278358643851137,0.03668338674303382,14.3383880223836,26.45253583767884,21.502476324625576,85.82677165354332,80.29088107105878,90192680.0,79740165.8,0.40696972949654703,0.6948417896834908,1.331645277281246,2160341.1,0.46905606795341814,1.3798640409146499,0.044626593806921695,0.04536583043747333,0.09467947226745532,1.0,9.0,0.06870937790157838,1.0,1212.08,1218.93,0.01119932306313931,-0.023606215956424204,-0.039592492790620715,0.1632504164130177,-0.014829087128474971,0.08039158650502853,0.08232753552566352,0.08572146188744356,1.025064234410909,0.384293529580266,0.0,0.0,0.0,0.0,0.0,0.0,0.0,0.0
2022-09-21,10.77,11.72,10.77,11.51,8363933,0.04826958105646617,0.04446460980036293,0.09723546234509062,0.10460652591170816,0.10779595765158789,0.13960396039603973,10.884,10.574,10.080666666666668,10.735061782985515,10.588149880280039,0.14691190270547594,0.062191894364059544,0.0847200083414164,0.012763849062161246,0.007360556762938002,68.39356466529856,10.574,0.31928208943132796,11.212564178862657,9.935435821137343,0.12078006031069734,1.2328942265968508,0.4418704731214749,0.0383901366743245,15.21957781977372,31.442700672980603,18.200385108991597,88.52459016393438,91.45045393915923,98556613.0,80857784.15,0.40430779046151233,0.746997452735475,0.7219055927863223,2447022.75,2.649228580524749,3.418003776221533,0.08253692441355352,0.08851900888972941,0.14178956418226285,2.0,9.0,0.024561403508771784,1.0,1213.47,1210.55,-0.006874882068699684,-0.024355843548764078,-0.03957379624413904,0.16324269178903436,0.055144463125165855,0.12896236946047224,0.17917775664017876,0.18656067060590686,0.9439330603011659,0.34285040695566277,0.0,0.0,0.0,0.0,0.0,0.0,0.0,0.0
2022-09-22,11.4,11.72,11.26,11.68,5738847,0.01476976542137276,0.06375227686703089,0.05989110707803991,0.12092130518234168,0.15643564356435635,0.08449396471680592,11.136,10.619499999999999,10.130333333333333,10.880436893295435,10.669027666925961,0.211409226369474,0.09203536076514245,0.11937386560433157,0.018100104997386474,0.010220365205850306,70.3851612350721,10.619499999999999,0.40264225992032004,11.424784519840639,9.814215480159358,0.1516614755573502,1.1584629245138514,0.4431654393270839,0.03794224651772979,16.03782548877883,29.111478027561265,16.850973353216613,97.81420765027318,90.7218564892503,104295460.0,82155804.85,0.34001576736231565,0.4099181641862445,0.8095420458527288,2627425.1,1.3244190346189626,2.184209551777518,0.03938356164383569,0.09986345873157876,0.15297291961435966,3.0,9.0,-0.02986348122866911,0.0,1200.34,1214.7,0.003428193796208401,-0.024854294109146968,-0.044152941824505576,0.16012025885941802,0.01134157162516436,0.14577559929148864,0.1286469065413115,0.13458942562094678,0.9300768634347756,0.33435190497051825,0.0,0.0,0.0,0.0,0.0,0.0,0.0,0.0
2022-09-23,11.72,12.07,11.23,11.37,5984181,-0.02654109589041098,-0.012163336229365829,0.03551912568306004,0.08388941849380349,0.10174418604651159,0.0696142991533395,11.312,10.6565,10.1765,10.955754294326907,10.720951543449964,0.23480275087694302,0.12058883878750257,0.11421391208944046,0.020651077473785667,0.010045198952457386,62.63452910288976,10.6565,0.43625529705733873,11.529010594114677,9.783989405885322,0.16375181234264113,0.9088775567957297,0.47151076508943507,0.04146972428227222,17.409082733600307,30.709132575710203,14.706677875675986,67.88990825688067,84.74290202369609,98311279.0,83225356.5,0.352318520856525,0.3411652556162038,0.5190934299989117,2855894.15,1.2792742624724398,2.095379130210411,0.07387862796833772,0.06695444095153191,0.11728000786124881,4.0,9.0,0.04136690647482033,1.0,1212.61,1203.28,-0.009401498312340606,-0.024918356928113616,-0.057847098249240614,0.15968529383803462,-0.017139597578070376,0.10880777542191711,0.1274613974025801,0.13528737975091354,0.9701426795832934,0.3485269340559616,0.0,0.0,0.0,0.0,0.0,0.0,0.0,0.0
2022-09-26,11.12,11.58,10.98,11.58,6739170,0.018469656992084582,-0.008561643835616417,0.006081668114682914,0.05081669691470059,0.12975609756097573,0.08528584817244611,11.424,10.702000000000002,10.233166666666667,11.05179209519969,10.78458476245367,0.26720733274602004,0.14991253757920606,0.11729479516681399,0.02307489920086529,0.010129084211296545,65.41303162740233,10.702000000000002,0.48271818083155565,11.667436361663112,9.736563638336891,0.18042167102655773,0.9547166622601153,0.48068856758304684,0.04151023899680888,17.886395302438654,27.97117338430761,17.110371595399908,77.52293577981649,81.07568389565681,105050449.0,84562286.65,0.3562527753274707,0.2377259615932512,0.3093513649816919,3123272.65,1.4090498368211422,2.157727087963326,0.05181347150259064,0.08204074004858897,0.13161452140914331,0.0,9.0,-0.02145922746781115,0.0,1186.41,1174.35,-0.02404261684728415,-0.025783330429805296,-0.08886009558686625,0.169524732796759,0.04251227383936873,0.07660002734450588,0.17414594375931236,0.19112975177119473,0.7068664153528074,0.26993847215580086,0.0,0.0,0.0,0.0,0.0,0.0,0.0,0.0
2022-09-27,11.65,11.79,11.4,11.4,2543079,-0.015544041450777146,0.0026385224274407815,-0.023972602739726012,0.03825136612021862,0.09720885466794993,0.09404990403071012,11.508000000000001,10.751,10.2875,11.105362542092045,10.83017107634599,0.2751914657460546,0.17496832321257577,0.1002231425334788,0.02413960225842584,0.008791503731006912,61.21146727631742,10.751,0.5019425423188794,11.754885084637758,9.747114915362241,0.18675194579811338,0.8232441690446003,0.4742108127556863,0.04159743971541108,18.70575602029343,29.491178849730822,16.1052362145721,69.26605504587155,71.55963302752292,102507370.0,85857857.85,0.3491286192479405,0.2673084541497414,0.4715648223025716,3164631.6,-0.2438487303345505,0.8035940107531,0.034210526315789365,0.06036647753697344,0.10814094775212646,1.0,9.0,-0.04749103942652322,0.0,1177.51,1166.54,-0.006650487503725433,-0.04298031880419717,-0.09046679713387962,0.16968141098322115,-0.008893553947051713,0.08123168492441579,0.18451670116458974,0.20286967048936844,0.7287654127470092,0.27799029874594383,0.0,0.0,0.0,0.0,0.0,0.0,0.0,0.0
2022-09-28,11.16,11.3,10.63,10.63,6478316,-0.0675438596491228,-0.08203799654576849,-0.0650835532102022,-0.07645525629887051,0.020153550863723613,0.020153550863723613,11.331999999999999,10.761500000000002,10.324833333333334,11.032229843308654,10.81534358920925,0.21688625409940343,0.1833519093899413,0.03353434470946212,0.020403222398814997,0.0031546890601563612,47.234598846824966,10.761500000000002,0.49682438918019856,11.755148778360399,9.767851221639605,0.1846673378916316,0.4338297380000875,0.4953386118445658,0.046598176090739955,17.479755788280315,26.21662120784812,25.420504392467432,33.944954128440386,60.24464831804283,96029054.0,86829513.25,0.4334203770421842,-0.5302925911091465,1.2463883628884007,3367592.4,1.1755469432429384,1.9237233104576432,0.0630291627469426,-0.012219486131115675,0.029556570727534037,2.0,9.0,-0.06698113207547163,0.0,1158.53,1143.62,-0.01964784748058368,-0.05528891826029492,-0.10007869058860563,0.17726710305249474,-0.047896012168539115,-0.021166338038575594,0.12023224145232925,0.1336030608398069,0.9237535296650844,0.34360464957649295,0.0,0.0,0.0,0.0,0.0,0.0,0.0,0.0
2022-09-29,10.6,10.67,9.89,9.89,6494489,-0.06961429915333961,-0.13245614035087716,-0.1459412780656304,-0.15325342465753422,-0.050863723608445266,-0.04812319538017329,10.974,10.7365,10.3545,10.856502175107323,10.746799619638194,0.10970255546912888,0.16862203860577882,-0.058919483136649936,0.011092270522662172,-0.005957480600267941,38.205764932004705,10.7365,0.5280976285339892,11.792695257067978,9.680304742932021,0.1967485227155923,0.09926917190013618,0.5156715681413825,0.05214070456434605,17.441383064431047,23.384120029429873,32.924173937285566,0.0,34.40366972477066,89534565.0,87543579.2,0.5014620728034864,-0.6519188995331979,0.5395074309069023,3625181.85,1.0670112178503746,1.7914933012257026,0.07886754297269963,-0.07884319843524412,-0.0448597228258244,3.0,9.0,-0.0041753653444677186,0.0,1157.09,1126.07,-0.015346006540634116,-0.07296451798798065,-0.11983836046866092,0.17483877217217175,-0.05426829261270549,-0.08028890666955357,0.07171516508848763,0.081479539515803,1.017362986870276,0.36482107101047906,0.0,0.0,0.0,0.0,0.0,0.0,0.0,0.0
2022-09-30,9.58,9.82,9.23,9.54,3863673,-0.035389282103134634,-0.1025399811853247,-0.16315789473684217,-0.16094986807387868,-0.09056244041944717,-0.09056244041944717,10.608,10.689,10.383666666666667,10.653963378936966,10.65740705522055,-0.0034436762835845514,0.13420889562790614,-0.1376525719114907,-0.00036097235676986917,-0.014428990766403638,34.815987680012185,10.689,0.5904761682432415,11.869952336486483,9.508047663513517,0.2209659157052077,0.013528207489535501,0.5259807418455695,0.055134249669346914,18.2886782682944,21.28823677315182,38.936078621700986,10.915492957746434,14.953482362062289,85670892.0,88016241.5,0.5129684425901913,-0.44379210348035963,0.074285331962986,3770145.5,0.03576231068662633,1.024807398016867,0.06184486373165617,-0.10749368509682855,-0.08124939809315923,4.0,9.0,-0.07306889352818369,0.0,1115.2,1132.11,0.005363787331160497,-0.05914666578020089,-0.11589132455037454,0.17798093743608728,-0.04075306943429513,-0.10180320229367779,0.025328884130927376,0.028649061856616198,0.8909347054435919,0.3029542884529675,0.0,0.0,0.0,0.0,0.0,0.0,0.0,0.0
2022-10-03,9.58,9.61,8.88,8.88,3055207,-0.06918238993710679,-0.10212335692618801,-0.1646284101599247,-0.23316062176165797,-0.1941923774954627,-0.1646284101599247,10.068000000000001,10.6015,10.398333333333333,10.381045936023586,10.525747273352362,-0.144701337328776,0.07842684903656971,-0.2231281863653457,-0.01629519564513243,-0.025127048014115506,29.500613069700492,10.6015,0.7159996692149008,12.0334993384298,9.169500661570199,0.2701503256010566,-0.1010826799290417,0.5405535459994574,0.06087314707201096,19.47102465203794,19.234731626250266,39.80511669980114,0.0,3.6384976525821586,82615685.0,88274928.45,0.5572006834766597,-0.33036630350181534,-0.4071841558111455,3861690.85,-0.31592808048041143,0.7911578421664697,0.08220720720720705,-0.16238268169598635,-0.1460169899022279,0.0,10.0,-0.0646929824561403,0.0,1124.46,1086.44,-0.04034060294494335,-0.07485843232426437,-0.1494578619798801,0.214759133206613,-0.028841786992163443,-0.1583021894373936,-0.015170548180044596,-0.017836327563215626,1.0813584371093432,0.3913998849668289,0.0,0.0,0.0,0.0,0.0,0.0,0.0,0.0
2022-10-04,9.12,9.12,8.49,8.53,2163517,-0.03941441441441462,-0.1058700209643606,-0.13751263902932265,-0.2517543859649124,-0.22313296903460844,-0.2079851439182916,9.494,10.4895,10.400166666666667,10.096269638173803,10.377914141992928,-0.2816445038191251,0.006412578465430755,-0.28805708228455584,-0.033018112991691106,-0.03376988068986587,27.13474915165473,10.4895,0.8507673007350786,12.191034601470157,8.787965398529842,0.3244262551065652,-0.07580374748387589,0.5469425784280675,0.06411988023775704,20.968827502747956,17.65218355389335,41.62337710490879,1.1173184357541661,4.010937131166881,80452168.0,88261509.55,0.5615009146342699,-0.12734504280198936,-0.5613391898524848,3805936.7,-0.6370410288036824,0.5684584822443316,0.07385697538100809,-0.1868058534725202,-0.17982083620454814,1.0,10.0,0.023945267958951133,1.0,1095.73,1078.14,-0.007639630352343385,-0.07577965607694537,-0.1559887271019258,0.21267906245608117,-0.03177478406207124,-0.17597472988796703,-0.0519964168163658,-0.06160630608383477,1.0776216348229475,0.3939766928323436,0.0,0.0,0.0,0.0,0.0,0.0,0.0,0.0
2022-10-05,8.77,9.12,8.6,8.98,1669541,0.05275498241500598,0.011261261261261257,-0.05870020964360578,-0.15522107243650052,-0.21980886185925275,-0.1357074109720886,9.164,10.419,10.408333333333333,9.924535847685526,10.274364946289749,-0.3498290986042232,-0.06483575694850002,-0.28499334165572315,-0.03895646977775313,-0.031736452300191884,34.41720399482608,10.419,0.9154113254362161,12.249822650872433,8.588177349127568,0.351439226580753,0.10700726547317935,0.5500181085403484,0.06124923257687621,22.359644435550116,16.299658176600893,38.434158408472435,13.687150837988833,4.93482309124768,82121709.0,88424882.7,0.5968289553267864,-0.19741143439238357,-0.6208988331093933,3796098.75,-0.8222221750954744,0.4398044176274392,0.057906458797327344,-0.13811306267396106,-0.13722978382706164,2.0,10.0,-0.06256983240223446,0.0,1092.08,1104.26,0.02422690930676885,-0.03441702663472124,-0.11173853937916778,0.23038683543788496,0.02852807310823713,-0.12080404580177928,-0.023968871592920826,-0.026984027401310673,1.1983880446739898,0.44193003878539894,0.0,0.0,0.0,0.0,0.0,0.0,0.0,0.0
2022-10-06,8.95,9.09,8.39,8.39,2452435,-0.06570155902004449,-0.016412661195779443,-0.05518018018018023,-0.15166835187057637,-0.2816780821917808,-0.16930693069306924,8.864,10.333499999999999,10.398500000000002,9.68845340958006,10.134782357675693,-0.4463289480956334,-0.1411343951779267,-0.3051945529177067,-0.05319772921282877,-0.03637598962070401,30.16095861386384,10.333499999999999,1.0205894839439043,12.374678967887807,8.292321032112191,0.3950605250665908,0.02392709542487752,0.5607311007874664,0.06683326588646797,23.867771860577154,14.846229059354641,37.68209040327102,0.0,4.93482309124768,79669274.0,88548444.1,0.6289484242400373,-0.1947223473992147,-0.8855582931280442,3835910.5,-0.5409166639749404,0.6393358239197708,0.08343265792610241,-0.1880776116514249,-0.193152858585373,3.0,10.0,-0.030978934324659257,0.0,1105.31,1074.52,-0.026932063101081316,-0.04577868160949139,-0.12966142880285103,0.242313015077901,-0.03876949591896317,-0.10588967026108498,-0.039645501890218204,-0.045551815353519154,1.2326937841018515,0.4606516460941426,0.0,0.0,0.0,0.0,0.0,0.0,0.0,0.0
2022-10-07,8.07,8.14,7.82,7.82,3207632,-0.0679380214541121,-0.12917594654788422,-0.08323563892145358,-0.18029350104821795,-0.31222515391380823,-0.24224806201550386,8.52,10.2085,10.369166666666667,9.400999038875435,9.963316997847864,-0.5623179589724288,-0.22537110793682713,-0.3369468510356016,-0.07190766738777861,-0.043087832613248285,26.72269722352445,10.2085,1.1651847605919954,12.538869521183992,7.87813047881601,0.45655473795052964,-0.012472373648809768,0.561393165016933,0.07178940729116791,25.791342680984158,13.769526225460922,42.20161314516568,0.0,4.562383612662958,76461642.0,88447108.9,0.6519132919703426,-0.010129847128390702,-1.0478788038724212,3931777.1,-0.2905516353540259,0.8158224432407422,0.04092071611253201,-0.23397169025811826,-0.24584103512014788,4.0,10.0,0.07456724367509993,1.0,1061.93,1035.91,-0.035932323269925126,-0.0849740749573803,-0.1704623712743637,0.25305376655141315,-0.03200569818418697,-0.09531942609083766,-0.07178569074114016,-0.08653699151829886,1.3181686969668212,0.5304160387977392,0.0,0.0,0.0,0.0,0.0,0.0,0.0,0.0
2022-10-10,7.51,8.21,7.51,8.07,2178224,0.03196930946291565,-0.038140643623361226,-0.10133630289532292,-0.09121621621621623,-0.3031088082901554,-0.21268292682926826,8.358,10.0995,10.342833333333335,9.196229955971521,9.823071294303578,-0.6268413383320564,-0.30566515401587296,-0.3211761843161834,-0.07767550660868108,-0.039798783682302774,30.466702168673365,10.0995,1.2592665994224903,12.618033198844982,7.58096680115502,0.49874413561958136,0.09708690738507139,0.5712936532300094,0.07079227425402841,27.825415190347716,12.564408144102055,42.38401506130508,12.280701754385975,4.093567251462006,78639866.0,88482705.8,0.6710171998194807,-0.09214831861444053,-1.223958939952238,4012667.4,-0.7637977859086743,0.5428369169096846,0.08674101610904598,-0.2009505421060449,-0.21974958505889752,0.0,10.0,-0.07739557739557745,0.0,1019.67,1042.48,0.00634224980934639,-0.040462427745664775,-0.16576239176709706,0.2567544074120753,0.025627059653569262,-0.05075378847055145,-0.0469205350621712,-0.05624361045237358,1.3425023824277482,0.5344766244575945,0.0,0.0,0.0,0.0,0.0,0.0,0.0,0.0
2022-10-11,8.14,8.14,7.51,7.51,2158515,-0.06939281288723675,-0.03964194373401542,-0.10488676996424329,-0.1195779601406799,-0.34122807017543866,-0.277189605389798,8.154,9.9555,10.310666666666666,8.936809962745134,9.65173267991072,-0.714922717165587,-0.3875166666458158,-0.3274060505197712,-0.09519610082098362,-0.043596012053231846,27.123618352977857,9.9555,1.3828973208449074,12.721294641689816,7.189705358310186,0.5556314884616171,0.057902824176079046,0.5754869637135802,0.07662942259834624,29.714196806185306,11.581938684088374,39.06981196372112,0.0,4.093567251462006,76481351.0,88371255.05,0.6948355483847161,0.08508010240730005,-1.3386844016159984,4081471.25,-0.8278817695915793,0.5288570879924733,0.08388814913448746,-0.24564311184772247,-0.27162808741756106,1.0,10.0,0.019178082191780854,1.0,1036.39,1006.2,-0.034801626889724435,-0.06672602815960826,-0.19400833066324896,0.27061724086743816,-0.03459118599751232,-0.05285193198107163,-0.08318127472654901,-0.10320364079569055,1.4172503969283416,0.5763912020138592,0.0,0.0,0.0,0.0,0.0,0.0,0.0,0.0
2022-10-12,7.3,7.82,7.3,7.44,1816753,-0.009320905459387352,-0.0780669144981413,-0.04859335038363166,-0.17149220489977723,-0.30009407337723426,-0.2859884836852207,7.846000000000001,9.8065,10.266833333333333,8.70653150693819,9.487900629546964,-0.7813691226087744,-0.4662871578384076,-0.3150819647703669,-0.10502273153343741,-0.04234972644762995,26.728801215446012,9.8065,1.4868485747414029,12.780197149482806,6.832802850517194,0.606474715644278,0.10209465170123531,0.5715236091626102,0.07681768940357664,31.639583768386398,10.8292378558396,39.1552599747049,2.935010482180305,5.07190407885544,74664598.0,88022441.5,0.6919715057717221,0.12880258474009781,-1.2968354626811862,4025783.75,-0.9341457587435797,0.4512793316332503,0.06989247311827963,-0.2413195329628307,-0.27533643934351704,2.0,10.0,0.022636484687083902,1.0,1006.1,1034.81,0.028433710991850436,-0.06289279698621708,-0.16599369746205983,0.303925983084365,-0.03775461645123779,-0.10859940791356015,-0.11999478622316084,-0.14387755327268892,1.278649519245505,0.5684073178254553,0.0,0.0,0.0,0.0,0.0,0.0,0.0,0.0
2022-10-13,7.51,7.79,7.51,7.68,1428314,0.032258064516129004,0.022636484687083902,-0.048327137546468446,-0.08462455303933258,-0.22345803842264922,-0.26295585412667943,7.704000000000001,9.669500000000001,10.23,8.548603582793852,9.353982064395337,-0.8053784816014851,-0.5341054225910231,-0.27127305901046195,-0.10486698979186004,-0.035322012891987234,30.46597770561155,9.669500000000001,1.5521444418677857,12.773788883735573,6.56521111626443,0.6420784701867877,0.17955624065407202,0.5557004942224238,0.07235683518521144,33.42744309043027,10.342049254766252,37.393732839953394,8.463251670378618,3.7994207175196553,76092912.0,87745043.65,0.710946213612864,0.06829947375837019,-1.4550856804599113,4042479.55,-1.1152284460342776,0.3533262153422644,0.03645833333333337,-0.20575003878173648,-0.2492668621700881,3.0,10.0,-0.026615969581749055,0.0,1035.33,1050.99,0.01563572056706075,-0.02189814987157057,-0.15627859929675836,0.3131535127275907,0.016622343949068252,-0.06272640316776201,-0.10667725482992108,-0.12643658764730348,1.306370602874411,0.5826060010614953,0.0,0.0,0.0,0.0,0.0,0.0,0.0,0.0
2022-10-14,7.89,8.0,7.68,7.68,2640591,0.0,0.032258064516129004,0.022636484687083902,-0.017902813299232823,-0.19496855345911945,-0.2678741658722593,7.676,9.529,10.193166666666665,8.41497226236403,9.229983392958646,-0.8150111305946162,-0.5902865641917417,-0.22472456640287441,-0.10612124096284065,-0.029261011250374273,30.46597770561155,9.529,1.6003943592949699,12.72978871858994,6.32821128141006,0.6717995001762914,0.2111649404940183,0.5388647446351079,0.07016468029102968,34.44524347142242,12.6869981780881,35.80759475615015,8.463251670378618,6.62050460764586,76092912.0,87330706.8,0.7087243724824327,0.0899017835360023,-1.4286817276929553,4037570.1,-0.5952094156642578,0.654004991764725,0.041666666666666706,-0.19403924860950783,-0.2465540639971221,4.0,10.0,0.01822916666666674,1.0,1063.07,1061.85,0.01033311449205021,0.025040785396414522,-0.13952659173601945,0.31997802107716544,-0.01033311449205021,-0.042943598695647345,-0.12834757413623987,-0.14915925687370546,1.3153311169901507,0.5843691625400496,0.0,0.0,0.0,0.0,0.0,0.0,0.0,0.0
2022-10-17,7.68,7.86,7.54,7.82,2459207,0.01822916666666674,0.01822916666666674,0.051075268817204256,-0.030978934324659257,-0.11936936936936937,-0.2903811252268602,7.626,9.369,10.1615,8.323438068154179,9.125540178665412,-0.8021021105112336,-0.6326496734556402,-0.16945243705559343,-0.10257060236716542,-0.021669109597901973,32.78529810910817,9.369,1.6034433343014591,12.575886668602918,6.162113331397082,0.6845739499632656,0.2584885030136063,0.5232315485897431,0.06690940519050423,35.53826843346135,12.13277217515217,36.15455527826947,13.000000000000007,9.975501113585763,78552119.0,86599629.9,0.6780257066748956,0.04865604720134064,-1.3857365329409086,3720830.05,-0.6053628301616848,0.6609296761619091,0.04092071611253201,-0.1653324794535168,-0.23042857845790488,0.0,10.0,-0.026249999999999996,0.0,1053.46,1051.58,-0.009671799218345378,0.008729184252935118,-0.1276308039454801,0.3146322393313516,0.02790096588501212,-0.039708118577594376,-0.16275032128138012,-0.18656128852033516,1.3039032283029834,0.5785762835322483,0.0,0.0,0.0,0.0,0.0,0.0,0.0,0.0
2022-10-18,8.0,8.14,7.79,7.79,5447477,-0.0038363171355498826,0.01432291666666674,0.01432291666666674,0.037283621837550074,-0.08675263774912068,-0.29052823315118403,7.6819999999999995,9.2095,10.125333333333334,8.241370673053536,9.026611276542049,-0.7852406034885124,-0.6631678594622147,-0.12207274402629775,-0.10080110442728016,-0.015670442108638993,32.53486582274344,9.2095,1.5933859181662515,12.396271836332502,6.022728163667497,0.6920618570677024,0.27728245495704645,0.5108578665476187,0.06557867349776876,35.71300574259975,15.454010442632278,34.38524929094063,14.540059347181014,12.001103672519895,73104642.0,85745228.0,0.6779756161895045,0.049401461652958716,-1.3850756353431013,3844155.05,0.7595807197311008,1.4170804582921286,0.044929396662387745,-0.15413431782398612,-0.23064261258888596,1.0,10.0,0.0,0.0,1065.6,1063.66,0.01148747598851263,0.05710594315245476,-0.12738221226813684,0.31485022700635235,-0.015323793124062512,-0.01982232131490469,-0.1631460208830472,-0.18696160355280134,1.2853749214627999,0.579031270967747,0.0,0.0,0.0,0.0,0.0,0.0,0.0,0.0
2022-10-19,8.12,8.19,8.01,8.12,2372382,0.042362002567394086,0.038363171355498604,0.05729166666666652,0.09139784946236551,-0.09576837416481077,-0.2945264986967855,7.818,9.040000000000001,10.092333333333332,8.22269826181453,8.959454885687082,-0.7367566238725516,-0.6778856123442821,-0.05887101152826946,-0.09073357436854085,-0.007250124572446978,38.13305087185907,9.040000000000001,1.514122987426254,12.068245974852509,6.011754025147493,0.6699659236399353,0.34809688386611154,0.5029394475085031,0.061938355604495454,35.72859020472644,15.286196407008234,32.431861663675086,32.53968253968251,20.026580628954523,75477024.0,84591248.55,0.6708189610411963,0.022394944772432368,-1.415807572658669,3544577.5,-0.6357283264884274,0.6692989502980257,0.02216748768472903,-0.10176991150442494,-0.19542887340225257,2.0,10.0,0.0,0.0,1065.08,1060.07,-0.0033751386721322385,0.0244102782153246,-0.12430713312130848,0.3150549386059799,0.045737141239526324,0.06698757124704091,-0.170219365575477,-0.19438249643645578,1.2854225908460963,0.5697009188510589,0.0,0.0,0.0,0.0,0.0,0.0,0.0,0.0
2022-10-20,8.01,8.16,7.94,8.01,1030243,-0.013546798029556606,0.028241335044929317,0.024296675191815886,0.04296875,-0.045292014302741435,-0.31421232876712324,7.884,8.8565,10.053833333333333,8.189975452304603,8.889124894154705,-0.6991494418501016,-0.6821383782454461,-0.01701106360465554,-0.0872845745131213,-0.0021237282902191686,37.03002599533136,8.8565,1.395041123710003,11.646582247420007,6.066417752579994,0.6300643024716324,0.3483019630007752,0.48272948697218143,0.06026585355457945,35.84348571637171,14.788585085746107,32.411884552913385,30.73593073593074,25.938557540931438,74446781.0,83098814.6,0.6608068350526823,0.11224487065113746,-1.2976243787626107,3309147.3,-1.2321457582142308,0.31133186485835795,0.027465667915106087,-0.09557951786823249,-0.20328896109278383,3.0,10.0,-0.06866416978776524,0.0,1056.14,1058.45,-0.001528200967860549,0.0070980694392905885,-0.12863258417716306,0.31348603809573716,-0.012018597061696057,0.03587068056070941,-0.18557974458996018,-0.21297530894555683,1.2877469043262928,0.5733839626614874,0.0,0.0,0.0,0.0,0.0,0.0,0.0,0.0
2022-10-21,8.01,8.05,7.46,7.46,3379518,-0.06866416978776524,-0.08128078817733986,-0.042362002567394086,-0.02864583333333326,-0.04603580562659848,-0.34388742304309583,7.839999999999999,8.661,10.005,8.077671536565433,8.783263790883986,-0.7055922543185531,-0.6868291534600676,-0.018763100858485537,-0.09458341210704466,-0.0025151609729873376,32.03972022206581,8.661,1.2946200418005012,11.250240083601001,6.071759916398998,0.5979078821385526,0.26807867149775827,0.49039166647416854,0.06573614832093412,36.574347965431,13.517696383467527,36.6179960126722,8.791208791208803,24.022274022274033,71067263.0,81736613.8,0.6846444467245744,0.16865337506166728,-1.4337055538889507,3178914.15,0.11530883290407093,1.0631045195102233,0.07908847184986605,-0.13866759034753484,-0.2543728135932034,4.0,10.0,-0.07835325365205836,0.0,1059.03,1019.82,-0.036496764136236926,-0.03958186184489321,-0.15246659131706664,0.3308835713866958,-0.032167405651528314,0.010936028511559948,-0.1914208317260292,-0.22585638485153892,1.3423212429746756,0.6059277710357385,0.0,0.0,0.0,0.0,0.0,0.0,0.0,0.0
2022-10-24,7.53,7.53,6.94,6.94,3925534,-0.0697050938337801,-0.13358302122347054,-0.14532019704433485,-0.11253196930946285,-0.1400247831474597,-0.40069084628670115,7.664,8.428999999999998,9.947,7.902645146324597,8.646725732299986,-0.7440805859753894,-0.698279439963132,-0.04580114601225738,-0.10721622276302441,-0.006599588762573109,28.173870310622064,8.428999999999998,1.151876729515767,10.732753459031532,6.125246540968464,0.5466255686395857,0.17683173862146845,0.4975065474402994,0.07168682239773766,37.79197295081799,12.372637387721648,40.981956146737545,0.0,13.175713175713193,67141729.0,79841177.8,0.6905311589361229,0.3756348093099391,-1.3215633595567562,3038232.35,0.5766117196657253,1.292045356570573,0.085014409221902,-0.17665203464230617,-0.3023022016688448,0.0,10.0,0.010189228529839944,1.0,1021.25,986.15,-0.03301563020925269,-0.06222065843777935,-0.16025886660705913,0.3380975862537958,-0.03668946362452741,-0.0503113108716835,-0.24043197967964203,-0.28631678277826655,1.4165996707712973,0.6343348341816817,0.0,0.0,0.0,0.0,0.0,0.0,0.0,0.0
2022-10-25,6.87,7.23,6.49,6.94,2596649,0.0,-0.0697050938337801,-0.13358302122347054,-0.10911424903722722,-0.07589880159786944,-0.3912280701754386,7.494,8.206,9.891833333333333,7.75454589304389,8.52030160398147,-0.7657557109375794,-0.7117746941580215,-0.05398101677955791,-0.1103394396163659,-0.007778244492731687,28.173870310622064,8.206,0.9625973634965208,10.13119472699304,6.280805273006958,0.46921636046625426,0.17120209133925826,0.5148275083374209,0.07418263808896554,39.30479456101438,11.102343451730553,43.017777051213216,17.307692307692317,8.69963369963372,67141729.0,78072895.75,0.6953510840780054,0.31830988000289956,-1.4061220715545086,3040910.85,-0.2888645314580314,0.8539050067843982,0.10662824207492798,-0.1542773580307092,-0.2984111472426748,1.0,10.0,-0.015759312320916985,0.0,980.47,997.7,0.01171221416620205,-0.06201229716262724,-0.14473571416325193,0.34561338326761687,-0.01171221416620205,-0.04710195187459998,-0.24649235601218666,-0.28820606693640993,1.401309135781581,0.6330748453766887,0.0,0.0,0.0,0.0,0.0,0.0,0.0,0.0
2022-10-26,6.98,7.16,6.8,6.87,854903,-0.01008645533141217,-0.01008645533141217,-0.0790884718498659,-0.15394088669950734,-0.0766129032258065,-0.35371589840075257,7.244,8.018,9.833166666666667,7.618461909498676,8.398057040723582,-0.7795951312249061,-0.7253387815713984,-0.054256349653507674,-0.11347818504001544,-0.007897576368778409,27.652961167073315,8.018,0.8210237511789266,9.660047502357854,6.375952497642148,0.4095902974202676,0.15043642210363536,0.5037684005990337,0.07332873371164975,40.709557484768176,10.5356369427942,40.821983490972066,22.093023255813936,13.1335718545021,66286826.0,76585784.35,0.676837664048452,0.18614310289653324,-1.3432869950652926,2759740.2,-1.3776696376488882,0.309776623176341,0.052401746724890876,-0.14317784983786486,-0.3013440905778064,2.0,10.0,0.06986899563318771,1.0,1000.71,993.36,-0.004350005011526492,-0.0629298065222107,-0.13138979731029532,0.3427710122276268,-0.0057364503198856776,-0.09101108017729664,-0.22232610109045725,-0.2559561243950519,1.4278235586673178,0.6326984383350592,0.0,0.0,0.0,0.0,0.0,0.0,0.0,0.0
2022-10-27,6.87,7.35,6.87,7.35,1429793,0.06986899563318771,0.05907780979827071,0.05907780979827071,-0.08239700374531833,-0.04296875,-0.256825075834176,7.112,7.891,9.780166666666668,7.57716007726811,8.32042318585517,-0.7432631085870591,-0.7289236469745306,-0.014339461612528526,-0.10112423246082437,-0.0019509471581671464,36.34419377473443,7.891,0.7043765440369111,9.299753088073823,6.482246911926178,0.35705312078920853,0.30798622392384384,0.5020706576991028,0.0683089330202861,41.40682452430481,12.519264155084034,38.03430641587317,49.99999999999995,29.80023852116875,67716619.0,75494887.05,0.722709027101535,0.17113234364832947,-1.1376921894139125,2506505.4,-0.981594969175879,0.5704328424746262,0.06530612244897953,-0.0685591179825118,-0.24847906477394743,3.0,10.0,-0.012195121951219523,0.0,994.82,1028.01,0.034881613916404985,-0.028759034437148667,-0.08708162014794818,0.37133017231648774,0.03498738171678273,-0.053637969308169664,-0.16974345568622784,-0.18593497450860452,1.4836960082848998,0.6638376230105111,0.0,0.0,0.0,0.0,0.0,0.0,0.0,0.0
2022-10-28,7.38,7.6,7.24,7.29,1352271,-0.008163265306122436,0.06113537117903922,0.050432276657060404,-0.02278820375335122,-0.05078125,-0.23584905660377353,7.078,7.778500000000001,9.723833333333333,7.532981603842247,8.24409554245849,-0.7111139386162435,-0.7253617053028732,0.014247766686629748,-0.09754649363734479,0.001954426157288031,35.76580046756342,7.778500000000001,0.5989312850489856,8.976362570097972,6.58063742990203,0.30799320437050104,0.2960951397120425,0.49192275357773824,0.06747911571711086,41.297301561479145,15.494914985731205,36.046138527705146,47.058823529411775,39.7172822617419,66364348.0,74529559.85,0.7183387791941834,0.08048145131128341,-1.101902683851146,2380935.3,-0.9551853941598178,0.5679578945299354,0.04938271604938264,-0.06280131130680733,-0.250295665289752,4.0,10.0,-0.012345679012345623,0.0,1036.27,1027.36,-0.0006322895691677211,0.007393461591260975,-0.09252634461315601,0.3698711800786996,-0.007530975736954715,-0.030181665344612196,-0.14332271199061752,-0.1579359479361645,1.479423072589893,0.6615188039043568,0.0,0.0,0.0,0.0,0.0,0.0,0.0,0.0
2022-10-31,7.29,7.38,6.9,7.2,1115364,-0.012345679012345623,-0.020408163265306034,0.048034934497816595,0.03746397694524495,-0.07928388746803072,-0.18918918918918926,7.130000000000001,7.694500000000001,9.663666666666668,7.4817536647895935,8.16675513190601,-0.6850014671164164,-0.717289657665582,0.03228819054916554,-0.09513909265505784,0.004484470909606325,34.86938679487304,7.694500000000001,0.5523106963141817,8.799121392628365,6.589878607371637,0.2871197329594811,0.2761676519665371,0.49107112832218547,0.06820432337808131,41.59719560773329,14.413087532552847,38.47491870458562,41.764705882352956,46.274509803921575,65248984.0,73661224.8,0.6863437945018083,0.005483140100559519,-0.8673192308097615,2283943.15,-1.062240382961172,0.4883501588032084,0.0666666666666666,-0.06426668399506141,-0.2549411886447519,0.0,10.0,-0.019151846785225635,0.0,1028.24,1027.94,0.0005645538078182799,0.042376920346803404,-0.05384558742314349,0.3450917584451965,-0.012910232820163903,-0.004912943401558456,-0.13534360176604576,-0.1430459975316679,1.4717663441912407,0.6589031878880753,0.0,0.0,0.0,0.0,0.0,0.0,0.0,0.0
2022-11-01,7.31,7.38,7.16,7.17,1362585,-0.004166666666666652,-0.016460905349794275,-0.024489795918367308,0.033141210374639796,-0.07958921694480103,-0.1594372801875732,7.176,7.6265,9.603,7.433791562514271,8.09292141843149,-0.6591298559172198,-0.7056576973159095,0.04652784139868971,-0.09192885019765967,0.006489238688799122,34.55845987054059,7.6265,0.5271799353260904,8.680859870652181,6.572140129347819,0.2764990154467138,0.28351793694612587,0.4717089048706008,0.06578924754122745,41.87566865068357,13.932936801513168,37.19318359398042,40.0,42.94117647058826,63886399.0,72832936.35,0.6773358011738477,-0.1118581440296705,-0.7309043779307346,2243896.55,-0.7874928677647453,0.6072405610677551,0.030683403068340272,-0.059857077296269656,-0.253358325523274,1.0,11.0,-0.0013966480446927498,0.0,1034.77,1033.75,0.00565208086075053,0.036133106144131455,-0.041172760494926575,0.3457102662362204,-0.009818747527417182,-0.0029918957694916593,-0.11826451969264662,-0.12334288683088757,1.4644076066109246,0.6575049166208489,0.0,0.0,0.0,0.0,0.0,0.0,0.0,0.0
2022-11-02,7.16,7.29,7.13,7.15,899158,-0.002789400278939924,-0.00694444444444442,-0.019204389574759895,0.040756914119359555,-0.11945812807881762,-0.20378619153674837,7.231999999999999,7.534999999999999,9.540333333333333,7.39013132212746,8.023075387436565,-0.632944065309105,-0.6911149709145487,0.05817090560544369,-0.08852364549777691,0.008135790993768348,34.33862813642264,7.534999999999999,0.4296938934929757,8.39438778698595,6.675612213014048,0.22810558380516285,0.2760033329364193,0.44944398309412936,0.06285929833484326,42.17115080090164,13.578646679861867,36.724205814763124,38.82352941176473,40.19607843137258,62987241.0,71876212.95,0.6391231532534699,-0.10140875962195757,-0.43936130267771767,2205377.4,-1.1331830442785775,0.4077116234164729,0.022377622377622395,-0.05109489051094873,-0.2505502952377624,2.0,11.0,0.0516759776536313,1.0,1033.51,1023.19,-0.010215235792019328,0.030029395184022034,-0.0734156810895984,0.33259091253148954,0.007425835513079404,0.010727518935337521,-0.13037051044714998,-0.14070010444430636,1.4545624571393112,0.6543770412784756,0.0,0.0,0.0,0.0,0.0,0.0,0.0,0.0
2022-11-03,7.16,7.64,7.1,7.53,1990759,0.05314685314685308,0.05020920502092063,0.04583333333333339,0.02448979591836742,-0.059925093632958726,-0.1025029797377831,7.267999999999999,7.492,9.483333333333333,7.411649580261697,7.986551284663486,-0.574901704401789,-0.6678723176119967,0.09297061321020772,-0.07634816791524422,0.012346694981435287,41.90076764149189,7.492,0.3797589263008183,8.251517852601637,6.732482147398363,0.20275436535014338,0.5250158701799015,0.4559122700159773,0.06054611819601292,41.33570017022932,17.91336704047375,33.61723727150164,61.17647058823532,46.66666666666669,64978000.0,71141649.25,0.6423212102283306,-0.21692399714061905,-0.3272826789205003,2182293.6,-0.16624621790283853,0.9122324328862074,0.07171314741035857,0.0050720768820076145,-0.20597539543057986,3.0,11.0,-0.028455284552845517,0.0,1011.41,1019.81,-0.003303394286496286,-0.007976576103345345,-0.05091575773368573,0.32097428663100885,0.056450247433349365,0.032466372021712764,-0.05158722200409738,-0.05435473449744821,1.4538760198958443,0.6378572853313362,0.0,0.0,0.0,0.0,0.0,0.0,0.0,0.0
2022-11-04,7.38,7.6,7.16,7.17,1878281,-0.04780876494023911,0.002797202797202747,0.0,-0.016460905349794275,-0.03887399463806973,-0.0831202046035806,7.244,7.4595,9.419833333333335,7.374472721759897,7.926066004318042,-0.5515932825581453,-0.6446165106012265,0.09302322804308116,-0.07693072281145681,0.012973950912563622,37.495089968661624,7.4595,0.37802081535543874,8.215541630710877,6.703458369289123,0.2027057123696969,0.30854228904842546,0.4547756793005503,0.06342757033480478,40.55992458460503,16.67541267927389,31.294022132900576,40.0,46.66666666666669,63099719.0,70473553.1,0.6195687809276286,-0.15714166701826376,-0.20669159943558565,2115826.05,-0.21060082951238118,0.8877294047873171,0.061366806136680545,-0.03880957168711041,-0.23884003609405702,4.0,11.0,-0.07232267037552165,0.0,1008.23,997.15,-0.022219825261568293,-0.029405466438249372,-0.03741637787066454,0.3052894918254298,-0.02558893967867082,0.012944561088455098,-0.045703826732916064,-0.04748037020598217,1.4723231968675667,0.6465049868619273,0.0,0.0,0.0,0.0,0.0,0.0,0.0,0.0
2022-11-07,7.19,7.23,6.67,6.67,2168693,-0.06973500697350066,-0.11420982735723773,-0.06713286713286715,-0.07361111111111118,-0.0389048991354467,-0.17348203221809178,7.138,7.3895,9.352666666666666,7.266092303027605,7.8330240780722615,-0.5669317750446563,-0.6290795634899125,0.06214778844525615,-0.08499726762288701,0.009317509512032406,32.399634214587564,7.3895,0.3884987976678375,8.166497595335676,6.612502404664325,0.2102977455404764,0.03699985410561973,0.4622917022076539,0.06930910078075771,40.57118676827815,15.23256500542284,36.15726995661795,10.588235294117634,37.25490196078433,60931026.0,69588111.1,0.6467129994986953,-0.008930936319653504,-0.406366274163954,2115349.5,0.04729394149111563,1.0252173458806688,0.08395802098950532,-0.09736788686649978,-0.28683441442725777,0.0,11.0,0.028037383177569986,1.0,989.74,975.19,-0.02202276487990762,-0.0513162246823744,-0.06454800092088098,0.31187629758723334,-0.04771224209359304,-0.022294886428736782,-0.1089340312972108,-0.11645069058000623,1.5178921575314268,0.6582747105769812,0.0,0.0,0.0,0.0,0.0,0.0,0.0,0.0
2022-11-08,6.42,6.66,6.39,6.6,1200452,-0.010494752623688153,-0.07949790794979084,-0.12350597609561764,-0.07949790794979084,-0.04899135446685887,-0.12117177097203735,7.023999999999999,7.343999999999999,9.2825,7.163616564100281,7.74168896117802,-0.5780723970777384,-0.6188781302074777,0.04080573312973934,-0.08758672682996037,0.006182686837839294,31.74912549650641,7.343999999999999,0.42519840570068645,8.194396811401372,6.493603188598627,0.23158954558860914,0.06255715565656998,0.4492708663356787,0.06807134338419375,40.93363366322101,14.55446339025861,38.99932960602691,11.864406779661012,20.81754735792623,59730574.0,68750572.25,0.6058876255274462,-0.033272396428559184,0.02848998546932043,2067446.35,-0.7564200404629577,0.580644813346668,0.04090909090909098,-0.10130718954248363,-0.2889846485321843,1.0,11.0,-0.0060240963855421326,0.0,960.93,981.65,0.006624350126641865,-0.05039903264812573,-0.02439872788710007,0.29000829514581294,-0.017119102750330017,-0.029098875301665106,-0.09677304308493728,-0.0991932317547638,1.5044803061788303,0.6529249618904023,0.0,0.0,0.0,0.0,0.0,0.0,0.0,0.0
2022-11-09,6.64,6.84,6.57,6.6,807200,0.0,-0.010494752623688153,-0.07949790794979084,-0.07692307692307698,-0.039301310043668214,-0.11290322580645173,6.914,7.302,9.211166666666667,7.076906323469469,7.657119408498167,-0.5802130850286975,-0.6111451211717217,0.0309320361430242,-0.08791107348919659,0.004686672142882454,31.749125496506423,7.302,0.45561525781932694,8.213230515638653,6.390769484361345,0.24958381693745654,0.11480657860322585,0.4364658044545588,0.06613118249311498,40.70408333432899,16.8570975323395,37.27610198901772,12.650602409638545,11.701081494472412,59730574.0,68003871.05,0.6060603064333315,-0.07368943631545158,0.027674503362880007,2016968.7,-1.025621186289103,0.4002045247405178,0.040909090909090846,-0.09613804437140505,-0.28347838674073145,2.0,11.0,-0.04806201550387601,0.0,983.62,985.59,0.004013650486425879,-0.03674781809830041,-0.0475642871638271,0.26926474548080764,-0.004013650486425879,-0.04017525882477657,-0.06533893864262463,-0.0686019410675579,1.507739926083119,0.6523022717186919,0.0,0.0,0.0,0.0,0.0,0.0,0.0,0.0
2022-11-10,6.45,6.64,6.14,6.14,2231365,-0.0696969696969697,-0.0696969696969697,-0.07946026986506749,-0.18459495351925637,-0.1646258503401361,-0.20052083333333337,6.636,7.225,9.129333333333333,6.93276688908955,7.544740193053858,-0.6119733039643078,-0.6113107577302389,-0.000662546234068917,-0.09966991921242799,-0.00010790655277995391,27.53567496720953,7.225,0.5146741432052746,8.254348286410549,6.19565171358945,0.28494070212056727,-0.02703249926393447,0.4410039612792332,0.07182474939401193,41.03722727298816,15.491941546354244,41.221960456207604,0.0,8.171669729766533,57499209.0,67074185.9,0.6299040881627703,0.06532716914358608,-0.13323225105011047,2057121.25,0.14865956599338973,1.0847027125892554,0.08143322475570033,-0.1501730103806228,-0.327442675624361,3.0,11.0,-0.07305194805194803,0.0,974.76,947.24,-0.03891070323359613,-0.07116031417616997,-0.09871644830112558,0.2899073947697657,-0.03078626646337357,-0.1134346393430864,-0.10180438503220779,-0.11295489065601116,1.5233759583941857,0.6713698546777986,0.0,0.0,0.0,0.0,0.0,0.0,0.0,0.0
2022-11-11,6.16,6.28,5.71,5.71,2872212,-0.0700325732899022,-0.13484848484848477,-0.13484848484848477,-0.203626220362622,-0.21673525377229086,-0.25651041666666663,6.343999999999999,7.1265,9.042000000000002,6.744648906152697,7.408833512086906,-0.6641846059342091,-0.621885527371033,-0.04229907856317616,-0.11631954569775992,-0.007407894669557997,24.290501475265074,7.1265,0.6038061295690289,8.334112259138058,5.918887740861942,0.3389075308041978,-0.08648791832033796,0.4502179640450023,0.07884727916725084,41.802369987998,14.090968273941169,44.31625257017641,0.0,4.216867469879529,54626997.0,66000890.15,0.6628040569510889,0.1648043633551756,-0.4496009799656109,2068702.3,0.6813504914354129,1.388412436144147,0.09982486865148867,-0.1987651722444398,-0.36850254368502555,4.0,11.0,-0.01298701298701288,0.0,954.95,954.53,0.007696043241417039,-0.042741814170385584,-0.10106888920280632,0.2882007767868887,-0.07772861653131924,-0.16088440619223643,-0.1554415274638603,-0.17291817537164889,1.4629011634539724,0.6330864027917039,0.0,0.0,0.0,0.0,0.0,0.0,0.0,0.0
2022-11-14,5.39,5.43,5.32,5.32,1316590,-0.06830122591943955,-0.13355048859934848,-0.19393939393939386,-0.20239880059970006,-0.26111111111111107,-0.31969309462915596,6.074,7.0015,8.9505,6.525472151359974,7.254105103784172,-0.7286329524241983,-0.6432350123816661,-0.0853979400425322,-0.13696108128274403,-0.01605224436889703,21.783002473292,7.0015,0.703265129311218,8.408030258622436,5.5949697413775645,0.40177969252943957,-0.0977475385587763,0.4459166808989307,0.083818924981002,42.865790385299064,13.210682487342355,47.79490715615554,0.0,0.0,53310407.0,64738804.55,0.6782080215199957,0.34687983683751816,-0.4646506676663145,2011571.45,-0.5854803422931284,0.6545081955701847,0.0206766917293232,-0.2401628222523745,-0.40561979777666046,0.0,11.0,0.0,0.0,939.94,941.04,-0.014132609766062898,-0.0350188168459481,-0.10511801289488198,0.28955970533985026,-0.05416861615337665,-0.16737998375375196,-0.21457508173427398,-0.23978031162344626,1.490659098513886,0.6341596964542109,0.0,0.0,0.0,0.0,0.0,0.0,0.0,0.0
2022-11-15,4.95,5.23,4.95,4.95,740321,-0.06954887218045114,-0.13309982486865146,-0.19381107491856675,-0.2499999999999999,-0.309623430962343,-0.3645699614890886,5.744,6.8595,8.8575,6.283091820381516,7.083430651652011,-0.8003388312704951,-0.674655776159432,-0.12568305511106315,-0.1616846123778778,-0.02539051618405316,19.704755577335533,6.8595,0.8137209854152199,8.48694197083044,5.2320580291695595,0.4745074628851783,-0.08665686218772908,0.4404940608347214,0.08898869915852958,44.14625903965312,12.418073694671467,50.92708565260166,0.0,0.0,52570086.0,63712076.75,0.6995266871440468,0.4705882535084873,-0.5627356216669912,1776213.65,-1.1478475617276782,0.4167972698554591,0.05656565656565661,-0.27837305926087896,-0.4411515664690939,1.0,11.0,0.14750542299349223,1.0,926.08,911.9,-0.03096574003230468,-0.071053837925941,-0.14267717127653579,0.2959057693737674,-0.03858313214814646,-0.1789461620740589,-0.22189279021255282,-0.25882057817467263,1.5232167301088804,0.6498059025757886,0.0,0.0,0.0,0.0,0.0,0.0,0.0,0.0
2022-11-16,4.61,5.29,4.61,5.29,7234079,0.06868686868686869,-0.005639097744360999,-0.0735551663747811,-0.1984848484848485,-0.2601398601398601,-0.3485221674876846,5.482,6.718000000000001,8.777333333333333,6.130308463399745,6.950583936714826,-0.820275473315081,-0.7037797155905618,-0.11649575772451914,-0.15506152614651814,-0.02202188236758396,26.631817017404273,6.718000000000001,0.8289092388890569,8.375818477778115,5.060181522221887,0.49354524494733953,0.06931352281889343,0.4576016279179556,0.08650314327371561,45.57526740008272,11.099976155989603,50.82868155653273,22.44224422442244,7.480748074807494,59804165.0,62928433.8,0.7366506044900013,0.5851550765028461,-0.4364482338041221,2019298.5,3.437521525000248,3.582471338437581,0.12854442344045364,-0.21256326287585603,-0.39731125626614006,2.0,11.0,-0.019748653500897717,0.0,876.0,942.9,0.03399495558723542,-0.04331415700240471,-0.11053043666927653,0.3305246481586242,0.034691913099633265,-0.15517069148244378,-0.23799173081840808,-0.26756590740128305,1.5640260730845736,0.6773167927326812,0.0,0.0,0.0,0.0,0.0,0.0,0.0,0.0
2022-11-17,5.57,5.61,5.35,5.46,1374561,0.032136105860113506,0.10303030303030303,0.02631578947368407,-0.11074918566775238,-0.2749003984063745,-0.31835205992509363,5.346000000000001,6.5905000000000005,8.688833333333333,6.027184084415168,6.840170311772987,-0.8129862273578183,-0.7256210179440132,-0.0873652094138051,-0.14889857643916088,-0.01600095410509251,29.888698335971398,6.5905000000000005,0.8157300572589126,8.221960114517826,4.959039885482175,0.49509448889092633,0.15353121723906882,0.44777294020953023,0.08200969600907147,45.965133106925926,15.63799166013128,48.23406644862952,28.052805280528048,16.831683168316843,61178726.0,62265031.05,0.7595882839879963,0.45071153972360745,-0.8165608028934169,2036514.4,-0.4392162890698512,0.6749576629558819,0.04761904761904774,-0.1715347849176846,-0.3716072353403794,3.0,11.0,0.08163265306122458,1.0,952.91,969.26,0.027956305016438643,0.023246484523457678,-0.08426472672303842,0.3512981037233477,0.0041798008436748635,-0.13399567019121006,-0.23408733320205521,-0.25562773438263764,1.5112033866584058,0.6851978859720825,0.0,0.0,0.0,0.0,0.0,0.0,0.0,0.0
2022-11-18,5.39,5.83,5.09,5.83,3995489,0.06776556776556775,0.10207939508506625,0.1777777777777778,0.021015761821365997,-0.1868898186889818,-0.2184986595174263,5.37,6.509,8.608833333333333,5.996848071428219,6.765342881271284,-0.7684948098430651,-0.7341957763238236,-0.03429903351924146,-0.13181729156827873,-0.005883196143952224,36.49611853243993,6.509,0.8056504400661507,8.120300880132302,4.897699119867699,0.49509936399824894,0.2893006798506035,0.46864630162313525,0.08038530044993744,46.55575222432844,13.874231749265567,46.75667917102746,40.26402640264026,30.25302530253026,65174215.0,61970378.65,0.7922943797018862,0.2957362525864577,-1.0439777811155586,2067312.95,1.2505150072316868,1.9326967404717317,0.12692967409948547,-0.10431709940082967,-0.32278860859969405,4.0,11.0,0.0372250423011844,1.0,967.18,969.33,7.222004415741168e-05,0.015505012938304752,-0.04950873683591228,0.3299859949142692,0.06769334772141034,0.005510748883061245,-0.16898992268151403,-0.1777921893978951,1.5367051132456813,0.6737732535844194,0.0,0.0,0.0,0.0,0.0,0.0,0.0,0.0
2022-11-21,5.91,6.16,5.91,6.13,2045429,0.05145797598627788,0.12271062271062272,0.1587901701323251,0.1522556390977443,-0.08095952023988007,-0.1167146974063401,5.532,6.468500000000001,8.533166666666666,6.0173329835161855,6.718280445621559,-0.7009474621053737,-0.7275461134801336,0.02659865137475992,-0.11434705743970208,0.004339094840907001,41.324534259954056,6.468500000000001,0.8031993591420181,8.074898718284036,4.862101281715964,0.4966835335190649,0.39464010517837445,0.4587429943643399,0.07483572501865252,46.200700033157986,18.299601552012373,44.35419730894641,50.16501650165016,39.493949394939506,67219644.0,61974274.4,0.7900822394943171,0.10195778460007603,-1.1589036044150285,1973307.7,0.04877449672125133,1.0365484308402588,0.040783034257748776,-0.05233052485120204,-0.2816265942694193,0.0,11.0,-0.034257748776509,0.0,971.58,960.65,-0.008954638771110024,0.02083864660375756,-0.02585813517213409,0.31080574518155846,0.060412614757387906,0.13141699249398675,-0.09085656223420602,-0.09326830671655884,1.5273562475760718,0.6551093385676917,0.0,0.0,0.0,0.0,0.0,0.0,0.0,0.0
2022-11-22,6.13,6.42,5.83,5.92,3697062,-0.034257748776509,0.015437392795883298,0.08424908424908417,0.1959595959595959,-0.10303030303030303,-0.1469740634005764,5.726000000000001,6.4174999999999995,8.458166666666665,6.002358678359849,6.659148560760703,-0.6567898824008536,-0.7133948672642777,0.056604984863424135,-0.11094423689203607,0.009561652848551374,39.08431945689931,6.4174999999999995,0.8040677832122302,8.02563556642446,4.809364433575539,0.5011719723956247,0.34531776723707913,0.46811849476688705,0.07907407006197416,45.213067219868265,20.61941026562872,40.36116430176335,43.23432343234323,44.55445544554456,63522582.0,61793317.05,0.7965354281611962,0.20169081425799937,-1.2023492836022538,2028328.35,1.0957641988511728,1.8227137632819657,0.09966216216216214,-0.07752239968835206,-0.3000847307336104,1.0,11.0,-0.06260575296108295,0.0,953.78,952.12,-0.008879404569822502,0.04410571334576163,-0.045685075674050335,0.30810677663558633,-0.0253783442066865,0.15185388261383426,-0.10128898772652606,-0.10613790599373507,1.5315686088358196,0.6557834937143197,0.0,0.0,0.0,0.0,0.0,0.0,0.0,0.0
2022-11-23,5.91,5.98,5.54,5.54,1703034,-0.06418918918918914,-0.09624796084828713,-0.04974271012006859,0.047258979206049156,-0.16060606060606053,-0.19359534206695783,5.776,6.351,8.376833333333334,5.9312265739967955,6.576248667371021,-0.6450220933742257,-0.6997203124862673,0.054698219112041646,-0.11642998075347033,0.009873324749466,35.34993287616152,6.351,0.8195242522340791,7.990048504468158,4.711951495531842,0.5161544652710306,0.252600366069351,0.4661100308549666,0.0841353846308604,44.64609919127215,19.229097752594697,42.08379368769934,31.103678929765884,41.50100628791977,61819548.0,61569953.15,0.8223041332913422,0.27771071787043705,-1.3231438370527666,2070734.9,-0.24511131953338308,0.8224297567013528,0.07942238267148022,-0.12769642575972284,-0.3386522353315693,2.0,11.0,0.012727272727272698,1.0,947.81,946.0,-0.006427761206570626,0.0032877293456359258,-0.047676572441008314,0.3083911057342319,-0.05776142798261852,0.04397124986041323,-0.14591876962594952,-0.15322396299749808,1.539980286766839,0.6497022913338372,0.0,0.0,0.0,0.0,0.0,0.0,0.0,0.0
2022-11-24,5.5,5.65,5.31,5.57,1553433,0.005415162454873723,-0.0591216216216216,-0.09135399673735722,0.020146520146520297,-0.0928338762214983,-0.2421768707482992,5.798,6.262,8.2965,5.8756532549203655,6.5017117290472415,-0.626058474126876,-0.6849879448143891,0.058929470687513086,-0.11239828978938526,0.010579797250900014,35.87088082897321,6.262,0.8017848510468646,7.865569702093729,4.65843029790627,0.5121589594678152,0.28423139352892574,0.45710217150818333,0.08206502181475463,44.38082490328796,18.207461008995843,43.4419630248748,36.6412213740458,36.99307457871832,63372981.0,61352771.25,0.7700391127380719,0.30623115745436624,-1.1084036203034744,2076916.9,-0.3495460446075195,0.7479514466852285,0.06104129263913837,-0.11050782497604583,-0.32863255589706497,3.0,11.0,0.03658536585365857,1.0,942.86,947.71,0.0018076109936575602,-0.02223345645131336,-0.07811208062178376,0.27622853054255786,0.003607551461216163,0.04237997659783366,-0.16406479012651543,-0.17796609184028778,1.5486338748824613,0.6512160835102812,0.0,0.0,0.0,0.0,0.0,0.0,0.0,0.0
2022-11-25,5.74,5.95,5.69,5.95,1515300,0.06822262118491929,0.07400722021660644,0.0050675675675675436,0.020583190394511064,0.042031523642731994,-0.1838134430727023,5.822,6.195,8.220833333333333,5.887091215701847,6.46084419356226,-0.5737529778604129,-0.6627409514235939,0.088987973563181,-0.09642907190931309,0.014955961943391764,42.221797408004186,6.195,0.7665747465871031,7.7281494931742065,4.661850506825794,0.49496351676326267,0.4200991158752705,0.4515948735433131,0.0758982980745064,43.372534681481426,21.85819915139351,40.8309081492123,60.089686098654724,42.61152880082215,64888281.0,61278967.9,0.8219257876735305,0.22824580829447816,-1.364649484745142,2085068.35,-0.3813970971612104,0.7267387661416471,0.0436974789915966,-0.039548022598870025,-0.276229092752154,4.0,11.0,0.03752039151712894,1.0,956.62,971.46,0.025060408774836285,0.002197394076320691,-0.054411306650054336,0.294713976860552,0.043162212410083,0.018385796318190373,-0.12940213642264797,-0.13684822728179402,1.5936059371767621,0.6676993780797169,0.0,0.0,0.0,0.0,0.0,0.0,0.0,0.0
2022-11-28,6.13,6.36,6.13,6.36,3582620,0.06890756302521006,0.14183123877917425,0.1480144404332131,0.03752039151712894,0.19548872180451138,-0.1166666666666667,5.868,6.1530000000000005,8.149666666666667,5.959846413286178,6.4533742532983895,-0.49352784001221117,-0.6288983291413174,0.1353704891291062,-0.07759871698305207,0.021284668102060724,48.184286033021024,6.1530000000000005,0.7307897674504907,7.614579534900982,4.691420465099019,0.475078672160241,0.5708137994057312,0.4486238111473622,0.07053833508606323,41.50359840293102,26.959217859185145,38.165507249010645,78.47533632286998,58.40208126519018,68470901.0,61440063.75,0.8666971098985501,0.11495116641074228,-1.5713931549826183,2208431.15,0.9092306344701571,1.6222466342226698,0.036163522012578685,0.03364212579229631,-0.21959998363941258,0.0,11.0,-0.004566210045662156,0.0,979.68,1005.69,0.03523562472978825,0.04688492166762104,-0.021645232211996768,0.3239446389483633,0.03367193829542181,-0.0093645301504921,-0.09502143445466993,-0.0971236994832736,1.61886443667729,0.6880086999291924,0.0,0.0,0.0,0.0,0.0,0.0,0.0,0.0
2022-11-29,6.57,6.64,6.13,6.54,3218767,0.028301886792452713,0.09915966386554609,0.17414721723518856,0.10472972972972983,0.3212121212121213,-0.08786610878661083,5.992,6.121499999999999,8.079166666666667,6.049100811242151,6.459790975276286,-0.4106901640341354,-0.585256696119881,0.17456653208574557,-0.06279666116729898,0.0266921302883403,50.59479935134964,6.121499999999999,0.697463637988106,7.516427275976211,4.726572724023788,0.4557468842526217,0.6500078201951861,0.45300782463683636,0.06926725147352238,39.193350066508664,29.206230275304637,35.09643243105839,95.07389162561579,77.87963801571351,71689668.0,61830227.2,0.8746207518679341,0.026248205506196377,-1.6433408977452164,2301240.25,0.6061522102438743,1.3987096740551102,0.07798165137614675,0.06836559666748365,-0.190510572460031,1.0,11.0,0.0015220700152207556,1.0,1008.85,1032.16,0.026320237846652494,0.08406503381926655,-0.0015380894800482992,0.3375091982134492,0.0019816489458002184,0.02066469591046327,-0.08632801930656253,-0.08646100406735291,1.5990188485511208,0.6912009583669314,0.0,0.0,0.0,0.0,0.0,0.0,0.0,0.0
2022-11-30,6.57,6.64,6.28,6.58,3074491,0.006116207951070374,0.03459119496855334,0.10588235294117654,0.18772563176895307,0.24385633270321372,-0.07972027972027973,6.2,6.093,8.015666666666666,6.130777609512589,6.468695347478043,-0.3379177379654541,-0.5357889044889956,0.19787116652354153,-0.05135527932605685,0.03007160585464157,51.13878133076031,6.093,0.664071175639782,7.421142351279564,4.764857648720436,0.4359567868962955,0.6833387812423919,0.446364408591348,0.06783653626008329,37.04811946840219,27.5237095915734,33.074587333837414,97.04433497536948,90.19785430795177,74764159.0,62419073.1,0.8752392536863393,-0.0004519281720645418,-1.6491559371180633,2410006.9,0.4473033238274402,1.2757187541662225,0.05471124620060781,0.07992778598391603,-0.17910758098723334,2.0,11.0,-0.030927835051546393,0.0,1037.44,1048.42,0.0157533715702991,0.10826638477801276,0.024658176878194604,0.33952618246875194,-0.009637163619228728,0.07945924699094031,-0.10437845659847433,-0.10186661166993471,1.5949984449567152,0.687939128532901,0.0,0.0,0.0,0.0,0.0,0.0,0.0,0.0
2022-12-01,6.79,7.0,6.42,6.58,4308205,0.0,0.006116207951070374,0.03459119496855334,0.18132854578096946,0.20512820512820507,-0.12616201859229748,6.401999999999999,6.0455000000000005,7.956999999999999,6.199888746510652,6.476940136553743,-0.2770513900430913,-0.4840414015998148,0.20699001155672347,-0.042105074474633936,0.03145744856485159,51.13878133076032,6.0455000000000005,0.5851628203462687,7.215825640692538,4.875174359307463,0.3871724888570134,0.7283552463584881,0.4559098079776803,0.06928720485982984,34.471657202689755,30.66284057228896,30.069096160246588,82.42677824267783,91.51500161455438,74764159.0,62908381.05,0.8502397766001953,0.09876011584786822,-1.4982959002088665,2525879.2,1.1569969405213154,1.7056259064170605,0.08814589665653497,0.0884128690761723,-0.1730551715470654,3.0,12.0,0.051162790697674376,1.0,1057.97,1036.28,-0.011579328894908647,0.0934568591657785,0.016150067169374616,0.34231773719527714,0.011579328894908647,0.08787168661519096,-0.1423120857616721,-0.14005026458159076,1.5836853110604872,0.6852794862401463,0.0,0.0,0.0,0.0,0.0,0.0,0.0,0.0
2022-12-02,6.45,6.83,6.35,6.78,3449922,0.03039513677811545,0.03039513677811545,0.03669724770642202,0.13949579831932768,0.16295025728988,-0.05439330543933052,6.5680000000000005,6.026000000000001,7.898,6.28913663166286,6.49938901532754,-0.21025238366468013,-0.42928359801278787,0.21903121434810774,-0.03101067605673748,0.0323054888419038,54.07126562419449,6.026000000000001,0.5512321127302655,7.128464225460531,4.92353577453947,0.3659024976636344,0.8419612095281516,0.4576305359792746,0.06749712920048298,32.077155321908826,28.365578242972898,28.908901640788372,90.79497907949792,90.08869743251508,78214081.0,63664099.15,0.8437381358094024,-0.09703469137336034,-1.458626412893678,2604461.25,0.5469480352807504,1.3246202069621884,0.0707964601769912,0.12512446067042804,-0.14155482400607744,4.0,12.0,-0.0014265335235377208,0.0,1032.67,1080.01,0.042199019570000385,0.1117390319724949,0.08309682595396883,0.3602125477485882,-0.011803882791884934,0.027756766346832773,-0.13749013139329935,-0.12694168065002032,1.51493799362745,0.6806291615207954,0.0,0.0,0.0,0.0,0.0,0.0,0.0,0.0
2022-12-05,7.01,7.18,6.8,7.0,4163082,0.032448377581120846,0.06382978723404253,0.06382978723404253,0.10062893081761004,0.1419249592169658,0.0494752623688155,6.696000000000001,6.0424999999999995,7.843833333333333,6.398500226791651,6.536471310488463,-0.13797108369681244,-0.3710210951495928,0.23305001145278037,-0.019710154813830347,0.03329285877896863,57.11989485966148,6.0424999999999995,0.5759100350062174,7.194320070012434,4.890679929987565,0.38123957633841454,0.9156465167296761,0.45351406912361214,0.06478772416051602,30.38984111953869,32.09105231836065,27.087638146351754,92.99610894941635,88.73928875719737,82377163.0,64736406.0,0.8113853817469077,-0.2869395596049122,-1.2633745717548885,2704180.7,0.9232760036563983,1.5394984514163568,0.05428571428571427,0.15846090194455953,-0.10757920234579177,0.0,12.0,-0.06866952789699576,0.0,1090.97,1093.67,0.01264803103674983,0.08748222613330148,0.12149427291091985,0.34748054153055885,0.019800346544371017,0.013146704684308563,-0.07201901054210436,-0.06421701142991465,1.525400402249535,0.6841338632501917,0.0,0.0,0.0,0.0,0.0,0.0,0.0,0.0
2022-12-06,6.99,6.99,6.51,6.51,4648191,-0.07000000000000006,-0.039823008849557584,-0.010638297872340496,-0.004587155963302836,0.09966216216216206,-0.013636363636363669,6.69,6.038,7.779166666666667,6.415654038054473,6.534510472674503,-0.11885643462002982,-0.3205881630436802,0.2017317284236504,-0.01825751683871426,0.03098797671638255,49.274723868208916,6.038,0.5716605544145003,7.1813211088290005,4.894678891171,0.3787085488005963,0.7064162011682904,0.45612020704335415,0.07006454793292691,28.228561404000157,29.628572441787536,29.550500389592568,67.94258373205741,83.9112239203239,77728972.0,65636325.9,0.8516538761896033,-0.21339811720626314,-1.4915923009813883,2876567.65,1.110426714792697,1.6158809962282654,0.07373271889400929,0.07817157999337532,-0.16314943760042855,1.0,12.0,-0.012820512820512886,0.0,1088.9,1048.69,-0.041127579617252,0.01601495892109739,0.06829317985025218,0.38555585819434296,-0.028872420382748065,-0.020602114884400224,-0.08192954348661585,-0.07669200274975108,1.531853615635501,0.6975981549141991,0.0,0.0,0.0,0.0,0.0,0.0,0.0,0.0
2022-12-07,6.24,6.5,6.11,6.16,2783112,-0.053763440860215006,-0.12,-0.09144542772861353,-0.06382978723404253,0.11191335740072206,-0.06666666666666654,6.606,6.016,7.708166666666667,6.376322647584554,6.506768956180095,-0.13044630859554118,-0.2825597921540524,0.15211348355851123,-0.021176348797977463,0.02469374733092715,44.56627363300558,6.016,0.5571770955354161,7.130354191070833,4.9016458089291675,0.3704634943719523,0.5646114140162313,0.45211162082597167,0.07339474364057981,26.934679359400814,27.756179425993377,34.00259308814859,51.19617224880385,70.71162164342589,74945860.0,66397090.2,0.8733388110052684,-0.0915930705463988,-1.6599552857581734,2975363.25,-0.12648538770277784,0.9353856205624641,0.06331168831168826,0.02393617021276606,-0.20084758589374907,2.0,12.0,0.0,0.0,1046.72,1041.02,-0.007313886849307338,-0.007058240018313344,0.05624042451729405,0.3874822092714,-0.04644955401090767,-0.05677154721572919,-0.12290709118396059,-0.1163627980250137,1.5411672169282902,0.6960752092513731,0.0,0.0,0.0,0.0,0.0,0.0,0.0,0.0
2022-12-08,6.35,6.57,6.26,6.35,2167397,0.030844155844155674,-0.02457757296466978,-0.09285714285714286,-0.0349544072948329,0.1400359066427288,0.03420195439739415,6.56,6.0265,7.640333333333333,6.372273009494623,6.495156440907495,-0.12288343141287239,-0.2506245200058164,0.12774108859294403,-0.01935172148234211,0.020116706865030556,47.499128280409224,6.0265,0.5615980488043576,7.149696097608715,4.903303902391285,0.37275237620798635,0.6440086912199618,0.44910364790983087,0.07072498392280802,25.58440810141647,27.05954838817229,31.785309325731117,55.61497326203208,58.25124308096446,77113257.0,67377792.6,0.8423376381494503,-0.2835541785099546,-1.4897639775723728,2972164.85,-0.5288740359504283,0.7292317584605039,0.04881889763779536,0.05367958184684296,-0.1688844291261289,3.0,12.0,0.055987558320373276,1.0,1055.21,1050.53,0.00913527117634616,0.013751109738680656,0.10904311473333039,0.35466212020588156,0.021708884667809514,-0.04870551703351356,-0.07484116033593624,-0.06748264277708604,1.5512706473402667,0.6979923040006337,0.0,0.0,0.0,0.0,0.0,0.0,0.0,0.0
2022-12-09,6.43,6.79,6.3,6.79,4605093,0.06929133858267722,0.10227272727272729,0.043010752688172005,0.001474926253687281,0.14117647058823524,0.1891418563922942,6.561999999999999,6.0805,7.578666666666667,6.436538700341604,6.516996704543977,-0.08045800420237281,-0.21659121684512772,0.1361332126427549,-0.011849485154988633,0.020049074026915303,53.618975278671684,6.0805,0.5811465527638321,7.242793105527664,4.918206894472336,0.38230181910292377,0.8052156106862123,0.4520248159162715,0.06657213783744795,23.86618951791385,28.440765427278805,29.324192618796484,79.144385026738,61.985176845857985,81718350.0,68732360.25,0.8270981559233358,-0.4664452233998841,-1.2643884514538808,3058808.9,0.9884155964571866,1.5055183735080673,0.07216494845360828,0.11668448318394864,-0.10406403940886699,4.0,12.0,-0.042313117066290484,0.0,1056.85,1051.81,0.0012184326006872137,-0.026110869343802467,0.10191403098907315,0.3548572468975686,0.06807290598199,0.02758579559748975,0.08722782540322105,0.07916028197310987,1.5681507689709182,0.6898606110836759,0.0,0.0,0.0,0.0,0.0,0.0,0.0,0.0
2022-12-12,7.09,7.23,6.72,6.79,4380500,0.0,0.06929133858267722,0.10227272727272729,-0.030000000000000027,0.0676100628930818,0.27631578947368407,6.519999999999999,6.154,7.508166666666666,6.490917361827511,6.537219170874052,-0.046301809046541464,-0.1825333352854105,0.13623152623886903,-0.006819117679903014,0.02006355320160074,53.618975278671684,6.154,0.5727992208167159,7.299598441633432,5.008401558366568,0.3723101857762209,0.777584176482106,0.4561659004936808,0.06718201774575563,22.884393523712053,33.05926208765217,26.982416426751165,77.08333333333333,70.61423054070114,81718350.0,70152757.4,0.7752502661335031,-0.5594231550773163,-0.9162131428752861,3212004.4,0.7614569699638633,1.3637901616822194,0.07511045655375562,0.10334741631459221,-0.09565140180692122,0.0,12.0,0.0,0.0,1059.55,1032.07,-0.01876764814938059,-0.05632411970704154,0.09673340134319464,0.3585514522210278,0.01876764814938059,0.026324119707041516,0.17958238813048943,0.16374297337032928,1.6213894677078424,0.7198948331936696,0.0,0.0,0.0,0.0,0.0,0.0,0.0,0.0
2022-12-13,6.79,6.9,6.42,6.79,2482656,0.0,0.0,0.06929133858267722,0.043010752688172005,0.03822629969418956,0.37171717171717167,6.5760000000000005,6.2459999999999996,7.4383333333333335,6.536930075392509,6.555943676735233,-0.01901360134272423,-0.14982938849687324,0.13081578715414902,-0.0028002358383982665,0.019265948034484393,53.618975278671684,6.2459999999999996,0.5139875075277194,7.273975015055438,5.218024984944561,0.32916266892585283,0.7645978705867004,0.4578683361727036,0.0674327446498827,21.36148463396201,30.58374603885019,29.642014451568638,77.08333333333333,77.77035056446823,81718350.0,71610170.6,0.7133780419102072,-0.6100846119180222,-0.5354002208442763,3299121.15,-0.569782561120743,0.7525204098673369,0.07069219440353468,0.08709574127441577,-0.08716110239749053,1.0,12.0,-0.0199714693295292,0.0,1035.76,1047.45,0.014902089974517363,-0.00118242760014875,0.14864568483386353,0.3338669299128584,-0.014902089974517363,0.044193180288320755,0.22307148688330813,0.19420391320720665,1.6170216461065605,0.7194810112511629,0.0,0.0,0.0,0.0,0.0,0.0,0.0,0.0
2022-12-14,7.01,7.08,6.87,6.87,2959687,0.01178203240058906,0.01178203240058906,0.01178203240058906,0.11525974025974017,0.04407294832826758,0.2986767485822306,6.718000000000001,6.325,7.361000000000001,6.5881716022552,6.579207108088179,0.00896449416702172,-0.11807061196409425,0.12703510613111596,0.0013048754246028703,0.018491281824034346,54.815052427987716,6.325,0.4795886395211205,7.284177279042241,5.365822720957759,0.30329716333351503,0.7840976386264038,0.44587774073179626,0.06490214566692813,20.283523217801363,32.046465014195256,28.264925845420613,76.6233766233766,76.93001443001442,84678037.0,72853864.2,0.6866741026889501,-0.5649872859851842,-0.4079742186389947,3085401.55,-0.1149354241094207,0.959255044128697,0.030567685589519646,0.08616600790513829,-0.06670289362858317,2.0,12.0,-0.0028985507246377384,0.0,1062.18,1050.43,0.002845004534822726,0.009039211542525738,0.11404178597942538,0.31862486969955567,0.008937027865766334,0.10622052871721444,0.1846349626028052,0.16573432426547696,1.630807101862764,0.733554134255302,0.0,0.0,0.0,0.0,0.0,0.0,0.0,0.0
2022-12-15,6.9,7.09,6.83,6.88,1893001,0.0014556040756914523,0.013254786450662692,0.013254786450662692,0.08346456692913384,0.045592705167173175,0.26007326007326004,6.824,6.395999999999999,7.281000000000001,6.633068278831323,6.60148806304461,0.031580215786712884,-0.08814044641393283,0.11972066220064571,0.00459014764341757,0.01740125904079153,54.97136802119256,6.395999999999999,0.4489215146499637,7.293843029299927,5.498156970700071,0.2807514162914096,0.7695348653413218,0.43260075925095365,0.06287801733298745,19.19668868820393,30.67071931044659,27.711977750473086,68.74999999999996,74.15223665223664,86571038.0,74123479.8,0.6845854742767064,-0.4573219516160444,-0.4621041656795609,3111323.55,-1.1530417123277799,0.6084230616259759,0.037790697674418575,0.07567229518449037,-0.055074852355445736,3.0,12.0,0.0625,1.0,1049.16,1055.32,0.004655236426986953,0.004559603247884292,0.08878938571693862,0.3074862627243741,-0.0031996323512955005,0.07890496368124955,0.17128387435632142,0.1573158928652998,1.627325267135088,0.7334443925244343,0.0,0.0,0.0,0.0,0.0,0.0,0.0,0.0
2022-12-16,6.72,7.21,6.72,7.14,4199552,0.03779069767441867,0.0393013100436681,0.05154639175257736,0.05154639175257736,0.05309734513274322,0.2246998284734134,6.894,6.461499999999999,7.2105,6.7110577743957345,6.641377836152417,0.06967993824331753,-0.05657636948248276,0.1262563077258003,0.00975909499206128,0.01768295626411769,58.94787871758804,6.461499999999999,0.4574790763116815,7.376458152623362,5.546541847376636,0.2832030186871046,0.8707819849763669,0.4367007050187427,0.061162563728115224,18.426575669825667,30.17534040165026,25.49096182327203,91.96428571428565,79.1125541125541,90770590.0,75403298.55,0.6603355566927419,-0.5133675734140002,-0.30173274054968796,3121526.7,1.0107667676256542,1.3453519394852524,0.06862745098039219,0.10500657742010389,-0.00977740794674431,4.0,12.0,-0.04931506849315059,0.0,1048.62,1052.48,-0.002691126861994353,0.0006369971762960613,0.08578090020942297,0.3081626021455863,0.040481824536413025,0.0509093945762813,0.13891892826399044,0.1279437944038213,1.6240383172746202,0.7263723109871523,0.0,0.0,0.0,0.0,0.0,0.0,0.0,0.0
2022-12-19,7.3,7.3,6.94,6.94,3779025,-0.028011204481792618,0.008720930232558155,0.010189228529839944,0.02209131075110471,-0.008571428571428563,0.1321370309951062,6.9239999999999995,6.502,7.133166666666666,6.746279655257929,6.663497996437423,0.08278165882050637,-0.02870476382188494,0.11148642264239131,0.011928192913617632,0.016064326029163013,54.92941796955922,6.502,0.4624147147538517,7.426829429507703,5.577170570492297,0.28447537050375366,0.7368004228807645,0.43122208323168965,0.06213574686335585,17.89261446114593,29.86672869800238,23.9709054510584,69.74789915966389,76.82072829131651,86991565.0,76391894.6,0.6560130147564741,-0.3061066452181408,-0.4461087545239866,3208206.5,0.5463918285783146,1.177924488339513,0.051873198847262166,0.06736388803445092,-0.02708007196429807,0.0,12.0,-0.03602305475504319,0.0,1053.91,1038.4,-0.013377926421404562,0.006133304911488668,0.08093478374017615,0.31107259025849227,-0.014633278060388055,0.01595800583961604,0.051202247254930056,0.04736848885347511,1.67993026267807,0.7466358271660438,0.0,0.0,0.0,0.0,0.0,0.0,0.0,0.0
2022-12-20,6.94,6.95,6.5,6.69,3581911,-0.03602305475504319,-0.0630252100840335,-0.02761627906976738,-0.014727540500736325,0.02764976958525356,0.13006756756756754,6.904000000000001,6.5405,7.054666666666666,6.737621246756709,6.665461107812429,0.0721601389442803,-0.008531783268651892,0.0806919222129322,0.01078626890049033,0.012061572827045172,50.312402772440485,6.5405,0.44305726135787526,7.4266145227157505,5.654385477284249,0.2709623186960479,0.5843570419892314,0.4325633630008547,0.06465820074751191,16.84072187447248,27.647396049937903,29.455336071582664,48.73949579831935,70.15056022408965,83409654.0,77386248.2,0.6575150753830248,-0.30466484911698744,-0.46451169745700654,3202448.95,0.3641028406733114,1.1184912096725226,0.06726457399103142,0.02285757969574198,-0.051691551691551596,1.0,12.0,-0.041297935103244865,0.0,1035.82,1023.13,-0.014705315870570224,-0.023218292042579636,0.07458093517623832,0.31495504933361407,-0.02131773888447297,0.008490751541843311,0.05548663239132923,0.05163560098172515,1.6834846562504862,0.7481295890272921,0.0,0.0,0.0,0.0,0.0,0.0,0.0,0.0
2022-12-21,6.78,6.78,6.25,6.5,2435877,-0.02840059790732441,-0.06340057636887608,-0.08963585434173671,-0.05385735080058229,0.05519480519480524,0.1732851985559567,6.83,6.588500000000001,6.985833333333333,6.701064131871061,6.653204729455952,0.04785940241510911,0.002746453868100308,0.0451129485470088,0.007362984986939863,0.006940453622616739,47.07396635236622,6.588500000000001,0.3758677679014338,7.340235535802869,5.836764464197133,0.22819626191177592,0.4411362136116919,0.43952312278650796,0.06761894196715507,16.363571738709414,25.266061900201024,30.981124785258533,32.77310924369747,50.42016806722692,80973777.0,78343959.65,0.6171952458612481,-0.2076242133748188,-0.3093689448693674,3239091.1,-0.8042873689511881,0.7520248504279488,0.08153846153846157,-0.013432496015785222,-0.06954550876774424,2.0,12.0,-0.004566210045662156,0.0,1033.34,1018.88,-0.004153919834234188,-0.03003531886941546,0.07704016913319234,0.31407890643663283,-0.024246678073090222,-0.02382203193116683,0.09624502942276436,0.08936066841427359,1.663307131287575,0.7439342535638964,0.0,0.0,0.0,0.0,0.0,0.0,0.0,0.0
2022-12-22,6.57,6.65,6.42,6.54,1349221,0.006153846153846176,-0.022421524663677195,-0.057636887608069176,-0.04941860465116277,0.02992125984251981,0.17414721723518856,6.7620000000000005,6.6370000000000005,6.930000000000001,6.676285034660129,6.644819193940696,0.03146584071943259,0.008490331238366766,0.022975509481065824,0.004811290629882659,0.0035130748441996673,47.83521893545768,6.6370000000000005,0.29039174991878247,7.217783499837566,6.056216500162435,0.1750138616355478,0.41649211795175867,0.42455718544461457,0.06491700083250987,15.920503755500853,24.288371928445006,29.782285997642482,36.1344537815126,39.21568627450982,82322998.0,79291460.5,0.6171480575891463,-0.21081927829754712,-0.30740122447070695,3228880.5,-1.8470219719689542,0.4178603079302563,0.035168195718654496,-0.014615036914268575,-0.05627705627705637,3.0,12.0,-0.009146341463414531,0.0,1026.49,1022.61,0.0036608825376884813,-0.0309953379069855,0.07903261546253604,0.31398378374808544,0.002492963616157695,-0.01842326674417727,0.09511460177265252,0.08814803223708023,1.641503572153762,0.7433879798239194,0.0,0.0,0.0,0.0,0.0,0.0,0.0,0.0
2022-12-23,6.56,6.68,6.43,6.5,1096928,-0.006116207951070374,0.0,-0.02840059790732441,-0.08963585434173671,-0.04270986745213545,0.09243697478991586,6.634,6.664499999999999,6.879333333333333,6.649164260097032,6.634091846241385,0.015072413855646616,0.009806747761822736,0.00526566609382388,0.00231883290086871,0.0008101024759729046,47.10556598917107,6.664499999999999,0.24429221070342727,7.153084421406854,6.175915578593145,0.1466229788901957,0.3316565236297037,0.41208881505571354,0.06339827923934055,15.430770391595884,23.755876978349637,28.491723098961806,32.77310924369747,33.893557422969195,81226070.0,80108349.95,0.577301360876447,-0.17506948743214673,-0.006804092794669379,3207961.9,-1.9948558995855106,0.34193922315598574,0.038461538461538464,-0.024683021982144115,-0.05514100203508088,4.0,12.0,-0.0635400907715582,0.0,1023.69,1020.34,-0.002219810093779584,-0.03053739738522343,0.050316019187614414,0.3044989771646072,-0.00389639785729079,-0.05909845695651328,0.042120955602301446,0.040103125947636764,1.6529396393959195,0.7506547926749051,0.0,0.0,0.0,0.0,0.0,0.0,0.0,0.0
2022-12-26,6.61,6.71,6.19,6.19,2608059,-0.04769230769230759,-0.05351681957186538,-0.04769230769230759,-0.10806916426512969,-0.08836524300441817,-0.02672955974842761,6.484,6.656000000000001,6.8345,6.578523604697488,6.601196153927209,-0.022672549229720396,0.00331088836351411,-0.025983437593234505,-0.0036627704732989327,-0.0041976474302479,41.78589612936563,6.656000000000001,0.25801672732361436,7.172033454647229,6.139966545352772,0.15505812940121047,0.04847888658830486,0.41979675683744827,0.06781853906905465,15.488984959561687,21.65399998540328,30.054435775470527,6.722689075630261,25.21008403361346,78618011.0,80615705.45,0.5541642199978535,-0.19538327024523675,-0.20269471971573472,3159233.85,-0.5187488685054749,0.8255352797008046,0.08400646203554112,-0.07001201923076927,-0.09430097300460893,0.0,12.0,0.03548387096774186,1.0,1019.66,985.21,-0.034429699903953614,-0.0512230354391372,-0.020364128111048152,0.3059738951961847,-0.013262607788353975,-0.05684612882599249,-0.0063654316373794595,-0.006497752705916682,1.6369030235999404,0.7441074734090902,0.0,0.0,0.0,0.0,0.0,0.0,0.0,0.0
2022-12-27,6.2,6.42,6.16,6.42,1280240,0.037156704361873905,-0.012307692307692353,-0.01834862385321101,-0.04035874439461895,-0.05449189985272462,-0.01834862385321101,6.4300000000000015,6.65,6.799333333333334,6.554135357820951,6.587774216599267,-0.03363885877831585,-0.004079061064851883,-0.029559797713463967,-0.0052396976290211604,-0.004604329861910276,46.603957727723056,6.65,0.2622172662825292,7.1744345325650585,6.125565467434942,0.15772467144813776,0.2807161945695595,0.40838270277763056,0.06361101289371193,15.605972174855825,20.669272397091085,29.212411638223305,22.807017543859637,20.767605287729136,79898251.0,81026134.6,0.5611727134806429,-0.1902080771943798,-0.29312124305708226,3062307.5,-1.5601769999655044,0.41806382931825103,0.040498442367601216,-0.03458646616541361,-0.0557897833120895,1.0,12.0,-0.009287925696594312,0.0,986.07,1004.57,0.019650632859999462,-0.018140412264326056,-0.026730351883428982,0.2989536835859757,0.017506071501874443,-0.022218332130292895,0.008381728030217972,0.008611927893197757,1.6367725486674407,0.7485178014680589,0.0,0.0,0.0,0.0,0.0,0.0,0.0,0.0
2022-12-28,6.46,6.5,6.37,6.4,957596,-0.0031152647975076775,0.03392568659127626,-0.01538461538461533,-0.01538461538461533,-0.06841339155749637,-0.027355623100303927,6.410000000000001,6.641,6.756333333333333,6.530422225848497,6.573865015369692,-0.04344278952119485,-0.011951806756120476,-0.03149098276507437,-0.006787935862686695,-0.0049204660570428705,46.24553070699135,6.641,0.2677764189135333,7.176552837827066,6.105447162172934,0.16128680554948543,0.2749988582099343,0.3884982240077998,0.06070284750121872,15.469278582958909,21.646109844481742,28.5141893779749,21.052631578947395,16.86077939947911,78940655.0,81234959.4,0.5607230990158668,-0.14748895698647724,-0.293703980799725,2956462.75,-1.6180955277202247,0.3238992272099488,0.020312499999999983,-0.03628971540430648,-0.052740638413340535,2.0,12.0,0.03281249999999991,1.0,1008.41,1015.66,0.011039549259882264,-0.00316033291457285,-0.031247019324316727,0.2958636671504784,-0.014154814057389942,-0.01222428247004248,0.0038913962240127997,0.004016912775121062,1.610792104464248,0.7395028676169924,0.0,0.0,0.0,0.0,0.0,0.0,0.0,0.0
2022-12-29,6.4,6.68,6.4,6.61,2316050,0.03281249999999991,0.029595015576324046,0.06785137318255252,0.01070336391437321,-0.03924418604651159,0.004559270516717451,6.4239999999999995,6.6425,6.7266666666666675,6.542664960333344,6.576541680897863,-0.0338767205645194,-0.016336789517800262,-0.01753993104671914,-0.005125071189791135,-0.0026535447877033495,50.54634162531416,6.6425,0.26750061485388926,7.1775012297077785,6.107498770292222,0.1610842994980138,0.4696262380389747,0.3807483508643855,0.05760186851200991,14.80361769550571,23.88588865610001,27.01639224697007,39.473684210526336,27.7777777777778,81256705.0,81559586.7,0.573292338785891,-0.24243103492697463,-0.47754324983421326,2856855.0,-0.4505159921302807,0.8106991779421777,0.042360060514372064,-0.004892736168611189,-0.017343904856293446,3.0,12.0,0.034226190476190466,1.0,1016.06,1009.29,-0.006271783864679081,-0.013025493589931658,-0.026045084340139746,0.29404082894568057,0.03908428386467899,0.023728857504304868,0.030604354856857197,0.031422763379270524,1.5781818009626436,0.7226517540512877,0.0,0.0,0.0,0.0,0.0,0.0,0.0,0.0
2022-12-30,6.72,7.01,6.64,6.95,3564576,0.05143721633888054,0.0859375,0.08255451713395634,0.0692307692307692,-0.026610644257702987,0.025073746312684442,6.514,6.650999999999999,6.712166666666666,6.605331889512829,6.604205260090614,0.0011266294222149753,-0.012844105729797215,0.01397073515201219,0.0001621049528366871,0.0020101777197139843,56.60063487794386,6.650999999999999,0.2747036680916341,7.200407336183267,6.101592663816731,0.16521044540167446,0.7721114010573227,0.3821234686597865,0.05498179405176784,14.185007823737473,28.26847447689139,24.996372581469654,69.29824561403511,43.27485380116963,84821281.0,81889946.7,0.5922279454775724,-0.19719134048994658,-0.6140041697748354,2862587.7,0.5832099390372536,1.2452285741324187,0.05323741007194246,0.04495564576755395,0.035433168624140476,4.0,12.0,0.015047879616963078,1.0,1017.45,1007.09,-0.0021797501213723924,-0.012985867455946098,-0.06751789335283931,0.24543542753162795,0.053616966460252935,0.0822166366867153,0.09259163966552375,0.09929588890284125,1.5578603979956642,0.6986170712061103,0.0,0.0,0.0,0.0,0.0,0.0,0.0,0.0
2023-01-03,7.31,7.42,7.24,7.42,2703603,0.06762589928057561,0.1225416036308622,0.15937499999999982,0.19870759289176076,0.06916426512968288,0.06000000000000005,6.760000000000001,6.672,6.701333333333333,6.730665444972394,6.664634500083902,0.06603094488849237,0.002930904393860702,0.06310004049463167,0.008899049176346681,0.008504048584182165,63.29088777280396,6.672,0.315771402991484,7.303542805982968,6.040457194017032,0.18931139268074582,1.0922005546684772,0.38840036375551606,0.0523450625007434,14.510021027490195,33.36516990144377,22.835808341648686,100.0,69.59064327485383,87524884.0,82147332.75,0.6283543335277181,-0.0724924432476494,-0.7077921268423738,2789613.75,-0.07387552999920488,0.9691675057165172,0.024258760107816673,0.11211031175059949,0.10724233983286902,1.0,1.0,-0.023929471032745675,0.0,1011.39,1043.9,0.03655085444200634,0.059571055917012616,-0.04550732853603001,0.2785613597865925,0.031075044838569266,0.13913653697474815,0.10550732853603007,0.11053759938691443,1.569497302126328,0.7126548424339657,0.0,0.0,0.0,0.0,0.0,0.0,0.0,0.0
2023-01-04,7.94,7.94,7.6,7.75,11193253,0.04447439353099725,0.1151079136690647,0.172465960665658,0.20716510903426788,0.15844544095665158,0.19047619047619047,7.026000000000001,6.734,6.705333333333333,6.887486145745872,6.745031944522132,0.14245420122374064,0.03083556375983669,0.11161863746390395,0.01838118725467621,0.014402404834052123,67.12310973645154,6.734,0.39426680787167256,7.522533615743345,5.945466384256655,0.23419471807049164,1.14423379023748,0.39780033777297924,0.05132907584167474,15.710769154518077,39.586904123554206,20.70361516221611,89.3258426966292,86.20802943688813,98718137.0,83196791.0,0.5798839817685097,-0.05795330342583457,-0.8757550986759651,3116866.85,3.6948722572902524,3.5911874130908092,0.04387096774193558,0.15087615087615092,0.1557963809902565,2.0,1.0,-0.0175658720200752,0.0,1048.31,1046.35,0.002346968100392477,0.041589934001612594,-0.002231355309958327,0.2376860372837036,0.04212742543060477,0.1655751750326553,0.1927075457861488,0.193138506418002,1.5497512742405253,0.6937468723250211,0.0,0.0,0.0,0.0,0.0,0.0,0.0,0.0
2023-01-05,7.97,8.01,7.6,7.83,5047275,0.010322580645161228,0.055256064690027085,0.12661870503597128,0.22343749999999996,0.20461538461538464,0.27110389610389607,7.312,6.8175,6.711833333333333,7.032488277169584,6.8253999486316035,0.20708832853798054,0.06608611671546546,0.14100221182251507,0.026448062393100963,0.018007945315774595,67.99537826430355,6.8175,0.44044086764807083,7.698381735296142,5.936618264703858,0.25841781746861514,1.0747082493767508,0.39867174221776647,0.05091593131772241,16.9334697275606,37.93308547076835,19.182764562298612,90.27027027027029,93.19870432229983,103765412.0,84637768.6,0.5297768015871634,-0.0008851792087338239,-0.7176327001868017,3230075.0,0.8163866734816364,1.5625875560165012,0.052362707535121344,0.14851485148514865,0.16659630999975183,3.0,1.0,-0.04177215189873418,0.0,1048.17,1055.82,0.009050508911931932,0.03954079120965681,0.01421682580546002,0.23810981734117742,0.0012720717332292963,0.18389670879034314,0.25688707029843605,0.25328614529188487,1.6182315852720786,0.7129438411597232,0.0,0.0,0.0,0.0,0.0,0.0,0.0,0.0
2023-01-06,7.9,8.05,7.53,7.57,3699172,-0.033205619412515985,-0.023225806451612874,0.020215633423180668,0.14523449319213322,0.1574923547400613,0.1921259842519687,7.504,6.878500000000001,6.709999999999999,7.115182388374263,6.880555507992225,0.23462688038203794,0.09979426944877996,0.134832610933258,0.030994303881378856,0.017811441338607396,62.21784469105194,6.878500000000001,0.4564770703872486,7.791454140774498,5.965545859225504,0.2654515201786718,0.8787156271690555,0.4073380463450689,0.05380951735073566,17.849657178592732,34.474181527788815,18.661078248807268,74.60317460317458,84.73309585669136,100066240.0,85785417.75,0.5489430597875479,0.16440779386891713,-0.8704479927228029,3306663.75,0.1773057796537205,1.1187021964359092,0.06869220607661829,0.10053063894744496,0.12816691505216116,4.0,1.0,-0.028387096774193488,0.0,1055.51,1051.44,-0.004148434392225786,0.04176203073447682,0.0008662294270511683,0.23661596264584947,-0.0290571850202902,0.1034724624576564,0.19125975482491753,0.1910942233852817,1.6194582685088839,0.7091898518240336,0.0,0.0,0.0,0.0,0.0,0.0,0.0,0.0
2023-01-09,7.75,7.79,7.53,7.53,2719711,-0.005284015852047519,-0.03831417624521072,-0.028387096774193488,0.08345323741007205,0.15846153846153843,0.10898379970544925,7.62,6.9155,6.7075,7.1790004824705305,6.928662507400209,0.2503379750703214,0.12990301057308826,0.12043496449723315,0.033245415015978934,0.015994019189539594,61.35411449487561,6.9155,0.47839066836509314,7.872281336730186,5.9587186632698135,0.2767063369908716,0.8211287555524771,0.396813900177564,0.05269772910724622,18.700402668836855,32.86074308847178,17.787714484058892,72.48677248677247,79.1200724534058,97346529.0,86566826.7,0.5029012887569215,0.2068654622710797,-0.6648513794891779,3212394.65,-0.22439556481781364,0.846630410120998,0.03452855245683928,0.08885836165136296,0.12262392843831549,0.0,1.0,0.06905710491367878,1.0,1058.28,1054.21,0.0026344822338888463,0.0467882711574934,0.002281780930015964,0.23675421807026026,-0.007918498085936365,0.036664966252578646,0.10670201877543328,0.10645910242569179,1.6266043585377528,0.7105540698066397,0.0,0.0,0.0,0.0,0.0,0.0,0.0,0.0
2023-01-10,7.53,8.05,7.49,8.05,7352881,0.06905710491367878,0.06340819022457067,0.028097062579821364,0.08490566037735858,0.30048465266558977,0.18556701030927836,7.746,6.9784999999999995,6.711333333333333,7.313000408244295,7.011724543889082,0.3012758643552127,0.16417758132951316,0.13709828302569954,0.03742557321182766,0.017030842611888142,67.64282707282344,6.9784999999999995,0.5399929336768297,8.058485867353658,5.898514132646341,0.309518053264644,0.9960713062966041,0.4084700501648809,0.05074162113849452,19.944460940675924,34.18939162313159,16.045827706619146,100.0,82.36331569664902,104699410.0,87715879.7,0.5501207601300213,0.18308976927549395,-0.8946450451904193,3361013.7,1.6826844649809551,2.187697419977788,0.0695652173913044,0.15354302500537376,0.1994635939207312,1.0,1.0,-0.026862026862026878,0.0,1054.84,1053.35,-0.0008157767427743323,0.009052591244371966,0.02061875647969602,0.2259900788854451,0.06987288165645311,0.07585306913298662,0.16494825382958234,0.16161593423828458,1.6389824749335722,0.7007011836462698,0.0,0.0,0.0,0.0,0.0,0.0,0.0,0.0
2023-01-11,8.19,8.27,7.97,7.97,6452884,-0.00993788819875785,0.05843293492695878,0.05284015852047541,0.028387096774193488,0.24143302180685366,0.1737849779086893,7.790000000000001,7.0375,6.714333333333333,7.414077268514403,7.082707911008409,0.33136935750599417,0.19761593656480936,0.1337534209411848,0.04157708375232047,0.01678211053214364,65.867011862782,7.0375,0.5812045115192976,8.199909023038595,5.875090976961404,0.3303471468670964,0.9011066593247867,0.400722189438818,0.05027881925204743,21.447313797202316,36.282609251303285,15.18777897808889,85.78199052132702,86.08958766936651,98246526.0,88542288.5,0.5534248391377148,0.2188474058015796,-0.9373949337418299,3559525.1,1.1764188657770813,1.812849697281247,0.037641154328732725,0.13250444049733567,0.18701285806483647,2.0,1.0,0.01882057716436636,1.0,1058.25,1055.76,0.0022879384819860515,0.008993166722416124,0.007933552914220154,0.22014505472090865,-0.012225826680743901,0.019393930051777364,0.16585142499446914,0.16454599067066078,1.650454111709869,0.7031964871354489,0.0,0.0,0.0,0.0,0.0,0.0,0.0,0.0
2023-01-12,7.97,8.27,7.86,8.12,4168129,0.01882057716436636,0.008695652173912771,0.07835325365205836,0.03703703703703698,0.2687499999999998,0.18195050946142644,7.848000000000001,7.1,6.714333333333333,7.522680765666034,7.159544362044823,0.363136403621211,0.2307200299760897,0.13241637364512132,0.044721231973055546,0.01630743517797061,67.58533002637746,7.1,0.6276019522963403,8.355203904592681,5.844796095407319,0.3535785646739947,0.9063084875166133,0.40138489019318807,0.049431636723299026,22.44596637995068,33.63536927283158,16.037161548925834,92.89099526066349,92.89099526066353,102414655.0,89429119.4,0.5545220832091609,0.18538226891457585,-0.9674698178447075,3619947.2,0.22294732159427166,1.1514336452200187,0.050492610837438334,0.14366197183098595,0.2093531251551406,3.0,1.0,-0.031175059952038398,0.0,1058.51,1056.39,0.0005967265287565304,0.000539864749673491,0.005673866892605961,0.21997016351596524,0.01822385063560983,0.03649717228736349,0.17627664256882047,0.17528211517864234,1.6586688265706626,0.7108083422162499,0.0,0.0,0.0,0.0,0.0,0.0,0.0,0.0
2023-01-13,8.34,8.34,8.05,8.08,4736498,-0.004926108374384119,0.013801756587201952,0.003726708074534013,0.06737120211360637,0.2223903177004538,0.17441860465116288,7.95,7.160000000000001,6.7155000000000005,7.608422186332798,7.227726261152614,0.38069592518018425,0.26071520901690864,0.1199807161632756,0.04711583232428023,0.014849098535058862,66.62216341733935,7.160000000000001,0.6618872538748348,8.48377450774967,5.836225492250332,0.36976941557253323,0.8474912058715873,0.3934288266079603,0.04869168646138122,23.494574437191133,33.1353229215789,15.192794476907414,88.07339449541286,88.91546009246781,97678157.0,89984475.35,0.5561288380139572,0.21107122612771914,-0.9866123884473298,3762122.05,0.400025527115755,1.2589963688179655,0.035891089108910784,0.12849162011173165,0.2031866577321122,4.0,1.0,0.06930693069306937,1.0,1060.71,1060.17,0.0035782239513815206,0.008302898881533904,0.004595762422772376,0.2197252312175235,-0.00850433232576564,0.05906830323207246,0.1698228422283905,0.16904594721645116,1.6558062511208855,0.7102871109586698,0.0,0.0,0.0,0.0,0.0,0.0,0.0,0.0
2023-01-16,8.08,8.64,8.08,8.64,6672166,0.06930693069306937,0.06403940886699533,0.0840652446675032,0.14741035856573714,0.2431654676258994,0.21008403361344552,8.172,7.234999999999999,6.735166666666667,7.767126465358522,7.332339130696865,0.43478733466165664,0.29552963414585826,0.1392577005157984,0.05032260817843248,0.01611778941155074,72.52543231195072,7.234999999999999,0.7398897499662579,8.714779499932515,5.755220500067484,0.4090613683296519,0.9747328909692543,0.4053267675645346,0.04691282031996928,24.954356158504382,35.152076542134786,13.693481261725937,100.0,93.6547965853588,104350323.0,90663462.0,0.5883527551135407,0.26439530443892695,-1.0812406142687454,3885752.75,1.1055290265963327,1.7170845468744762,0.06481481481481487,0.19419488597097456,0.28281903442132084,0.0,1.0,0.03707865168539337,1.0,1062.27,1066.68,0.0061405246328418706,0.011828762770226042,0.013491942839769067,0.22035538319790887,0.0631664060602275,0.1355815957955111,0.19659209077367645,0.19397499127899565,1.6542119971091827,0.6879623855014885,0.0,0.0,0.0,0.0,0.0,0.0,0.0,0.0
2023-01-17,8.9,9.23,8.79,9.23,5551061,0.06828703703703698,0.14232673267326734,0.1366995073891628,0.14658385093167703,0.2439353099730459,0.32997118155619587,8.408000000000001,7.349500000000001,6.7733333333333325,7.992183932226442,7.472906602497098,0.519277329729344,0.3402791732625554,0.17899815646678863,0.05625973236504269,0.01939308304082217,77.11730837514436,7.349500000000001,0.8593784473614332,9.068256894722868,5.630743105277134,0.467720768684364,1.0470523509676486,0.4185177127384964,0.04534319747979376,27.056719899545108,41.68197167229224,12.314609096853221,100.00000000000001,96.02446483180431,109901384.0,91808952.95,0.604431038031066,0.08656881547319888,-1.2014453961327103,3974354.55,0.6189263647698736,1.3967201290584406,0.04767063921993513,0.25586774610517704,0.3626968503937009,1.0,1.0,-0.011640211640211562,0.0,1071.37,1088.29,0.020259121760977994,0.03317036122846173,0.048045069337442126,0.22404556924269767,0.048027915276058986,0.1134134897032153,0.28192611221875374,0.26900189740598,1.6550843273788816,0.6779797378688417,0.0,0.0,0.0,0.0,0.0,0.0,0.0,0.0
2023-01-18,9.45,9.67,9.23,9.34,8378962,0.011917659804983716,0.08101851851851838,0.15594059405940586,0.17189460476787954,0.20516129032258057,0.3961136023916292,8.681999999999999,7.481999999999999,6.8133333333333335,8.19954025034545,7.611209817126943,0.5883304332185073,0.3898894252537458,0.1984410079647615,0.06299041040883376,0.021246360595798874,77.86025441655487,7.481999999999999,0.9516777428918204,9.38535548578364,5.578644514216359,0.508782540973975,0.9880853875898631,0.4200521618286038,0.04497346486387621,29.43331346500189,46.04536385409152,11.393222167357289,89.90825688073394,96.63608562691134,118280346.0,93552487.55,0.573900820148801,0.044503095996569944,-1.0011344723287054,4214207.1,1.5266571668123272,1.9882653607602723,0.04710920770877939,0.24832932371023797,0.37084148727984334,2.0,1.0,0.0,0.0,1092.5,1098.28,0.009179538542116505,0.040274304766234836,0.07345107659828165,0.21568352882159522,0.0027381212628672102,0.1316203000016447,0.32266252579334753,0.30058428635224876,1.6645200423008943,0.681029370897261,0.0,0.0,0.0,0.0,0.0,0.0,0.0,0.0
2023-01-19,9.3,9.52,9.12,9.3,6825100,-0.004282655246252598,0.007583965330444142,0.07638888888888884,0.1453201970443352,0.1877394636015326,0.4307692307692308,8.918000000000001,7.622,6.853833333333333,8.368841750292304,7.736305386228651,0.6325363640636539,0.43841881301572744,0.19411755104792644,0.06801466280254342,0.02087285495138994,76.88272258373387,7.622,1.004120982436035,9.63024196487207,5.61375803512793,0.5269593190427894,0.9177783427872183,0.4186198645551321,0.04501288866184216,31.252128166373893,42.902699265537684,12.492533717826298,87.78877887788782,92.56567858620728,111455246.0,95076561.0,0.554407473456151,0.052354452139380586,-0.8471699471408998,4433668.25,0.8683929345363856,1.53937994796972,0.04301075268817208,0.2201521910259776,0.3569048950708851,3.0,1.0,0.02388369678089286,1.0,1095.53,1108.08,0.008923043304075451,0.04893079260500377,0.08754711055276365,0.214409045136112,-0.013205698550328049,0.09638940443933142,0.34322212021646714,0.3155928758267941,1.6542999902419084,0.6775146198059767,0.0,0.0,0.0,0.0,0.0,0.0,0.0,0.0
2023-01-27,9.63,9.93,9.45,9.86,9753253,0.06021505376344072,0.05567451820128477,0.06825568797399773,0.22029702970297027,0.3025099075297224,0.5076452599388379,9.274000000000001,7.788000000000001,6.895666666666667,8.598250711785797,7.893616098359861,0.7046346134259354,0.49166197309776905,0.21297264032816632,0.07146395673691028,0.021599659262491515,80.56212005031615,7.788000000000001,1.0868525295791176,9.961705059158236,5.614294940841766,0.5582190701484937,0.9766055981859789,0.4337184456583369,0.043987671973462164,33.32672689540885,45.20361584312861,11.196384054537527,97.39776951672862,91.69826842511681,121208499.0,97020836.05,0.5712144912273694,-0.11038921947427002,-1.0281542026986172,4853869.85,1.6918060486135895,2.0093767038273596,0.04868154158215015,0.26605033384694377,0.4298835017160534,4.0,1.0,-0.022244691607684608,0.0,1114.15,1117.1,0.008140206483286283,0.05369893507644985,0.09240081751596385,0.21482340932408237,0.052074847280154435,0.16659809462652042,0.41524444242287406,0.3801209553898983,1.652920482166186,0.6608653440707682,0.0,0.0,0.0,0.0,0.0,0.0,0.0,0.0
2023-01-30,9.89,10.3,9.49,9.67,10452625,-0.01926977687626774,0.03978494623655915,0.03533190578158463,0.1192129629629628,0.2841965471447543,0.48769230769230765,9.48,7.9465,6.935333333333333,8.763135217664905,8.025200091073946,0.7379351265909584,0.5409166037964069,0.19701852279455145,0.07631180212936488,0.020374200909467576,76.1344862028055,7.9465,1.1197804061040895,10.18606081220818,5.706939187791821,0.5636596771429381,0.8847852647280093,0.46059569953988433,0.04763140636400045,35.54871733186451,45.26333217002729,9.789964514854608,77.5800711743772,87.58887318966454,110755874.0,98497326.25,0.5814182554792989,-0.0999060137354989,-1.124967812963396,5321654.7,1.7043595002742293,1.964168212567418,0.0837642192347467,0.21688793808594964,0.39430933384600597,0.0,1.0,0.04257528556593959,1.0,1117.66,1102.57,-0.013006892847551632,0.03364645441931957,0.08059078346433535,0.22258154402803043,-0.006262884028716109,0.08556650854364323,0.4071015242279723,0.37673977092680677,1.6526295021947546,0.6632761928393804,0.0,0.0,0.0,0.0,0.0,0.0,0.0,0.0
2023-01-31,9.63,10.08,9.52,10.04,7924993,0.03826266804550138,0.018255578093306246,0.07956989247311808,0.08775731310942558,0.24720496894409916,0.6219709208400643,9.642,8.139,6.982666666666668,8.959575953408766,8.174444528772172,0.7851314246365941,0.5897595679644444,0.19537185667214974,0.07820034109926237,0.0194593482741185,78.60091622319543,8.139,1.132779069833365,10.40455813966673,5.873441860333269,0.5567165842650769,0.9195434155310713,0.4676960067156069,0.04658326760115607,37.6119941657162,41.39215674666725,8.952671540419818,90.74733096085403,88.57505721731997,118680867.0,100500469.05,0.5246255677513079,-0.04526872062033563,-1.3259296854439218,5587501.4,0.7809949406761054,1.418342910840255,0.05577689243027894,0.2335667772453618,0.43784609509260997,1.0,1.0,-0.07980295566502471,0.0,1100.4,1111.18,0.007809027998222362,0.021032996719624553,0.12786106515362206,0.1702668408445851,0.030453640047279018,0.06672431638980103,0.4941098556864423,0.4380946119628142,1.659630161008673,0.6647451978317238,0.0,0.0,0.0,0.0,0.0,0.0,0.0,0.0
2023-02-01,10.15,10.19,9.34,9.34,9461379,-0.06972111553784854,-0.03412616339193386,-0.05273833671399586,0.0,0.17189460476787954,0.4548286604361371,9.642,8.285,7.018833333333333,9.018102729807417,8.260781971085345,0.7573207587220718,0.6232718061159699,0.13404895260610195,0.08108359301092846,0.014352136253329973,64.92930336830617,8.285,1.0868036185360617,10.458607237072123,6.111392762927877,0.5247090493837352,0.742684138607557,0.49500343480734926,0.05299822642476973,38.875575129888325,36.315231912750235,10.451972708283273,65.83629893238432,78.05456702253854,109219488.0,101966530.9,0.6202006863799912,-0.40320063695837394,-0.33955928557563514,5996558.35,1.1818304696229764,1.5778015401117544,0.09100642398286934,0.12733856366928187,0.3307054828675231,2.0,2.0,-0.03533190578158463,0.0,1114.68,1075.97,-0.03168703540380502,-0.020313581236114597,0.07107518639816046,0.20911609953107363,-0.038034080134043524,0.020313581236114597,0.38375347403797666,0.358288081837161,1.7007118130432626,0.6840165691712364,0.0,0.0,0.0,0.0,0.0,0.0,0.0,0.0
2023-02-02,9.34,9.45,8.82,9.01,8032978,-0.03533190578158463,-0.10258964143426286,-0.06825232678386761,-0.031182795698924792,0.10960591133004938,0.4078124999999999,9.584,8.4155,7.049833333333334,9.016856155990892,8.3162796028568,0.7005765531340913,0.6387327555195942,0.0618437976144971,0.07775544429901124,0.0068639065054935736,59.66086089410188,8.4155,1.0019322122252896,10.41936442445058,6.41163557554942,0.4762318161607937,0.6483383787710589,0.5046460466068242,0.056009550122843976,38.414566760023824,33.07695144456503,16.880135505207676,54.09252669039143,70.22538552787661,101186510.0,103078823.65,0.645889197673649,-0.35893681940719135,-0.6685010295592163,6350327.45,0.6208555560952225,1.2649706748586642,0.06992230854605982,0.07064345552848916,0.27804439821272364,3.0,2.0,0.04787812840043548,1.0,1079.69,1077.59,0.0015056181863806195,-0.027516063822106696,0.0609751294724612,0.20730045373467304,-0.03683752396796525,-0.0036667318768180968,0.3468373705275387,0.3269043362967363,1.705980274963891,0.6793123108346381,0.0,0.0,0.0,0.0,0.0,0.0,0.0,0.0
2023-02-03,9.19,9.63,9.08,9.63,9564999,0.06881243063263054,0.031049250535331918,-0.040836653386454036,-0.0233265720081135,0.1918316831683169,0.4568835098335855,9.538,8.566500000000001,7.084833333333333,9.111185978146139,8.413592224867408,0.6975937532787313,0.6505049550714216,0.04708879820730971,0.07243964208501882,0.004889802513739326,65.34955688008961,8.566500000000001,0.9412381263666753,10.448976252733353,6.684023747266651,0.4394971698437753,0.782473682856769,0.5128856147063369,0.05325915002142646,38.237795183984915,32.727707616572864,15.422600264107581,76.15658362989325,65.36180308422301,110751509.0,104553563.85,0.6690439480112098,-0.3656151278265658,-0.8324324242635157,6712774.9,1.0862742092990951,1.4248949417326655,0.057113187954309516,0.12414638417089807,0.35924157237290943,4.0,2.0,-0.007268951194184914,0.0,1078.8,1077.15,-0.00040831856271850153,-0.03576224151821661,0.06723538328924317,0.20483560728468014,0.06922074919534904,0.012435669510103109,0.38964812654434233,0.36510045735500096,1.7137446493441173,0.677089794019447,0.0,0.0,0.0,0.0,0.0,0.0,0.0,0.0
2023-02-06,9.63,9.82,9.38,9.56,5248563,-0.007268951194184914,0.06104328523862379,0.0235546038543899,-0.011375387797311176,0.1064814814814814,0.37553956834532376,9.516,8.697000000000001,7.124666666666666,9.180234289200579,8.498511319321674,0.6817229698789049,0.6567485580329183,0.024974411845986588,0.07130993408775156,0.0026123861763584296,64.2479256390532,8.697000000000001,0.8845462708434749,10.466092541686951,6.927907458313051,0.40682822621293546,0.7439103607256945,0.5076794993701699,0.05310455014332321,38.32932058210951,33.37488316931748,14.467843779719018,69.67213114754098,66.64041382260858,105502946.0,105587647.1,0.6646972995074145,-0.17976459724261237,-0.874492402302279,6796974.25,-0.6083669821531401,0.7721910966486301,0.04602510460251041,0.09922961940899144,0.34181716103677373,0.0,2.0,-0.06903765690376573,0.0,1072.53,1089.29,0.011270482291231287,-0.012044586738256924,0.08162130494791908,0.20559301126178753,-0.0185394334854162,0.0006691989409457477,0.2939182633974047,0.27173860393916427,1.6809899455641875,0.6634322433283206,0.0,0.0,0.0,0.0,0.0,0.0,0.0,0.0
2023-02-07,9.56,9.67,8.9,8.9,9578764,-0.06903765690376573,-0.07580477673935626,-0.01220865704772467,-0.11354581673306763,-0.03575297941495126,0.19946091644204866,9.288,8.770999999999999,7.161833333333334,9.137121321631259,8.528251221594143,0.608870100037116,0.6471728664337579,-0.038302766396641985,0.06841237079068718,-0.004303681617600223,54.857963216089246,8.770999999999999,0.8324655832936068,10.435931166587213,7.1060688334127855,0.37964454830400507,0.5387403403182205,0.5264166779865863,0.059147941346807446,37.09926770339221,29.887876296105844,19.469281102633726,42.62295081967213,62.81722186570213,95924182.0,106007612.0,0.7023093725139697,-0.14995474620281754,-0.809539237565392,7140732.3,1.0055110628790813,1.3414260047250337,0.08651685393258422,0.0147075590012542,0.24269856414791358,1.0,2.0,0.02911534154535267,1.0,1088.07,1065.84,-0.0215277841529804,-0.040803470184848645,0.021017338825557896,0.18611175653264275,-0.04750987275078533,-0.07274234654821898,0.17844357761649077,0.17477036954313463,1.6801903991618539,0.662992396080918,0.0,0.0,0.0,0.0,0.0,0.0,0.0,0.0
2023-02-08,8.93,9.45,8.64,9.19,7238071,0.03258426966292127,-0.03870292887029303,-0.04569055036344771,-0.016059957173447548,-0.016059957173447548,0.1858064516129032,9.258,8.843,7.205,9.145256502918757,8.577269649624206,0.5679868532945509,0.6313356638059165,-0.06334881051136565,0.061804880663172024,-0.006893232917450017,57.777962072201596,8.843,0.8011971306146888,10.445394261229378,7.240605738770622,0.36240964858744273,0.6082754751423587,0.5466726295589729,0.05948559625233655,35.338786866903874,26.724690442159844,20.805923618743233,50.666666666666615,54.32058287795993,103162253.0,106229817.8,0.6958200984198761,-0.12934314329527072,-0.7388723368556416,6942973.2,0.1323163790220821,1.0425030878701937,0.08813928182807386,0.0392400768969805,0.27550312283136713,2.0,2.0,0.0,0.0,1067.58,1072.22,0.005985889064024752,-0.0034852272832885944,0.024724040712954753,0.18688012099493753,0.02659838059889652,-0.012574729890158953,0.16108241089994846,0.15719589323568028,1.6916166797219367,0.6661950112039601,0.0,0.0,0.0,0.0,0.0,0.0,0.0,0.0
2023-02-09,9.34,9.56,9.19,9.34,5539831,0.016322089227421177,0.049438202247190866,-0.023012552301255318,0.03662597114317423,0.004301075268817067,0.19284802043422733,9.324000000000002,8.9185,7.250666666666667,9.175217040931257,8.633768194096488,0.5414488468347685,0.6133583004116869,-0.07190945357691847,0.05797096861185958,-0.007699084965408829,59.246366910005996,8.9185,0.7713028963349535,10.461105792669906,7.375894207330093,0.345933911009678,0.6366194791964568,0.5340531560190463,0.057179138760069206,33.9012727708803,26.87340016246038,19.77630543879609,56.75675675675673,50.015458081031845,108702084.0,106476651.4,0.6962438154457881,-0.15168291800304348,-0.7408989617082453,6967601.0,-0.6458031963093391,0.7950844200177364,0.039614561027837364,0.04726131075853557,0.2881574108127989,3.0,2.0,-0.00440528634361248,0.0,1070.07,1064.03,-0.007638357799705342,-0.01258363570560228,0.007775946657574195,0.18707551822550914,0.02396044702712652,0.04920960684877651,0.18507207377665313,0.18364406730530702,1.6804896783645216,0.6630846650460459,0.0,0.0,0.0,0.0,0.0,0.0,0.0,0.0
2023-02-10,9.08,9.34,9.01,9.04,4718866,-0.032119914346895206,-0.016322089227421177,0.015730337078651457,-0.061266874350986655,-0.08316430020283982,0.19418758256274748,9.206,8.992,7.299,9.154414419249525,8.66385943897823,0.49055498027129474,0.5887976363836085,-0.09824265611231375,0.05426493144593969,-0.010867550454901965,55.117677586594056,8.992,0.7030579821862094,10.398115964372419,7.585884035627582,0.3127482127162852,0.5170682935178188,0.5194779305891145,0.05746437285277816,32.133145447783114,25.65401355313418,21.35396344195231,24.096385542168587,43.839936321863995,103983218.0,106672500.3,0.6953651778401684,-0.1523097159225921,-0.7323182208740587,7018585.7,-1.0735343715405132,0.6723385881004488,0.03650442477876107,0.005338078291814652,0.23852582545554157,4.0,2.0,-0.013651877133105672,0.0,1066.16,1055.3,-0.008204655883762735,-0.020285011372603745,0.003671155748306898,0.1889437833430275,-0.02391525846313247,-0.04098186297838291,0.1905164268144406,0.18981956961032442,1.6730565918832396,0.6436304671416381,0.0,0.0,0.0,0.0,0.0,0.0,0.0,0.0
2023-02-13,8.79,9.01,8.49,8.67,7131264,-0.04092920353982288,-0.07173447537473232,-0.05658324265505976,-0.09309623430962344,-0.10341261633919341,0.15139442231075684,9.028,9.049,7.348333333333333,9.079889123980367,8.664314295350213,0.41557482863015416,0.5541530748329176,-0.1385782462027635,0.04793250618571559,-0.01598365008105692,50.44826875719889,9.049,0.6195405768113557,10.288081153622711,7.809918846377288,0.27386035001054515,0.3470640930612518,0.5216580784041777,0.06016817513312314,30.28183434365111,23.72202728003097,26.86596474447936,9.94475138121545,30.26596456004694,96851954.0,106647771.55,0.7168149622206674,-0.08823461261346698,-0.9691946624049659,7239163.35,-0.057139991621602215,0.9850950524551985,0.05997693194925024,-0.04188308100342575,0.17985937854388756,0.0,2.0,0.004514672686230403,1.0,1050.99,1043.7,-0.010992134937932274,-0.041852950086753715,-0.00996955065878713,0.19281564694809558,-0.029937068601890604,-0.05124328422286972,0.16136397296954397,0.16298889905549774,1.724286265760033,0.6769474553487085,0.0,0.0,0.0,0.0,0.0,0.0,0.0,0.0
2023-02-14,8.86,9.04,8.75,8.9,3522431,0.026528258362168433,-0.015486725663716672,-0.047109207708779355,0.0,-0.11354581673306763,0.10559006211180111,9.028,9.0915,7.408,9.052213874137234,8.681772495694641,0.3704413784425924,0.5174107355548526,-0.14696935711226022,0.04162262679130251,-0.01651341091148991,53.10766843949293,9.0915,0.5749533161826565,10.241406632365313,7.941593367634686,0.2529630165242949,0.41673236999855745,0.5108253585181649,0.057396107698670214,28.49699090116878,22.914209948267803,25.476000334124617,22.65193370165746,18.897690208347186,100374385.0,106431520.3,0.6839412827485418,-0.09842655539229475,-0.7705694665951642,7047640.85,-1.7092605060637374,0.499802852468,0.03258426966292125,-0.021063630863993765,0.20140388768898476,1.0,2.0,0.06270996640537518,1.0,1045.14,1038.64,-0.004848136437673567,-0.025519777827816337,-0.013964968908719566,0.1934528060383617,0.031376394799842,0.025519777827816337,0.11955503102052067,0.12124825919035032,1.665661488054973,0.6671942466425935,0.0,0.0,0.0,0.0,0.0,0.0,0.0,0.0
2023-02-15,8.93,9.49,8.9,9.49,12602619,0.06629213483146068,0.0945790080738178,0.04977876106194712,0.032644178454842354,0.01605995717344766,0.1907151819322459,9.088,9.1675,7.483666666666667,9.119565585808429,8.741641199717261,0.3779243860911681,0.48951346566211573,-0.11158907957094766,0.03982343372931171,-0.011758596372070353,59.16238733327051,9.1675,0.516382915857446,10.200265831714892,8.134734168285108,0.22531024417014278,0.656134135201052,0.5164806900525817,0.054423676507121356,27.00718604522344,27.26793600463888,23.397255739543375,55.24861878453037,29.28176795580111,112977004.0,107168044.2,0.7134039731871124,-0.2257488237756314,-0.9307917593031579,7355127.6,2.186545792823468,1.7134466844599678,0.06217070600632243,0.03517862012544315,0.2680949623624782,2.0,2.0,0.01145833333333357,1.0,1037.17,1048.2,0.009204344142339949,-0.022402118968122164,-0.007160718345078365,0.19637315008691705,0.05708779068912073,0.05504629742296452,0.19787590027732427,0.19930305330737252,1.6325410114101768,0.6434981930344212,0.0,0.0,0.0,0.0,0.0,0.0,0.0,0.0
2023-02-16,9.6,9.78,9.49,9.71,5849822,0.023182297154900056,0.09101123595505634,0.11995386389850071,0.039614561027837336,0.07769145394006682,0.19581280788177358,9.162,9.247,7.557333333333333,9.21040164953021,8.813371481219686,0.39703016831052373,0.47101680619179737,-0.07398663788127363,0.04088879179305084,-0.0076196331494617535,61.175435220428874,9.247,0.4666239328804415,10.180247865760883,8.313752134239117,0.20184878679807142,0.7480584295912179,0.5003034979059686,0.051524562091242905,26.142021035933013,30.279293631550335,22.42852887205663,67.40331491712709,48.43462246777165,118826826.0,107988652.75,0.714309121717045,-0.23996569592761616,-0.9379770515929325,7439212.25,-0.6880050893266784,0.7863496568470674,0.029866117404737293,0.05007029306802213,0.28484474241354985,3.0,2.0,0.011282051282051286,1.0,1051.16,1058.29,0.009626025567639696,-0.0053945847391521085,0.0017985781766203246,0.19950213563832725,0.01355627158726036,0.045009145766989445,0.19401422970515325,0.19366590643228876,1.6205376949227563,0.6288985034720165,0.0,0.0,0.0,0.0,0.0,0.0,0.0,0.0
2023-02-17,9.75,10.08,9.49,9.86,11464105,0.015447991761070812,0.03898840885142252,0.1078651685393257,0.09070796460176989,0.02388369678089286,0.22029702970297027,9.325999999999999,9.336,7.630666666666667,9.310339857294792,8.890899519647858,0.4194403376469342,0.46070151248282476,-0.041261174835890535,0.04253958799664648,-0.004184703330212022,62.53159912241474,9.336,0.39686137046630565,10.129722740932612,8.542277259067388,0.17003486309610366,0.8300900761544939,0.5067103909126851,0.05139050617775711,25.827826855031443,31.989937842723545,20.56315901753868,80.58823529411762,67.74672299859172,130290931.0,109619291.45,0.7123431824357259,-0.31540926855351037,-0.8788603002522207,7775592.6,1.5468734882693698,1.4743705836645815,0.05983772819472616,0.05612682090831189,0.2921544644417262,4.0,2.0,0.015166835187057526,1.0,1058.99,1059.31,0.0009638189910137207,0.0037998673363024427,-0.00081119065810209,0.19912444834202805,0.014484172770057091,0.08690809726546744,0.22110822036107236,0.22128772689788456,1.659473827386218,0.6302689137882524,0.0,0.0,0.0,0.0,0.0,0.0,0.0,0.0
2023-02-20,9.89,10.11,9.86,10.04,8237512,0.018255578093306246,0.033985581874356185,0.057955742887249695,0.15801614763552463,0.05020920502092041,0.16203703703703676,9.6,9.406,7.700833333333333,9.422595263864824,8.976018073748017,0.4465771901168072,0.4578766480096213,-0.011299457892814113,0.044479799812431,-0.0011254440132284975,64.1499093249403,9.406,0.39106332775621705,10.188126655512434,8.623873344487567,0.1663037753587994,0.9053051993123893,0.4883739344189219,0.04864282215327908,25.58409994915351,31.25901600065667,19.811277636712664,91.17647058823526,79.72267359982668,138528443.0,111328197.45,0.6791594930442453,-0.31285807231120644,-0.6909616799582937,7853859.9,0.1617401126579265,1.0488488596543464,0.024900398406374504,0.06740378481820097,0.30375500486960294,0.0,2.0,-0.018572825024438022,0.0,1059.74,1086.69,0.025847013622074755,0.04118999712561089,0.018759140510743677,0.21848445135964553,-0.007591435528768509,0.11682615050991374,0.14327789652629308,0.14063961816770765,1.6140494781181698,0.6361759105701562,0.0,0.0,0.0,0.0,0.0,0.0,0.0,0.0
2023-02-21,10.23,10.71,9.89,10.04,14755316,0.0,0.018255578093306246,0.033985581874356185,0.12808988764044926,0.12808988764044926,0.08775731310942558,9.828,9.446499999999999,7.766,9.51758060788562,9.054831549766682,0.46274905811893774,0.45885113003148464,0.0038979280874530953,0.0460905436373444,0.00038823984934791786,64.1499093249403,9.446499999999999,0.4131939139511796,10.272887827902357,8.62011217209764,0.17496169542208412,0.8590928980080073,0.5120615105318561,0.051002142483252605,26.223142068942824,36.05302807211458,17.545192783347634,69.81981981981974,80.52817523405756,138528443.0,112759550.4,0.6415189647805508,-0.27966031599224195,-0.4850166565612615,8314072.65,2.3316845652058156,1.7747398442567133,0.0816733067729084,0.06282750224951039,0.292814833891321,1.0,2.0,-0.0030333670374116384,0.0,1089.74,1082.23,-0.00410420635139741,0.041968343218054205,-0.0055683687252477965,0.20683527622522274,0.00410420635139741,0.08612154442239506,0.09332568183467338,0.09384826357045783,1.6593140214506024,0.6580440818302966,0.0,0.0,0.0,0.0,0.0,0.0,0.0,0.0
2023-02-22,9.89,10.59,9.67,9.86,12433902,-0.017928286852589626,-0.017928286852589626,0.0,0.03898840885142252,0.07290533188248105,0.05567451820128477,9.902000000000001,9.4725,7.831666666666667,9.570260514364755,9.114473657191372,0.45578685717338274,0.4582382754598643,-0.0024514182864815437,0.04622584758350738,-0.00024862254426790504,61.08981515294498,9.4725,0.42239760515666475,10.317295210313329,8.627704789686671,0.17836795150452972,0.729345523784562,0.541199974065295,0.054888435503579615,26.258435129220867,31.675350501660258,18.318398215728088,61.71171171171166,74.23600070658891,126094541.0,113150260.15,0.6459784154893287,-0.1623492041259028,-0.6017695951144311,8516819.65,1.3450406625791649,1.4599231298739548,0.09330628803245436,0.040907891264185814,0.25899127473930617,2.0,2.0,0.008088978766430666,1.0,1073.62,1054.28,-0.02582630309638434,0.0058004197672199,-0.040062643406053144,0.2225154156338505,0.007898016243794714,0.03318798908420262,0.09573716160733792,0.09973271792133698,1.6061912005418764,0.655315232906677,0.0,0.0,0.0,0.0,0.0,0.0,0.0,0.0
2023-02-23,9.89,10.0,9.23,9.97,12091785,0.011156186612576224,-0.006972111553784743,-0.006972111553784743,0.026776519052523096,0.06745182012847972,0.07204301075268815,9.953999999999999,9.506,7.9055,9.631758896770178,9.1778459788809,0.45391291788927823,0.4573732039457471,-0.0034602860564688642,0.04552787541517334,-0.0003470698150921629,62.27417150704292,9.506,0.4343949209744553,10.37478984194891,8.63721015805109,0.18278767977044186,0.7670381130142669,0.557542833060631,0.05592204945442638,25.284843931914118,28.550668101874376,22.148319639468966,66.66666666666667,66.06606606606604,138186326.0,114486814.15,0.6458357958829536,-0.2249128992771764,-0.5810586382396176,8780153.9,1.1081841505145447,1.3771723295191898,0.07723169508525572,0.0488112770881548,0.2611473025109101,3.0,2.0,-0.04112337011033096,0.0,1053.95,1053.66,-0.0005880790681791481,-0.004374982282739026,-0.04911197747455043,0.21888377917454252,0.011744265680755372,0.03115150133526212,0.12115498822723858,0.12741246640741655,1.5718916960136748,0.6602186318890546,0.0,0.0,0.0,0.0,0.0,0.0,0.0,0.0
2023-02-24,9.97,10.04,9.56,9.56,3986702,-0.04112337011033096,-0.030425963488843744,-0.04780876494023889,-0.030425963488843744,0.05752212389380551,-0.030425963488843744,9.894,9.491,7.9719999999999995,9.620719066497843,9.206153684148981,0.41456538234886153,0.44881163962637,-0.03424625727750846,0.04336457974360476,-0.003582244485095027,55.493995749410274,9.491,0.4266380198716255,10.344276039743251,8.637723960256748,0.1798074048558111,0.5404324021689175,0.5520040592705858,0.05774101038395249,24.447996731161837,27.294942257378267,20.772657728448,48.1981981981982,58.858858858858866,134199624.0,115136370.4,0.629379396499588,-0.06664561393317546,-0.5984830143993866,8491826.35,-1.424491891940214,0.4694752148340857,0.050209205020920356,0.007270045306079442,0.19919719016557957,4.0,2.0,-0.011727078891258125,0.0,1051.58,1039.56,-0.01338192585843645,-0.018644211798246046,-0.06941187002058902,0.2184384015236572,-0.02774144425189451,-0.011781751690597697,0.038985906531745274,0.04189383603314156,1.5990780618846079,0.6666578806681421,0.0,0.0,0.0,0.0,0.0,0.0,0.0,0.0
2023-02-27,9.38,9.6,9.15,9.27,6422154,-0.030334728033472924,-0.07021063189568721,-0.0598377281947261,-0.0766932270916334,0.0692041522491349,-0.04136504653567741,9.74,9.471,8.027333333333335,9.566762287036637,9.210883040878686,0.35587924615795075,0.43022516093268615,-0.0743459147747354,0.03839042569125682,-0.008020055531255168,51.24412339311755,9.471,0.4271804746178333,10.325360949235666,8.616639050764334,0.18041620720846074,0.38236821908830193,0.5447180550369726,0.05876138673538,22.80913586161789,25.684315582553076,24.92320650835764,35.1351351351351,50.00000000000001,127777470.0,115987450.2,0.6348888561320691,-0.036611598540970416,-0.6851063035438039,8290302.8,-0.591278066455714,0.7746585565004935,0.04854368932038827,-0.021222679759265173,0.15480441823768754,0.0,2.0,-0.04656084656084647,0.0,1029.55,1021.25,-0.017613220978106026,-0.0602195658375434,-0.07375495433396517,0.22168516504412952,-0.012721507055366899,-0.01647366125409,0.032389907798287765,0.03496904836343506,1.576907383964138,0.6604088877322052,0.0,0.0,0.0,0.0,0.0,0.0,0.0,0.0
2023-02-28,9.45,9.52,9.01,9.01,4713942,-0.028047464940668787,-0.05753138075313813,-0.09628886659979952,-0.10258964143426286,0.012359550561797716,-0.10258964143426286,9.533999999999999,9.419500000000001,8.0715,9.481106550569462,9.196002815628413,0.2851037349410497,0.40120087573435886,-0.11609714079330918,0.0316430338447336,-0.012885365237881153,47.71592293738892,9.419500000000001,0.4169371402829766,10.253374280565954,8.585625719434049,0.17705276937543443,0.2544593894165481,0.5422381939629031,0.06018181952973397,21.34507707907113,23.958795441754926,25.09302706416962,23.423423423423397,35.585585585585584,123063528.0,116206583.25,0.6235491446661756,0.16508147584778327,-0.5209315182788276,8129750.25,-1.0480937504025023,0.5798384765878878,0.05660377358490564,-0.043473645097935276,0.11627330731586438,1.0,2.0,0.06881243063263054,1.0,1027.74,1024.68,0.0033586291309670724,-0.053177235892555186,-0.07784517359923682,0.2191611473927923,-0.03140609407163586,-0.04941240554170767,-0.02474446783502604,-0.026833311637705637,1.5516844782701498,0.6332287398471863,0.0,0.0,0.0,0.0,0.0,0.0,0.0,0.0
2023-03-01,9.01,9.63,8.82,9.63,6688585,0.06881243063263054,0.038834951456310884,0.007322175732217495,-0.0233265720081135,0.01475237091675452,0.031049250535331918,9.488000000000001,9.434000000000001,8.123,9.504013235097238,9.228150755211493,0.2758624798857454,0.3761331965646362,-0.10027071667889076,0.02864615575137543,-0.01041232779635418,55.571434918186355,9.434000000000001,0.41906412020367967,10.27212824040736,8.595871759592642,0.17768247623645517,0.6169272138501961,0.5613640372512672,0.058293254127857436,20.349044240233706,21.489475430900335,24.92438784230121,51.35135135135136,36.63663663663664,129752113.0,117233214.5,0.6257416977080811,0.2129249373802125,-0.6675099796726917,7991110.55,-0.39974196886826685,0.83700318724786,0.08411214953271033,0.020775916896332403,0.18552259017604356,2.0,3.0,-0.015384615384615441,0.0,1023.29,1040.55,0.015487762033024932,-0.013023105816291736,-0.03291913343308839,0.2033880049728817,0.05332466859960561,-0.010303466191821764,0.0639683839684203,0.06614584796357814,1.6312816371802605,0.6421258848141393,0.0,0.0,0.0,0.0,0.0,0.0,0.0,0.0
2023-03-02,9.75,9.97,9.6,9.6,5705203,-0.0031152647975078995,0.06548279689234193,0.03559870550161803,-0.03711133400200617,-0.011328527291452284,0.06548279689234193,9.414,9.4635,8.173333333333334,9.518780429697664,9.255695143714345,0.26308528598331904,0.35352361444837277,-0.09043832846505373,0.02740471728992907,-0.009420659215109765,55.13973302144054,9.4635,0.4082733217626863,10.280046643525372,8.646953356474627,0.17256757933647643,0.583583712628266,0.5476951774476053,0.057051580984125556,19.06673479507575,24.886684989791036,23.721682411383494,49.99999999999996,41.59159159159159,124046910.0,118376234.5,0.6103291383321391,0.14424165795279212,-0.4766034375511983,7874721.8,-0.6577942234354559,0.7244958164744308,0.03854166666666677,0.014423838960215596,0.17455138662316472,3.0,3.0,-0.012307692307692242,0.0,1039.0,1037.61,-0.0028254288597376886,-0.015232617732475529,-0.03710130940339096,0.20309334224156145,-0.0002898359377702109,-0.02187871626953064,0.10258410629573289,0.10653675957558129,1.6638840012744187,0.648794887107593,0.0,0.0,0.0,0.0,0.0,0.0,0.0,0.0
2023-03-03,9.75,9.93,9.52,9.63,7637687,0.0031250000000000444,0.0,0.06881243063263054,0.007322175732217495,-0.0233265720081135,0.0,9.428,9.4635,8.224166666666667,9.5358911328211,9.283421429365134,0.2524697034559651,0.3333128322498913,-0.08084312879392619,0.02621699932045328,-0.00839492510840355,55.51191959000063,9.4635,0.4082733217626863,10.280046643525372,8.646953356474627,0.17256757933647643,0.6019537593597538,0.5378598076299193,0.05585252415679327,17.71077319053115,23.531639798105935,23.492481715776805,44.89795918367349,48.74977017834161,131684597.0,119422888.9,0.5601050915936324,0.13327567253749598,-0.060386002056016054,7778356.2,-0.042962185474725814,0.9819153049329369,0.042575285565939786,0.01759391345696626,0.17093930489411302,4.0,3.0,-0.019348268839103788,0.0,1038.1,1024.77,-0.012374591609564223,-0.01422717303474541,-0.04862832474585721,0.20641212690861882,0.015499591609564267,0.021549348766962906,0.04862832474585721,0.05111390848678243,1.6590308594065462,0.6474928512765391,0.0,0.0,0.0,0.0,0.0,0.0,0.0,0.0
2023-03-06,9.82,10.04,9.6,9.63,4494757,0.0,0.0031250000000000444,0.0,0.038834951456310884,-0.040836653386454036,0.007322175732217495,9.5,9.466999999999999,8.271666666666667,9.550369420079392,9.309093916078828,0.24127550400056386,0.3149053666000258,-0.07362986259946197,0.025054569470463535,-0.007645883966714638,55.51191959000063,9.466999999999999,0.4094424964445156,10.28588499288903,8.648115007110967,0.17299778026598334,0.5995255752733585,0.5308698213706393,0.05512666888584001,16.68270120781353,23.618569703763306,22.101679093521106,42.857142857142875,45.918367346938794,131684597.0,120731971.45,0.5593461392038427,0.10008353228157905,-0.0476224294577999,7740665.9,-0.9809147818623226,0.5806680017025408,0.045690550363447505,0.017217703601986045,0.16421519242393723,0.0,3.0,0.015511892450879028,1.0,1032.68,1027.18,0.0023517472213276935,0.005806609547123642,-0.0570187920572115,0.20092759935305854,-0.0023517472213276935,0.03302834190918724,0.064340967789429,0.06823144220423605,1.8316115963048498,0.6662844022848975,0.0,0.0,0.0,0.0,0.0,0.0,0.0,0.0
2023-03-07,9.67,9.86,9.56,9.82,5032900,0.019730010384215957,0.019730010384215957,0.022916666666666696,0.08990011098779149,-0.02191235059760943,0.10337078651685383,9.662,9.513000000000002,8.318666666666667,9.591851047759485,9.3469388111841,0.2449122365753862,0.3009067405950979,-0.05599450401971173,0.024940146290772524,-0.005702087985714026,58.06728791712257,9.513000000000002,0.39376856681369177,10.300537133627385,8.725462866372618,0.16557072082989238,0.6949114441029349,0.5143791198441651,0.052380765768244915,15.635679101357807,22.634641335731736,21.73639769662163,52.9100529100529,46.888384983623105,136717497.0,122771637.2,0.4973384636052212,0.3314615555403184,-0.14076006314371178,7513372.7,-0.7443937753981916,0.6698589569501856,0.030549898167006,0.03227162829811814,0.18047764064753968,1.0,3.0,0.061013443640124176,1.0,1033.96,1037.84,0.010377927919157148,0.012843033922785407,-0.026270359528634657,0.19337739936956203,0.009352082465058809,0.07705707706500609,0.1296411460454885,0.1331387488448348,1.8229645192648583,0.6634386906223013,0.0,0.0,0.0,0.0,0.0,0.0,0.0,0.0
2023-03-08,9.67,10.26,9.67,10.26,12650359,0.044806517311609007,0.06542056074766345,0.06542056074766345,0.06542056074766345,0.04056795131845847,0.1164309031556039,9.788,9.566500000000001,8.381166666666667,9.694643194258026,9.41457297331861,0.28007022093941636,0.29673943666396163,-0.016669215724545272,0.02729729248922187,-0.0016246798951798512,63.32147425443338,9.566500000000001,0.41942661361734224,10.405353227234686,8.727646772765317,0.1753730679422327,0.913361943117362,0.5197806112838675,0.050660878292774617,15.494823402163389,26.296290807708452,19.974050500433542,76.19047619047613,57.31922398589065,149367856.0,125081917.35,0.5079801649935078,0.32079181530689543,-0.3213850517461906,7783987.1,1.3813224834296616,1.6251772822182606,0.05750487329434697,0.07249255213505434,0.22417324557042573,2.0,3.0,-0.014619883040935755,0.0,1028.77,1049.18,0.010926539736375585,0.008293690836576939,-0.0214881274365335,0.19660104586982471,0.03387997757523342,0.05712686991108651,0.1379190305921374,0.14094773345041034,1.8299919971797836,0.636637825762281,0.0,0.0,0.0,0.0,0.0,0.0,0.0,0.0
2023-03-09,10.26,10.37,10.04,10.11,6165882,-0.014619883040935755,0.029531568228105876,0.049844236760124394,0.05312500000000009,0.014042126379137265,0.08244111349036398,9.89,9.605,8.447,9.758544241295253,9.46608608640612,0.2924581548891325,0.2958831803089958,-0.0034250254198632812,0.028927611759558113,-0.000338776005921195,60.536672216778044,9.605,0.43267223525190684,10.470344470503814,8.739655529496186,0.18018625101589048,0.7917913138717937,0.5062248533350199,0.050071696670130554,15.573620986600783,26.623957740997273,19.04399560180238,68.25396825396818,65.78483245149908,143201974.0,126806911.85,0.5115051355639317,0.4571286487238726,-0.3083522808813933,7815289.65,-0.47062399092150664,0.7889511810992187,0.03264094955489615,0.05257678292555945,0.19687463004617034,3.0,3.0,-0.02191235059760943,0.0,1050.61,1055.95,0.006452658266455691,0.017675234432976028,-0.007593770852325488,0.19666523637745878,-0.021072541307391446,0.03544976556702406,0.09003488434268947,0.09072382024447356,1.7708514316906385,0.628579118577446,0.0,0.0,0.0,0.0,0.0,0.0,0.0,0.0
2023-03-10,10.04,10.11,9.82,9.82,7880405,-0.028684470820969254,-0.042884990253411304,0.0,0.019730010384215957,0.027196652719665204,0.08628318584070804,9.928,9.644,8.504833333333334,9.767998973403676,9.492301931857519,0.2756970415461577,0.2918459525564282,-0.016148911010270495,0.02807505514726657,-0.0016444919562393578,55.45854899094421,9.644,0.4138064637891397,10.47161292757828,8.81638707242172,0.17163270999134783,0.6063299002076991,0.49078022095394697,0.049977619241746124,15.078715042303608,25.500244429119867,21.442107333166692,52.9100529100529,65.78483245149908,135321569.0,128373829.4,0.5083827981936628,0.47003895793593475,-0.28101032456436614,7973366.6,-0.027116924110350486,0.9883409850990672,0.02953156822810582,0.018249688925757068,0.15463755903505838,4.0,3.0,0.011375387797311287,1.0,1050.53,1053.0,-0.002793692883185761,0.02754764483737815,-0.0021794750307968513,0.19471186517880543,-0.025890777937783493,-0.007817634453162192,0.0884626608715049,0.08865588415735903,1.774619789862233,0.624168610701191,0.0,0.0,0.0,0.0,0.0,0.0,0.0,0.0
2023-03-13,9.67,9.82,9.6,9.78,6942134,-0.004073319755600879,-0.03264094955489616,-0.04678362573099415,0.015576323987538832,0.055016181229773364,0.12802768166089962,9.958,9.6995,8.554666666666666,9.769845285187726,9.513612899868074,0.2562323853196524,0.28472323910907305,-0.028490853789420623,0.026199630400782457,-0.002913175234092088,54.77601885308153,9.6995,0.34501678067502634,10.389533561350053,9.009466438649948,0.14228229524203356,0.5583304961591292,0.4714387766000937,0.048204373885490155,14.088122702564563,24.650254681494097,24.060647070991404,54.23728813559318,58.467103099871444,128379435.0,129950203.45,0.4806554135243624,0.5508322165030397,-0.02749745761272066,7963910.1,-0.29781737880021675,0.8716991920840493,0.02249488752556244,0.008299396876127574,0.14323566084788042,0.0,3.0,-0.026666666666666616,0.0,1046.95,1052.8,-0.00018993352326690527,0.024942074417336757,0.008718980549966338,0.19037862788537874,-0.003883386232333974,-0.009365750429797925,0.11930870111093328,0.11827744239122451,1.7681414233664503,0.6369859517467467,0.0,0.0,0.0,0.0,0.0,0.0,0.0,0.0
2023-03-14,9.75,9.89,9.34,9.49,7911671,-0.02965235173824121,-0.033604887983706755,-0.061325420375865414,-0.033604887983706755,0.05327413984461704,0.06629213483146068,9.892,9.729,8.599666666666668,9.726792164389614,9.511863796174142,0.2149283682154728,0.270764264930353,-0.05583589671488021,0.022647878631767416,-0.005883656134339326,49.97403760769628,9.729,0.29459874584360285,10.318197491687204,9.139802508312794,0.12112190187834417,0.29718175707468897,0.4770502925572299,0.05026873472678924,13.574543953439704,22.620274032501847,25.97219217432677,43.22580645161293,50.12438249908636,120467764.0,130954872.4,0.4908228994697161,0.7117988127688208,0.06369283274534907,8183372.1,-0.08313084693922355,0.9667983935375491,0.05795574288724981,-0.024565731318737738,0.10353114461800828,1.0,3.0,0.011201629327902252,1.0,1049.3,1040.13,-0.01203457446808498,0.0022065058197797693,0.0014345682815990468,0.1947170947176334,-0.017617777270156232,-0.035811393803486524,0.06485756654986163,0.06476465722683544,1.8401120429085753,0.6503366620143952,0.0,0.0,0.0,0.0,0.0,0.0,0.0,0.0
2023-03-15,9.82,9.93,9.67,9.93,5653117,0.04636459430979967,0.015337423312883569,0.011201629327902252,-0.032163742690058506,0.031152647975077663,0.04636459430979967,9.826,9.751,8.652,9.758054908329674,9.54283684830939,0.21521806002028399,0.2596550239483392,-0.04443696392805524,0.02167352064655428,-0.0044750215436108,56.24200554290673,9.751,0.2922309829029327,10.335461965805864,9.166538034194135,0.1198773388997774,0.6531322912973409,0.4744038430888563,0.0477748079646381,12.99762671811653,21.72397308839162,24.25157184462484,71.61290322580646,56.35866593767088,126120881.0,131612066.25,0.4613066445372641,0.5718105313860167,-0.05650828654594894,7835897.0,-0.6949933869116564,0.721438400734466,0.026183282980866043,0.018357091580350815,0.14771151178918185,2.0,3.0,-0.019348268839103788,0.0,1052.06,1062.19,0.021208887350619543,0.012400160125050075,0.01334668956306051,0.20643621347433072,0.025155706959180124,-0.04456390281510858,0.03301790474673916,0.03258302917136491,1.8928892345398993,0.67010433153957,0.0,0.0,0.0,0.0,0.0,0.0,0.0,0.0
2023-03-16,9.82,9.82,9.63,9.63,4041559,-0.030211480362537624,0.01475237091675452,-0.015337423312883236,-0.047477744807121525,0.0031250000000000444,-0.008238928939237944,9.73,9.747,8.698,9.738354153202032,9.54929337806425,0.18906077513778108,0.2455361741862276,-0.056475399048446534,0.0196324792458755,-0.00586452741936101,51.50370057021867,9.747,0.29336702358361394,10.333734047167228,9.160265952832772,0.12039274590483805,0.40029554227773295,0.4619464257253665,0.04796951461322601,12.555819244195552,20.716250800453157,23.745101308683324,52.2580645161291,55.69892473118285,122079322.0,131774691.05,0.46868511210769953,0.7471317146543445,0.08991222532014924,7745483.85,-1.1482263384779132,0.52179554928644,0.01973001038421594,-0.012003693444136543,0.1071510692113129,3.0,3.0,-0.022403258655804503,0.0,1056.15,1047.4,-0.013924062550014549,-0.00809697428855527,-0.010290185109941397,0.209892917266752,-0.016287417812523075,-0.039380770518566255,0.0020512561707034527,0.0020725834379355934,1.9072457028725969,0.6760224672067952,0.0,0.0,0.0,0.0,0.0,0.0,0.0,0.0
2023-03-17,9.82,9.82,9.6,9.6,3388791,-0.0031152647975078995,-0.0332326283987916,0.011591148577449806,-0.022403258655804503,-0.0031152647975078995,-0.026369168356997985,9.685999999999998,9.734,8.743333333333334,9.717068898863257,9.553049424133565,0.1640194747296917,0.22923283429492045,-0.06521335956522875,0.017085361951009553,-0.006793058288044662,51.040613367918,9.734,0.29385639170751554,10.32171278341503,9.14628721658497,0.12075462983666127,0.38599873630333104,0.44466453817355467,0.046319222726411945,12.219526849147183,19.984145907752982,23.38786213542686,50.32258064516129,58.064516129032306,118690531.0,131194671.05,0.4651865564519436,0.8610867596738553,0.32124970129099784,7341718.15,-1.2195957227967396,0.4615801002930084,0.022916666666666734,-0.01376618039860289,0.09797941288600831,4.0,3.0,-0.007322175732217606,0.0,1053.37,1045.14,-0.002157723887721952,-0.007464387464387379,-0.013376631958538887,0.20990965570985362,-0.0009575409097859477,-0.014938871191417125,-0.012992536398459098,-0.013168689106006548,1.9148287011040384,0.6778446110360123,0.0,0.0,0.0,0.0,0.0,0.0,0.0,0.0
2023-03-20,9.56,9.89,9.45,9.49,5741456,-0.011458333333333237,-0.014537902388369717,-0.04431017119838865,-0.02965235173824121,-0.014537902388369717,-0.054780876494023856,9.628,9.7065,8.7825,9.682135222115063,9.548379096419968,0.1337561256950952,0.2101374925749554,-0.07638136687986019,0.014094428418871992,-0.00804861610957431,49.29058755891167,9.7065,0.28941456334067833,10.285329126681356,9.127670873318644,0.11926629097642938,0.31298453203169346,0.44433135687544373,0.04682100704693822,12.278832006949852,18.570621637223336,24.144913085216174,43.22580645161293,48.60215053763446,112949075.0,129915702.65,0.4608676670740303,1.0365897476432828,0.6960059944427318,7216915.35,-0.4535821226824931,0.79555540304349,0.046364594309799924,-0.022304641219801136,0.08055792769712489,0.0,3.0,0.0,0.0,1041.91,1023.1,-0.021088083893067044,-0.028210486322188366,-0.05851714840478883,0.1972409728565119,0.009629750559733807,-0.0014418654160528455,0.0037362719107649767,0.003968497041060726,1.8780162595934609,0.6820913300549108,0.0,0.0,0.0,0.0,0.0,0.0,0.0,0.0
2023-03-21,9.63,9.75,9.41,9.63,3783388,0.01475237091675452,0.0031250000000000444,0.0,0.01475237091675452,-0.019348268839103788,-0.040836653386454036,9.656,9.686,8.827333333333334,9.674114418712746,9.554425089277748,0.11968932943499766,0.19204785994696386,-0.0723585305119662,0.012428798487538696,-0.007513866096777382,51.566694748038806,9.686,0.2788774490326134,10.243754898065227,9.128245101934773,0.1151672306556322,0.44979873758683675,0.4368791170986263,0.04536647114212111,12.432980231064583,17.53829760629948,23.456708583880832,28.15533980582535,40.56790896753321,116732463.0,128825903.65,0.46485222088124556,0.9379360971442572,0.43922184403223447,6668318.95,-1.0267926559965186,0.5673675822000086,0.03530633437175491,-0.0057815403675406385,0.09092968809002344,1.0,3.0,-0.015384615384615441,0.0,1028.83,1032.43,0.009119343172710348,-0.007402920788747602,-0.04601609639355775,0.20173696175649128,0.005633027744044172,0.022155291705502123,0.005179443007103712,0.005429277147678713,1.858786988941605,0.676846048411515,0.0,0.0,0.0,0.0,0.0,0.0,0.0,0.0
2023-03-22,9.75,9.93,9.6,9.6,4819576,-0.0031152647975078995,0.011591148577449806,0.0,-0.0332326283987916,-0.06432748538011701,-0.026369168356997985,9.59,9.673,8.875833333333334,9.662712200449246,9.557801008590507,0.1049111918587382,0.17462052632931874,-0.06970933447058053,0.010928249151951897,-0.007261389007352139,51.03803531905777,9.673,0.27638836139711004,10.22577672279422,9.12022327720578,0.11429271638462124,0.43396972322659133,0.42924489444872443,0.0447130098384088,11.98952847320183,19.570497797156126,22.1686137502408,25.242718446601938,32.20795490134676,111912887.0,128116820.95,0.46094269409780014,0.8871985111434715,0.451663170445148,6287602.65,-0.5909149488686346,0.7665204479802806,0.03437500000000001,-0.007546779696061212,0.08158858323162121,2.0,3.0,0.015756302521008347,1.0,1035.84,1040.54,0.007855254109237375,-0.020382417458270297,-0.013032590962552604,0.18425692100308183,-0.010970518906745275,-0.0128502109405213,-0.013336577394445381,-0.01351268266036465,1.8191361028066708,0.6645074344242119,0.0,0.0,0.0,0.0,0.0,0.0,0.0,0.0
2023-03-23,9.52,9.67,9.52,9.67,2473294,0.007291666666666696,0.004153686396676903,0.018967334035827177,0.004153686396676903,-0.04352126607319484,-0.030090270812437425,9.597999999999999,9.658,8.928666666666667,9.663833400380131,9.566112044991211,0.09772135538892002,0.159240692141239,-0.06151933675231899,0.010105621032980353,-0.006361875569009203,52.26768293610834,9.658,0.2674164896698741,10.192832979339748,9.12316702066025,0.11075439621862676,0.5112184555399093,0.40929883055952987,0.04232666293273318,11.800181324623194,19.05819751845051,22.984417961951795,32.03883495145634,28.478964401294558,114386181.0,126926813.7,0.4598003079920658,0.9131479380952843,0.5194804455170291,5806678.1,-1.5026409269407113,0.4259395746425138,0.015511892450879044,0.00124249326982806,0.08302844769655793,3.0,3.0,-0.01120162932790214,0.0,1035.33,1045.1,0.004382339938877822,-0.0021959136910446597,-0.008124062790653697,0.1851009582106375,0.0029093267277888746,0.006349600087721563,-0.02196620802178373,-0.022146124528019007,1.8042337696137447,0.6643734675077257,0.0,0.0,0.0,0.0,0.0,0.0,0.0,0.0
2023-03-24,9.82,9.89,9.71,9.71,5872750,0.004136504653567741,0.01145833333333357,0.008307372793354029,0.01145833333333357,-0.01120162932790214,0.01569037656903771,9.620000000000001,9.6655,8.9815,9.670935954167803,9.5767704120289,0.09416554213890294,0.14622566214077182,-0.05206012000186888,0.009697790127590415,-0.005361495365794941,52.99415733373432,9.6655,0.2666255999080087,10.198751199816018,9.132248800183982,0.11034115148021684,0.5417251756914513,0.3957774855195635,0.04075978223682425,10.989551931991565,22.271979648463763,22.07182509336928,35.922330097087496,31.067961165048604,120258931.0,126229779.05,0.4349894722708232,0.9847223384880284,0.7420945721542784,5900980.5,-0.012969961519608005,0.9952159645333517,0.018537590113285242,0.004604003931509171,0.08111117296665382,4.0,3.0,0.0,0.0,1047.1,1046.79,0.0016170701368289908,0.0015787358631378368,0.006954865520027775,0.17863161892445437,0.00251943451673875,0.009879597470195733,0.008735511049009936,0.008675176364035586,1.8057936867452027,0.6646221571598377,0.0,0.0,0.0,0.0,0.0,0.0,0.0,0.0
2023-03-27,9.86,9.93,9.71,9.86,5443600,0.015447991761070812,0.01964839710444677,0.027083333333333348,0.03898840885142252,0.008179959100204526,0.06364617044228704,9.693999999999999,9.695,9.0375,9.700022730449678,9.59775038150824,0.10227234894143855,0.13743499950090518,-0.03516265055946663,0.010372449182701679,-0.0035661917403110176,55.71604471033377,9.695,0.2528469476726173,10.200693895345236,9.189306104654765,0.10432055602789793,0.6631421711026928,0.3832219508395946,0.038866323614563346,10.359340342216862,22.104259699844906,21.16675437653521,50.485436893203875,39.48220064724925,125702531.0,126126032.1,0.4212059519319822,0.9029686339792409,0.7475876489197112,5852052.8,-0.18777088305171058,0.9302035005562492,0.022312373225152015,0.017019082001031416,0.09100968188105107,0.0,3.0,0.02564102564102555,1.0,1047.78,1052.25,0.005215945891726248,0.028491838529957958,0.030354957160342755,0.16602268488996227,0.010232045869344564,0.01049657032146456,0.03329121328194429,0.03231043151740143,1.803282388318443,0.6646921986729759,0.0,0.0,0.0,0.0,0.0,0.0,0.0,0.0
2023-03-28,9.75,10.34,9.75,10.0,13762037,0.014198782961460488,0.029866117404737214,0.03412616339193386,0.03842159916926269,0.05374077976817704,0.10987791342952269,9.768,9.744499999999999,9.101,9.746173079611266,9.627546649544666,0.11862643006660001,0.13367328561404415,-0.015046855547444143,0.011862643006660002,-0.0015046855547444144,58.15170935520663,9.744499999999999,0.20384398058575395,10.152187961171506,9.33681203882849,0.08367550129232036,0.8133523973406178,0.3979918114939093,0.039799181149390926,10.89084010849417,27.12203823728804,18.925433122914594,64.07766990291267,50.161812297734706,139464568.0,126946084.1,0.40575865843828907,0.8474350764419502,0.8726406297473838,6304457.55,2.6803571144122005,2.182905807653507,0.05899999999999998,0.026219918928626518,0.09878035380727379,1.0,3.0,0.0040000000000000036,1.0,1055.57,1054.29,0.0019387027797577172,0.021173348314171392,0.028896826326267666,0.1658937887022542,0.01226008018170277,0.017248250855091296,0.08098108710325502,0.07870671289015685,1.8352326066354017,0.6469743527659205,0.0,0.0,0.0,0.0,0.0,0.0,0.0,0.0
2023-03-29,10.0,10.15,9.93,10.04,4897507,0.0040000000000000036,0.018255578093306246,0.033985581874356185,0.04583333333333339,0.011077542799597051,0.04257528556593959,9.856,9.765,9.161333333333335,9.791377221209533,9.658098749578395,0.13327847163113837,0.133594322817463,-0.0003158511863246283,0.01327474817043211,-3.145928150643708e-05,58.84813893398423,9.765,0.21216924723832514,10.189338494476651,9.34066150552335,0.08691008591431651,0.8240337650007036,0.38527811067291584,0.03837431381204341,11.384375605751671,26.015815365528905,18.15352406521947,69.99999999999993,61.52103559870551,144362075.0,127676582.2,0.32980700924566425,0.4498859753785564,0.4961665989349221,6214903.65,-0.4708227441755611,0.7880262150162215,0.02191235059760963,0.028161802355350485,0.0959103478387422,2.0,3.0,-0.03238469087340534,0.0,1055.18,1056.33,0.0019349514839370752,0.015174813077824867,0.015165056941040866,0.15747461688113293,0.0020650485160629284,0.030658520255508526,0.027410228624898725,0.027000760553651304,1.8461688555525928,0.6417305954802522,0.0,0.0,0.0,0.0,0.0,0.0,0.0,0.0
2023-03-30,10.19,10.3,9.86,9.86,7157435,-0.017928286852589626,-0.014000000000000012,0.0,0.01964839710444677,0.02388369678089286,0.027083333333333348,9.894,9.778,9.219,9.801934571792682,9.673054397757772,0.1288801740349097,0.13265149306095236,-0.0037713190260426632,0.013071011565406665,-0.00038248671663718695,54.456314900096004,9.778,0.20947553556440376,10.196951071128808,9.359048928871193,0.08569258971748979,0.5978634566789159,0.38918681705342195,0.03947127962002251,12.215482079050288,26.667915202470923,16.687546023918742,51.99999999999996,62.02588996763753,137204640.0,128334468.7,0.3371372075729873,0.4879770694689977,0.2895996500236272,6287515.25,0.3103543064798159,1.1383566823158004,0.04462474645030439,0.008386173041521783,0.06953031782188956,3.0,3.0,0.004044489383215222,1.0,1061.32,1059.44,0.002944155708916929,0.0137211750071764,0.021038733242740637,0.1570441969933868,-0.020872442561506555,0.005927222097270368,0.006044600090592711,0.005920049743260547,1.8748377644777428,0.6453984918125734,0.0,0.0,0.0,0.0,0.0,0.0,0.0,0.0
2023-03-31,9.89,9.93,9.75,9.93,5546000,0.007099391480730244,-0.010956175298804771,-0.007000000000000006,0.022657054582904124,0.034375000000000044,0.031152647975077663,9.937999999999999,9.793000000000001,9.274333333333333,9.82163694536304,9.69208740533127,0.12954954003176944,0.1320311024551158,-0.0024815624233463507,0.013046277948818675,-0.0002499055814044663,55.836649673605066,9.793000000000001,0.20906055531703735,10.211121110634076,9.374878889365926,0.0853918330713929,0.6638281307923437,0.3742449015496061,0.03768830831315268,12.56761518244831,25.751741878423935,18.213712767098553,58.999999999999986,60.33333333333331,142750640.0,128887770.85,0.33767824484974374,0.45550918467730345,0.24370739444783843,6182930.9,-0.22837679617366963,0.8969856027341336,0.01812688821752263,0.01398958439701814,0.07069690543794716,4.0,3.0,0.025793650793650702,1.0,1060.0,1064.64,0.0049082534168995995,0.01705213079987411,0.03890629116777444,0.14917930544829908,0.0021911380638306444,0.005604923783030014,-0.00775364319269678,-0.007463274848380608,1.9037036967171885,0.656923986220367,0.0,0.0,0.0,0.0,0.0,0.0,0.0,0.0
2023-04-03,10.08,10.34,9.93,10.34,10292236,0.04128902316213501,0.04868154158215021,0.029880478087649376,0.04868154158215021,0.08956796628029506,0.07372793354101748,10.034,9.828500000000002,9.330833333333334,9.90138510761488,9.740080930862288,0.16130417675259245,0.13788571731461113,0.02341845943798132,0.015600017094061166,0.0022648413382960657,62.92448958179017,9.828500000000002,0.23817894643799126,10.304857892875985,9.352142107124019,0.09693399661718126,1.0368862441974527,0.37679883715320567,0.036440893341702675,13.846521226562764,31.52249555162684,16.798099087902315,100.0,70.33333333333333,153042876.0,129955684.8,0.3655022249483622,0.35568984024894834,-0.3787731298229794,6472804.85,1.3155959087923743,1.590073583015561,0.03965183752417797,0.052042529378847124,0.10815396981334269,0.0,4.0,-0.018181818181818188,0.0,1074.69,1079.28,0.013751127141568897,0.02568781183178892,0.05072139255047792,0.15495991016373328,0.02753789602056611,0.02299372975036129,0.02300654099053956,0.02189594801595729,1.9375684731359986,0.6783407661013283,0.0,0.0,0.0,0.0,0.0,0.0,0.0,0.0
2023-04-04,10.45,10.71,10.26,10.26,12703479,-0.007736943907156735,0.0332326283987916,0.04056795131845847,0.026000000000000023,0.06542056074766345,0.044806517311609007,10.086,9.8505,9.378166666666667,9.956556629520284,9.778593454502118,0.1779631750181654,0.14590120885532198,0.0320619661628434,0.01734533869572762,0.003124947969088051,60.87163737101201,9.8505,0.25693486784744884,10.364369735694899,9.336630264305102,0.10433373649964944,0.898447282993071,0.3820274916422625,0.03723464830821272,15.705456326792353,35.788246334507335,15.384748187596918,65.38461538461533,74.79487179487178,140339397.0,130136779.8,0.36263009558455456,0.5375194346933448,-0.1598662773915472,6856333.8,1.830111894361181,1.8528092958367925,0.04385964912280712,0.04157149383280023,0.0940304608221223,1.0,4.0,-0.014619883040935755,0.0,1081.36,1078.45,-0.0007690312059891458,0.022915896005842873,0.039129345563863493,0.15249707022883224,-0.006967912701167589,0.00308410399415715,0.005677171747745513,0.005463392764319286,1.9792622327198548,0.65636691559618,0.0,0.0,0.0,0.0,0.0,0.0,0.0,0.0
2023-04-05,10.26,10.34,10.0,10.11,10346933,-0.014619883040935755,-0.022243713733075432,0.01812688821752273,0.006972111553784854,0.05312500000000009,-0.014619883040935755,10.1,9.843,9.4175,9.98016330190178,9.803142087501962,0.17702121439981688,0.15212520996422096,0.02489600443559592,0.01750951675566933,0.002462512802729567,57.109519121387514,9.843,0.24632242456199863,10.335644849123998,9.350355150876002,0.10010054843523278,0.770986290097997,0.3790255279535295,0.03749016102408798,16.504365283068942,33.49514716000221,19.298767558036534,53.84615384615376,73.07692307692305,129992464.0,129168010.2,0.3304719793227455,0.6642614237776236,0.4537320385045613,6741162.5,1.197392456856064,1.5348885299827737,0.03363006923837783,0.027125876257238613,0.07353331563578425,2.0,4.0,-0.013847675568743667,0.0,1079.06,1080.86,0.0022346886735591376,0.02322190981984784,0.030195009435940223,0.14879867448146264,-0.016854571714494893,-0.016249798266062987,-0.04481489247687598,-0.04350136825202966,1.965547592763793,0.6573620955313114,0.0,0.0,0.0,0.0,0.0,0.0,0.0,0.0
2023-04-06,10.11,10.45,9.97,9.97,14579847,-0.013847675568743667,-0.02826510721247555,-0.03578336557059958,0.011156186612576224,0.031023784901758056,-0.013847675568743667,10.122,9.836000000000002,9.453166666666668,9.978599716993813,9.815501932872188,0.163097784121625,0.15431972479570177,0.008778059325923238,0.01635885497709378,0.0008804472744155704,53.769311999606444,9.836000000000002,0.24024986992711567,10.316499739854233,9.35550026014577,0.09770226511879446,0.6394381608204929,0.38623799024256306,0.03874001908150081,17.458073599604198,32.55611275910412,17.585647545824084,43.076923076923094,54.10256410256408,115412617.0,127778542.35,0.3300464572481423,0.663474602886681,0.4651730137785743,7161860.75,2.132656110297861,2.035762423892422,0.048144433299899564,0.013623424156160802,0.054673037253830215,3.0,4.0,-0.007049345417925457,0.0,1083.27,1070.91,-0.00920563255185669,0.010826474363814897,0.014167337468630192,0.1522688757950732,-0.004642043016886976,0.0003297122487613269,-0.02801501303737386,-0.02762365933347799,1.9784385994431655,0.660946188236637,0.0,0.0,0.0,0.0,0.0,0.0,0.0,0.0
2023-04-07,9.93,10.0,9.86,9.86,6571648,-0.011033099297893756,-0.024727992087042572,-0.03898635477582846,-0.007049345417925457,0.015447991761070812,0.004073319755600657,10.107999999999999,9.838,9.491333333333333,9.960353606687072,9.818798085992766,0.14155552069430577,0.15176688397542257,-0.010211363281116798,0.014356543680964074,-0.0010356352212086003,51.23377148658714,9.838,0.2402761569089689,10.318552313817937,9.357447686182061,0.09769309083511653,0.5228903278242618,0.3686495623680943,0.03738839374929963,17.955368611040953,31.672994587201963,19.239949822323503,34.61538461538454,43.84615384615381,108840969.0,126454512.35,0.3156842583981698,0.7680734749420689,0.7744357419147636,7096422.9,-0.15095501797290348,0.9260507853893544,0.014198782961460505,0.0022362268753812753,0.03884245276392484,4.0,4.0,-0.04112337011033096,0.0,1071.09,1069.71,-0.0011205423424938132,0.004762173128944891,0.015868945868945827,0.15186810329243391,-0.009912556955399943,-0.011811518546870348,-0.01179562611334517,-0.011611365975219834,1.963153812236338,0.6610756620025844,0.0,0.0,0.0,0.0,0.0,0.0,0.0,0.0
2023-04-10,9.97,10.0,9.56,9.56,13796453,-0.030425963488843744,-0.04112337011033096,-0.054401582591493414,-0.07543520309477747,-0.030425963488843744,-0.02249488752556228,9.952,9.827,9.525166666666667,9.89876074411983,9.79962785740071,0.09913288671912035,0.14124008452416212,-0.04210719780504177,0.010369548819991668,-0.004404518598853741,45.00112242909815,9.827,0.24798344596702387,10.322966891934048,9.331033108065952,0.10093963405597794,0.2308288069806236,0.3737460221989447,0.03909477219654233,17.44408706529054,29.009589725033926,23.355506682391816,3.3613445378152003,27.01788407670763,95044516.0,124787766.4,0.3339556826751715,0.6746017774172643,0.41396564223156046,7439138.85,1.6798032729645929,1.8545766221314717,0.04602510460251041,-0.02717004172178683,0.0036569788805094205,0.0,4.0,0.024159663865546355,1.0,1073.86,1065.35,-0.00407587103046636,-0.01290675264991481,0.011920592705167099,0.1528379223362318,-0.026350092458377383,-0.06252845044486266,-0.03441548023072938,-0.0340100601557346,1.9837234747120567,0.6627996313697865,0.0,0.0,0.0,0.0,0.0,0.0,0.0,0.0
2023-04-11,9.52,9.75,9.52,9.75,5731559,0.01987447698744771,-0.011156186612576002,-0.0220661985957874,-0.049707602339181256,-0.025000000000000022,0.02739726027397249,9.85,9.84,9.553500000000001,9.875874475793703,9.795951719815472,0.07992275597823095,0.12897661881497588,-0.04905386283674493,0.00819720574135702,-0.0050311654191533255,49.21488280928831,9.84,0.23590809985870237,10.311816199717404,9.368183800282596,0.09589760156857804,0.4046238767830506,0.36347844918473443,0.037279840942024044,16.846828734591302,27.69840850375318,23.085935475934782,19.32773109243699,19.101486748545593,100776075.0,123803181.95,0.323568034082311,0.5604430095620506,0.28174498794805763,7330133.25,-0.42050143743304813,0.7819174364940774,0.023589743589743632,-0.009146341463414642,0.020568378081331273,1.0,4.0,-0.004102564102564044,0.0,1063.64,1069.46,0.003857887079363742,-0.008336037832073817,0.028198398277138326,0.145602135561083,0.016016589908083967,-0.04137156450710744,-0.0008011380031658355,-0.0007791667488572518,1.9979554180565178,0.6893011673125361,0.0,0.0,0.0,0.0,0.0,0.0,0.0,0.0
2023-04-12,9.75,9.89,9.63,9.71,5440158,-0.004102564102564044,0.01569037656903771,-0.01521298174442176,-0.03956478733926794,-0.0328685258964142,-0.022155085599194213,9.77,9.829,9.582500000000001,9.850355325671595,9.789584925755067,0.060770399916528106,0.11533537503528633,-0.05456497511875823,0.006258537581516797,-0.005619461907184163,48.37460191904149,9.829,0.2366187250676228,10.302237450135246,9.355762549864755,0.09629411946998588,0.3742703055664857,0.3560871313858248,0.036672207145811,16.65022098605675,29.062122443766775,21.881907686367214,15.96638655462194,12.885154061624725,95335917.0,122263933.75,0.2771127804232225,0.38600712053728564,0.528699977092214,7319485.3,-0.49367257030449274,0.7432432441663623,0.026776519052523148,-0.012107030216705672,0.013305504826506498,2.0,4.0,-0.004119464469619083,0.0,1071.61,1069.45,-9.350513343164835e-06,-0.010556408785596494,0.006834935369378403,0.12546341982543494,-0.004093213589220879,-0.029008378553671443,-0.028990020968572616,-0.028793221162848326,2.003070128658324,0.6915899895601932,0.0,0.0,0.0,0.0,0.0,0.0,0.0,0.0
2023-04-13,9.71,9.82,9.67,9.67,3195244,-0.004119464469619083,-0.008205128205128198,0.011506276150627492,-0.030090270812437425,-0.01926977687626774,0.004153686396676903,9.709999999999999,9.831,9.608333333333333,9.82260835249135,9.780726783106543,0.041881569384807804,0.10064461390519064,-0.058763044520382834,0.004331082666474437,-0.00607684017790929,47.5011937710022,9.831,0.2350117578245507,10.301023515649101,9.360976484350898,0.09562069283879596,0.3287319733591851,0.34136662200112305,0.03530161551200859,16.467656648131804,28.14996565028552,21.19511232965952,12.605042016806738,15.966386554621904,92140673.0,120767001.3,0.25521431295427766,0.5742729317649655,1.0406000076715873,7277169.55,-1.0603376996361413,0.4390778554829742,0.015511892450879044,-0.01637676736852811,0.006418039895923711,3.0,4.0,-0.030769230769230882,0.0,1070.96,1064.3,-0.004815559399691471,-0.006172320736569925,0.01613519190376156,0.11546710519899946,0.0006960949300723884,-0.0239179500758675,-0.011981505507084655,-0.01179125140291315,2.0007164304063823,0.692940296408567,0.0,0.0,0.0,0.0,0.0,0.0,0.0,0.0
2023-04-14,9.75,9.78,9.45,9.45,5909965,-0.022750775594622574,-0.026776519052523318,-0.030769230769230882,-0.04158215010141986,-0.048338368580060465,-0.015625,9.628,9.8235,9.631166666666667,9.765283990569603,9.756228502876429,0.009055487693174769,0.08232678866278748,-0.07327130096961271,0.00095825266594442,-0.00775357682218124,42.91209957859174,9.8235,0.24495488306387692,10.313409766127753,9.333590233872245,0.0997424067038742,0.1188073541050801,0.34055472042961427,0.036037536553398336,15.554130416616658,26.20157126662578,24.34241709681845,0.0,9.523809523809573,86230708.0,119144010.15,0.267929997153093,0.541412819510298,0.6113576181899446,7403228.25,-0.3975936970452496,0.7982956624361811,0.03492063492063493,-0.03802107191937698,-0.018810459099797616,4.0,4.0,0.004232804232804366,1.0,1067.21,1052.89,-0.010720661467631176,-0.015723887782669976,0.007415274508678182,0.12220573842736591,-0.012030114126991398,-0.02585826231874988,-0.023040274508678182,-0.022870682122538843,2.0143290621711603,0.6991047617348661,0.0,0.0,0.0,0.0,0.0,0.0,0.0,0.0
2023-04-17,9.45,9.52,9.41,9.49,2543390,0.004232804232804366,-0.018614270941054833,-0.022657054582904235,-0.007322175732217606,-0.08220502901353965,0.0,9.614,9.8235,9.645333333333333,9.722932607405049,9.73650787303373,-0.013575265628681166,0.06314637780449375,-0.07672164343317492,-0.0014304810989126623,-0.008084472437636978,43.971962866993394,9.8235,0.24495488306387692,10.313409766127753,9.333590233872245,0.0997424067038742,0.15963119837762937,0.3240865261132132,0.034150318873889696,14.575801578849543,25.56634125261536,24.633859133083256,6.153846153846156,6.252962723550979,88774098.0,117935261.3,0.2653130607555488,0.4182624111290318,0.6502873064357201,7243324.95,-1.2064420592132945,0.35113570322424925,0.011591148577449887,-0.033949203440728715,-0.01610450649709705,0.0,4.0,0.027310924369747802,1.0,1052.99,1053.81,0.0008737854856630811,-0.01083212089923491,0.03001661616655249,0.09216601012826471,0.0033590187471412847,0.003509945167017303,-0.03001661616655249,-0.029141875670187112,1.9687002052846445,0.707455512751987,0.0,0.0,0.0,0.0,0.0,0.0,0.0,0.0
2023-04-18,9.52,9.82,9.49,9.78,4037090,0.030558482613276983,0.03492063492063502,0.011375387797311287,0.003076923076922977,-0.04678362573099415,0.015576323987538832,9.620000000000001,9.831,9.6545,9.731712206265811,9.73972951206827,-0.008017305802457741,0.048913641083103455,-0.0569309468855612,-0.0008197654194742067,-0.005821160213247567,51.06522577924136,9.831,0.24098263750515966,10.312965275010319,9.34903472498968,0.09805010172115129,0.4470916239775695,0.3245089171051266,0.03318087086964485,14.538183813170674,30.31265753239078,22.844523862502694,28.461538461538385,11.538461538461528,92811188.0,116739197.55,0.2822567126967489,0.45963181655016677,0.20051886814949255,7256010.05,-0.8287138396384504,0.5563787773419636,0.033742331288343565,-0.005187671650900283,0.012999119581542207,1.0,4.0,-0.026584867075664653,0.0,1055.85,1055.02,0.0011482145737846672,-0.013502141267555667,0.021880418042869554,0.08765394972562009,0.029410268039492315,0.016579064344478645,-0.006304094055330722,-0.006169111320681209,1.8973462946494246,0.6839803678478436,0.0,0.0,0.0,0.0,0.0,0.0,0.0,0.0
2023-04-19,9.78,9.78,9.49,9.52,2764447,-0.026584867075664653,0.0031612223393044925,0.007407407407407529,-0.019567456230690117,-0.05835806132542032,-0.008333333333333304,9.581999999999999,9.827,9.6575,9.699141097609532,9.723453251915064,-0.02431215430553202,0.03426848200537636,-0.05858063631090838,-0.00255379772116933,-0.006153428183918948,45.50309015907187,9.827,0.24563773068654943,10.3182754613731,9.3357245386269,0.09998482983069087,0.1875480009301249,0.32204399445476034,0.03382815067802104,14.503253030754582,28.36290824441441,21.3751345789178,8.461538461538414,14.358974358974331,90046741.0,115645890.25,0.2985346653813588,0.41432627328939003,-0.1246419938152268,7153253.6,-1.103232873412096,0.3864600857992788,0.030462184873949492,-0.031240459957260658,-0.014237639140564418,2.0,4.0,0.0,0.0,1057.88,1048.98,-0.005725009952417981,-0.019140679788676396,0.008111173044765163,0.08702011059140509,-0.020859857123246672,-0.000426776442013721,-0.016444506378098467,-0.01631219533896411,1.9215179821658135,0.6851530538751959,0.0,0.0,0.0,0.0,0.0,0.0,0.0,0.0
2023-04-20,9.49,9.56,9.41,9.49,2152011,-0.0031512605042015585,-0.02965235173824121,0.0,-0.018614270941054833,-0.0481444332998997,-0.018614270941054833,9.546,9.818,9.660666666666666,9.666965544131143,9.706160418439874,-0.039194874308730476,0.019575810742554996,-0.05877068505128547,-0.004130123741699734,-0.00619290674934515,44.895443418131336,9.818,0.2548188210845948,10.32763764216919,9.30836235783081,0.10381699779368311,0.17820273380521862,0.3097551377079918,0.03264016203456183,14.16942353970857,27.381848479377663,22.48055376551263,6.153846153846156,14.358974358974335,87894730.0,114321317.7,0.29733418640785175,0.5082779854075145,-0.007408042642872436,7137189.45,-1.2467243202034841,0.30152078981173747,0.01580611169652269,-0.03340802607455684,-0.01766613760264979,3.0,4.0,-0.027083333333333348,0.0,1050.02,1049.25,0.0002573928959559435,-0.014140749788593365,0.003970911874461969,0.08575047655802119,-0.003408653400157502,-0.004473521152461468,-0.022585182815516802,-0.02249585376268437,1.95430764458119,0.6922080659407138,0.0,0.0,0.0,0.0,0.0,0.0,0.0,0.0
2023-04-21,9.6,9.6,9.23,9.34,3817866,-0.015806111696522684,-0.018907563025210017,-0.04498977505112467,-0.011640211640211562,-0.05273833671399586,-0.03810504634397538,9.524000000000001,9.799499999999998,9.652,9.616663152726352,9.679037424481365,-0.06237427175501331,0.003185794243041334,-0.06556006599805464,-0.006678187554069947,-0.00701927901478101,41.88375149787617,9.799499999999998,0.2756518589968437,10.350803717993685,9.248196282006312,0.11251670350399239,0.08326056490946743,0.3140583421574209,0.03362509016674742,13.214018154697305,25.0776169362435,24.682645771786866,7.432432432432392,7.3492723492723355,84076864.0,112512214.35,0.3013660602669789,0.6333503736604926,-0.0229283003663599,7034445.25,-0.792501262075753,0.5427387468827055,0.03961456102783718,-0.04689014745650277,-0.0323249067550766,4.0,4.0,0.00746268656716409,1.0,1050.1,1042.91,-0.006042411246128143,-0.009478672985781977,-0.0037065696080397226,0.0883565665001927,-0.009763700450394541,-0.0021615386544295845,-0.03439847673593566,-0.03452645143148503,1.9019766786930878,0.6925110489133427,0.0,0.0,0.0,0.0,0.0,0.0,0.0,0.0
2023-04-24,9.38,9.56,9.34,9.45,2881112,0.011777301927194728,-0.004214963119072768,-0.007352941176470673,-0.004214963119072768,-0.011506276150627714,-0.04158215010141986,9.516,9.779,9.648333333333333,9.591022667691528,9.662071689334597,-0.07104902164306992,-0.011661168934180918,-0.059387852708889,-0.007518414988684648,-0.006284428858083493,44.807720212502176,9.779,0.28596834569028123,10.350936691380562,9.207063308619437,0.11697242895604103,0.2123807538856723,0.3073398891461766,0.032522739592188,12.32685601147256,23.795398612210363,23.420622319771212,18.032786885245827,10.539688490508139,86957976.0,110574986.6,0.2988557035475502,0.6589956349735003,0.09650222353450896,6906320.85,-0.9696898090899468,0.41717030855871695,0.02328042328042335,-0.0336435218324983,-0.02055622732769058,0.0,4.0,-0.011640211640211562,0.0,1045.28,1041.36,-0.0014862260405981154,-0.011814273920346174,-0.010349251603706477,0.08611132567493592,0.013263527967792843,0.007599310801273407,-0.03123289849771338,-0.03155951586792172,1.9079057349799868,0.6887145345842023,0.0,0.0,0.0,0.0,0.0,0.0,0.0,0.0
2023-04-25,9.45,9.52,9.3,9.34,2214100,-0.011640211640211562,0.0,-0.015806111696522684,-0.04498977505112467,-0.04205128205128206,-0.06600000000000006,9.428,9.746,9.636666666666667,9.552403795738984,9.638214527161665,-0.08581073142268103,-0.02649108143188094,-0.05931964999080009,-0.009187444477803109,-0.006351140255974314,42.50470483690012,9.746,0.29699193680352465,10.33998387360705,9.152016126392951,0.12189285319249939,0.15823987986869978,0.30110132563573533,0.03223782929718794,11.539156362095703,22.553531969185492,23.147212480571188,9.016393442622913,11.493870920100392,84743876.0,107838952.0,0.29437382710043125,0.8752019287267864,0.548101974117619,6328924.0,-1.0429766673174234,0.3498382979476448,0.0235546038543896,-0.04165811615021553,-0.03078519543410585,1.0,4.0,0.0031982942430703876,1.0,1045.87,1034.85,-0.0062514404240607835,-0.01911812098348853,-0.018438949435164997,0.08791594979011334,-0.005388771216150778,-0.02587165406763614,-0.04756105056483506,-0.04845450065226842,1.8796580033600847,0.6851998300739152,0.0,0.0,0.0,0.0,0.0,0.0,0.0,0.0
2023-04-26,9.38,9.41,9.23,9.41,2302466,0.007494646680942241,-0.004232804232804144,0.007494646680942241,-0.011554621848739455,-0.03089598352214218,-0.06274900398406369,9.406,9.7145,9.637833333333333,9.530495519471447,9.621309747371912,-0.09081422790046467,-0.03935571072559769,-0.051458517174866984,-0.00965082124340751,-0.00546849279222816,44.46099000312389,9.7145,0.297577499856835,10.309654999713668,9.11934500028633,0.12252920885556008,0.24418428800354952,0.2924512309474685,0.031078770557648086,11.07320706639293,21.562002607105146,23.83926968866348,23.376623376623353,16.808601234830714,87046342.0,104973165.35,0.29577273867859877,0.8393435083398574,0.4380279322561816,6199171.95,-0.9653811414522874,0.371415088752297,0.019128586609989343,-0.03134489680374686,-0.023639476369170076,2.0,4.0,0.007407407407407529,1.0,1034.02,1040.8,0.005749625549596571,-0.007798051440446985,-0.014701845067355834,0.0905594150186225,0.0017450211313456698,-0.00375657040829247,-0.048047158916707855,-0.048764080878637595,1.8112815090574481,0.6448489690469094,0.0,0.0,0.0,0.0,0.0,0.0,0.0,0.0
2023-04-27,9.45,9.6,9.34,9.52,3692091,0.011689691817215575,0.01927194860813697,0.007407407407407529,0.0031612223393044925,-0.015511892450879028,-0.03448275862068961,9.412,9.6975,9.646333333333333,9.528880824168148,9.61380532164066,-0.08492449747251207,-0.048469468074980565,-0.03645502939753151,-0.008920640490810093,-0.0038293098106650745,47.48486391204693,9.6975,0.2985381047705493,10.294576209541098,9.100423790458901,0.12314023398630547,0.35135900814368126,0.29013328587979215,0.030476185491574808,10.667799793390529,24.859472123458488,22.313318287136024,37.66233766233757,23.351784827194624,90738433.0,102649855.0,0.29472337498414164,0.6412230435105357,0.18903166953432476,6025904.75,-0.5737849626776124,0.6127031795515852,0.02731092436974788,-0.018303686517143647,-0.013096513355679185,3.0,4.0,-0.007322175732217606,0.0,1041.39,1039.63,-0.0011241352805532179,-0.009168453657374176,-0.018698557728611287,0.08951874116325509,0.012813827097768793,0.012329675996678668,-0.015784200892078326,-0.01608496656801306,1.8243655948351092,0.6581475112833587,0.0,0.0,0.0,0.0,0.0,0.0,0.0,0.0
2023-04-28,9.56,9.6,9.45,9.49,2790376,-0.0031512605042015585,0.008501594048884176,0.01605995717344766,0.01605995717344766,0.004232804232804366,-0.04431017119838865,9.441999999999998,9.6755,9.644,9.52289915891151,9.604634557074686,-0.08173539816317543,-0.055122654092619544,-0.026612744070555888,-0.00861279221951269,-0.0028042933688678493,46.73747941754818,9.6755,0.2967095868814475,10.268919173762894,9.082080826237105,0.12266429099537898,0.34370238761941546,0.28012376545980705,0.0295177835047215,10.291350182745441,23.90863710023275,21.459869573244323,39.393939393939355,33.47763347763344,87948057.0,99909725.85,0.29295568398174815,0.739361256380719,0.3713966895501051,5888123.55,-0.7499339619632899,0.4738990233993986,0.01580611169652269,-0.019172135806934998,-0.015968477810037296,4.0,4.0,0.023280423280423346,1.0,1043.17,1049.12,0.009128247549608837,0.005954492717492155,-0.014577697625488661,0.09429386557344116,-0.012279508053810395,0.010105464455955504,-0.029732473572899987,-0.030172316479194272,1.7880240394515943,0.6878771102252428,0.0,0.0,0.0,0.0,0.0,0.0,0.0,0.0
2023-05-04,9.45,9.75,9.41,9.67,7033271,0.018967334035827177,0.015756302521008347,0.02763018065887346,0.023280423280423346,0.018967334035827177,-0.06479690522243708,9.486,9.642,9.645833333333334,9.545530057540509,9.60947644173582,-0.06394638419531162,-0.05688740011315796,-0.007058984082153663,-0.00661286289506842,-0.0007299880126322299,51.654282648584434,9.642,0.25222379369372144,10.146447587387442,9.137552412612557,0.10463546720336914,0.5277531310487713,0.2844006393555351,0.029410614204295256,10.50423011396676,25.634337305983504,19.627355194073104,66.66666666666657,47.907647907647835,94981328.0,97006648.45,0.25769812536919545,0.3268298265808382,-0.41842479429244145,5725175.3,0.32618053817030424,1.2284813357592737,0.035160289555325734,0.0029039618336446082,0.0025053995680344165,3.0,5.0,-0.015447991761071145,0.0,1046.05,1040.61,-0.008111560164709486,-0.0007202120304217186,-0.03582944185012238,0.08076575163561348,0.027078894200536663,0.024000635310845064,-0.028967463372314706,-0.030043920266451196,1.8049738448278791,0.6868238419328914,0.0,0.0,0.0,0.0,0.0,0.0,0.0,0.0
2023-05-05,9.71,9.78,9.56,9.56,2454364,-0.011375387797311176,0.007376185458377371,0.004201680672269115,0.0235546038543899,-0.02249488752556228,-0.06822612085769975,9.53,9.607,9.656833333333333,9.547756202534277,9.60581152012576,-0.0580553175914833,-0.057120983608823034,-0.0009343339826602681,-0.006072731965636328,-9.773368019458872e-05,48.695874139468756,9.607,0.20634921855919078,10.01969843711838,9.194301562881618,0.08591619384165324,0.44305769567705316,0.27980059368728255,0.029267844527958425,10.811006334132266,24.960501758487823,18.525034919227128,55.93220338983053,53.997603150145494,92526964.0,94616026.8,0.25886520758013737,0.3535433402144931,-0.4517651067739257,5212719.55,-0.7423497292926855,0.47084136724754355,0.02301255230125511,-0.0048922660560006825,-0.010027441707944229,4.0,5.0,-0.0031152647975078995,0.0,1040.12,1040.31,-0.0002882924438549761,0.005276126974923967,-0.035365570958319936,0.08086592688634484,-0.0110870953534562,0.018278476879465932,-0.03286054989937981,-0.03406528826886812,1.6753639383289003,0.6531428987189363,0.0,0.0,0.0,0.0,0.0,0.0,0.0,0.0
2023-05-08,9.63,9.67,9.52,9.6,4150694,0.004184100418409997,-0.007238883143743546,0.011591148577449806,0.02019128586609975,0.008403361344537785,-0.05044510385756673,9.568000000000001,9.581500000000002,9.663666666666668,9.555793709836696,9.605381037153482,-0.049587327316785945,-0.055614252350415616,0.006026925033629671,-0.005165346595498536,0.0006278046910030907,49.82131600118332,9.581500000000002,0.16906165178789384,9.91962330357579,9.243376696424214,0.07057836530309199,0.5273568840188666,0.27052912270961954,0.028180116948918702,10.893620437007415,23.971942949241146,18.84748363694321,62.71186440677954,61.77024482109223,96677658.0,92950286.5,0.25665207723321043,0.19427302716517253,-0.44082877401540765,4902907.6,-0.21380885191328197,0.8465780591092519,0.015625000000000038,0.0019308041538379506,-0.006588251526335909,0.0,5.0,0.008273009307135482,1.0,1043.44,1053.44,0.012621237900241278,0.01214450422751745,-0.02536868789667468,0.09490233521383831,-0.00843713748183128,0.008046781638582301,-0.02507641596089205,-0.02572913023569423,1.6057974944967262,0.6427649902779777,0.0,0.0,0.0,0.0,0.0,0.0,0.0,0.0
2023-05-09,9.67,9.86,9.63,9.75,7025759,0.015625,0.01987447698744771,0.008273009307135482,0.024159663865546355,0.02739726027397249,-0.0220661985957874,9.614,9.570500000000001,9.6705,9.58567160063105,9.61609355291989,-0.03042195228884026,-0.05057579233810055,0.02015384004926029,-0.003120200234752847,0.0020670605178728504,53.90489993004561,9.570500000000001,0.14834082378087132,9.867181647561743,9.273818352438258,0.06199919493479806,0.8025128137773392,0.26977704251607526,0.027669440258059,11.674809192161552,27.35232558831734,17.550024472700937,82.5396825396826,67.06125011209757,103703417.0,92364826.5,0.2606004922123374,-0.01678113748925899,-0.5937030588119021,4525203.2,0.9108980518384621,1.5525842021856608,0.023589743589743452,0.018755550911655483,0.008220877927718195,1.0,5.0,0.011247443762781417,1.0,1055.42,1053.77,0.00031325941676785263,0.013600992660850464,-0.01600507979195276,0.09024201100126227,0.015311740583232147,0.01055867120469589,-0.006061118803834642,-0.006159705379935376,1.6454637779778434,0.6554379244726357,0.0,0.0,0.0,0.0,0.0,0.0,0.0,0.0
2023-05-10,9.78,9.97,9.67,9.89,8673198,0.014358974358974486,0.030208333333333393,0.03451882845188292,0.04214963119072701,0.058886509635974305,0.0030425963488844854,9.693999999999999,9.572,9.684666666666667,9.63249135438012,9.63638291937027,-0.003891564990150087,-0.04123894686851046,0.03734738187836037,-0.0003934848321688662,0.0037762772374479643,57.390296436717826,9.572,0.15153946854302805,9.875078937086055,9.268921062913943,0.06332614648684833,1.024615803159077,0.2719358251934985,0.02749603894777538,12.764753212068413,28.086296638161436,16.16708071117613,89.18918918918918,78.14691204521712,112376615.0,92541608.8,0.26319162390898265,-0.21268799411924583,-0.6325783720316664,4630280.7,1.4110390642164576,1.87314734504109,0.03033367037411534,0.033221897200167216,0.021201899910511468,2.0,5.0,-0.008024072216649913,0.0,1055.62,1058.26,0.0042608918454691835,0.008712063443648166,-0.010703835618999569,0.09198631677974982,0.010098082513505302,0.033437567747078845,0.013746431967884054,0.013895163514037412,1.6190890333172263,0.6513161602794553,0.0,0.0,0.0,0.0,0.0,0.0,0.0,0.0
2023-05-11,9.97,10.0,9.82,9.89,5972868,0.0,0.014358974358974486,0.030208333333333393,0.022750775594622574,0.04656084656084669,0.03451882845188292,9.738000000000001,9.5885,9.705,9.672108069090871,9.655169369787288,0.016938699303583604,-0.029603417634091647,0.04654211693767525,0.0017127097374705362,0.004705977445669893,57.390296436717826,9.5885,0.16730920004901345,9.923118400098026,9.253881599901973,0.06979577621067458,0.9505131814503869,0.26536898053682,0.026832050610396358,13.875042141483851,27.533014888266596,15.383784691173865,85.71428571428578,85.81438581438586,112376615.0,93408213.75,0.23695883933623674,-0.12321285440397847,-0.4331314222415039,4239101.45,0.8987756912908162,1.4089938800591808,0.01820020222446913,0.031443917192470305,0.01906233900051535,3.0,5.0,0.015166835187057526,1.0,1060.75,1057.12,-0.0010772399977322378,0.01586569416015604,-0.0077251607452949456,0.09106093918902051,0.0010772399977322378,0.006885081434466533,0.04224398919717787,0.042572871472693175,1.5647979874014404,0.6405519394909929,0.0,0.0,0.0,0.0,0.0,0.0,0.0,0.0
2023-05-12,9.89,10.19,9.82,10.04,11823797,0.015166835187057526,0.015166835187057526,0.029743589743589594,0.05020920502092041,0.07494646680942174,0.029743589743589594,9.834,9.603,9.723999999999998,9.728706827692276,9.683675342395636,0.04503148529664003,-0.014676437047945313,0.05970792234458534,0.004485207698868529,0.005947004217588182,61.04993508480884,9.603,0.19268463462622357,9.988369269252447,9.217630730747553,0.08026018312036798,1.0669886455239512,0.27284262478418997,0.027175560237469122,15.48844157325689,29.84014929229267,13.893652960935464,84.37499999999994,86.42615830115831,124200412.0,94579430.6,0.2327491376219936,-0.1417122015430667,-0.332449114602763,4543713.35,2.8480390866285346,2.602232158857469,0.03685258964143419,0.045506612516921674,0.03249691484985617,4.0,5.0,-0.036310107948969494,0.0,1057.7,1066.9,0.009251551384894974,0.02555968893887406,-0.0023937314158546386,0.09624887352010959,0.005915283802162552,0.024649516082046352,0.03213732115944423,0.03221443386182332,1.5955339697403081,0.6609581121332732,0.0,0.0,0.0,0.0,0.0,0.0,0.0,0.0
2023-05-15,10.19,10.23,9.82,9.82,6154834,-0.02191235059760943,-0.007077856420626971,-0.007077856420626971,0.022916666666666696,0.043570669500531345,0.011328527291452062,9.878,9.6085,9.7295,9.742751931124234,9.693773465181145,0.04897846594308852,-0.0019454564497385452,0.050923922392827066,0.004987623823125104,0.00518573547788463,53.75731828997325,9.6085,0.19741153914972273,10.003323078299445,9.213676921700554,0.08218204262880695,0.7678414860029952,0.28263958015674784,0.028782034639180023,17.100683965595124,27.759139263985038,12.454061411962842,58.999999999999986,76.36309523809526,118045578.0,95714913.65,0.24667383907121643,-0.1267405919266519,-0.6850680962436292,4579447.15,0.611967903399107,1.3440124535556655,0.04175152749490836,0.022011760420461046,0.009301608510200898,0.0,5.0,0.0,0.0,1074.82,1065.71,-0.0011153810104039819,0.011647554678007266,-0.0034971246902613107,0.0963147432926182,-0.02079696958720545,0.01126911198865943,0.014825651981713373,0.014877681087578587,1.5143906795105464,0.6641551766854843,0.0,0.0,0.0,0.0,0.0,0.0,0.0,0.0
2023-05-16,9.86,10.11,9.82,9.86,7332003,0.004073319755600657,-0.017928286852589626,-0.0030333670374116384,0.011282051282051286,0.03571428571428581,0.01964839710444677,9.9,9.618,9.732,9.760790095566659,9.706086541834393,0.05470355373226532,0.00938434558666223,0.04531920814560309,0.005548027761893034,0.004596268574604777,54.814189951261504,9.618,0.20495442368844555,10.027908847376892,9.208091152623108,0.08523785555768183,0.7951875783465238,0.2831653244312658,0.02871859274150769,18.597766187052056,25.72848546464808,11.543014175127603,62.9999999999999,68.79166666666663,125377581.0,97376759.05,0.24627438486783873,-0.21305329057413264,-0.6449456642980483,4786285.1,0.970553437007995,1.5318776142273682,0.02941176470588227,0.025161156165522947,0.013152486642005856,1.0,5.0,-0.022244691607684608,0.0,1068.51,1065.91,0.0001876683150201508,0.011520540535411072,0.0015127313727334446,0.09472991412535522,0.0038856514405805065,-0.000238489253359786,0.018135665731713324,0.01810827277937399,1.4987621575696233,0.6577894075797289,0.0,0.0,0.0,0.0,0.0,0.0,0.0,0.0
2023-05-17,9.89,9.93,9.63,9.67,6026813,-0.01926977687626774,-0.015274949083503131,-0.03685258964143423,-0.022244691607684608,0.018967334035827177,0.023280423280423346,9.856,9.629000000000001,9.728833333333334,9.746822388556403,9.703413464661475,0.04340892389492801,0.016189261248315386,0.027219662646612623,0.004489030392443434,0.0028148565301564245,49.07657049584174,9.629000000000001,0.2013350180015234,10.031670036003048,9.226329963996955,0.08363693758501327,0.5509101700327268,0.2843678012576039,0.029407218330672585,18.788396820233384,23.789712206600004,15.445680188938281,43.99999999999995,55.33333333333329,119350768.0,99032762.05,0.2420796190507264,-0.17810037289132757,-0.6320473122010893,4792127.5,0.4702277240296053,1.257648716566911,0.031023784901757903,0.004257970713469561,-0.006047316396279201,2.0,5.0,-0.004119464469619083,0.0,1066.27,1060.44,-0.005131765346042427,0.0020599852588212286,0.007170739583432173,0.08811497640975771,-0.014138011530225314,-0.024304676866505837,0.016109683696991173,0.015994987804802685,1.508442188394421,0.6619571167422045,0.0,0.0,0.0,0.0,0.0,0.0,0.0,0.0
2023-05-18,9.71,9.78,9.63,9.67,3885625,0.0,-0.01926977687626774,-0.015274949083503131,-0.022244691607684608,0.0,0.018967334035827177,9.812,9.638,9.722666666666667,9.735003559547726,9.70093839320507,0.034065166342656994,0.01976444226718371,0.014300724075473285,0.003522767977523991,0.0014788752921895847,49.07657049584174,9.638,0.19880167319001055,10.035603346380022,9.240396653619978,0.08250743855157122,0.540241110004913,0.27477010116777495,0.02841469505354446,18.96541097961605,22.86206479314834,14.843396935074653,43.99999999999995,50.33333333333328,119350768.0,100561595.55,0.2418568009725507,-0.13275273907395557,-0.6321214651862885,4859239.25,-0.37707663718089396,0.7996364863080162,0.01551189245087886,0.0033201909109774608,-0.0054168952276467675,3.0,5.0,0.011375387797311287,1.0,1063.66,1068.31,0.007421447700954209,0.010585364007870579,0.01375959613213018,0.09160568396211562,-0.007421447700954209,-0.03283005561555519,0.005207737903696996,0.005137054113782513,1.6103700874331774,0.666490242148077,0.0,0.0,0.0,0.0,0.0,0.0,0.0,0.0
2023-05-19,9.67,9.78,9.6,9.78,4200139,0.011375387797311287,0.011375387797311287,-0.008113590263691739,-0.02589641434262946,0.023012552301255207,0.0,9.76,9.638,9.718333333333334,9.741926088848077,9.706794808523211,0.035131280324865344,0.02283780987872004,0.012293470446145306,0.0035921554524402195,0.001257001068113017,52.420571593792815,9.638,0.19880167319001055,10.035603346380022,9.240396653619978,0.08250743855157122,0.678569925646801,0.2680008082272196,0.027402945626505075,18.941047390449953,21.765273947631364,14.930866967576632,49.43820224719092,45.81273408239696,123550907.0,102098581.5,0.21935341552736454,-0.4912876879162659,-0.9307666527212163,4867391.7,-0.2586721974050576,0.8629137038632004,0.018404907975460096,0.014733347167461996,0.00634539530097733,4.0,5.0,0.04462474645030445,1.0,1070.13,1067.07,-0.0011607117784163679,0.0001593401443433784,0.01142158442493968,0.09182199698335346,0.012536099575727655,-0.026055754486972837,-0.01142158442493968,-0.011292604983740406,1.6133388088655427,0.664894972784552,0.0,0.0,0.0,0.0,0.0,0.0,0.0,0.0
2023-05-22,9.86,10.41,9.86,10.3,16426994,0.053169734151329306,0.06514994829369192,0.06514994829369192,0.048879837067209886,0.07291666666666674,0.08193277310924385,9.856,9.677,9.725666666666665,9.82778361364068,9.750735933817788,0.07704767982289162,0.03367978386755436,0.043367895955337264,0.007480357264358409,0.004210475335469637,64.3414403362033,9.677,0.24546625880254408,10.167932517605088,9.186067482394911,0.10146378373568017,1.1345067577099763,0.2938578933538468,0.028529892558625904,20.837161571911,33.745767757669455,12.644425021530626,89.00000000000006,60.81273408239699,139977901.0,104595139.5,0.26800459072330424,0.9759228493561878,2.6361603057326177,5550519.05,3.020909996201357,2.9595419549096045,0.05339805825242725,0.0643794564431126,0.059053363951057536,0.0,5.0,-0.01837524177949701,0.0,1067.32,1070.64,0.0033456099412412232,0.004626023965243808,0.020648630097809484,0.08916266690927918,0.04982412421008808,0.04425381310196608,0.06128414301143437,0.060044310259409706,1.8164546404107762,0.6600986132166478,0.0,0.0,0.0,0.0,0.0,0.0,0.0,0.0
2023-05-23,10.34,10.34,10.11,10.15,8309182,-0.014563106796116498,0.03783231083844596,0.04963805584281289,0.02941176470588247,0.0410256410256411,0.06954689146469972,9.914,9.71,9.728666666666665,9.877355365388267,9.780311049831285,0.09704431555698179,0.04635269020543985,0.05069162535154194,0.009561016311032688,0.00499424880310758,59.69520967459031,9.71,0.26275864450698916,10.235517289013979,9.184482710986023,0.10824249001317772,0.9186351326571639,0.2892966152571435,0.02850212958198458,22.59783902612483,31.82941365333236,11.926373621396582,74.00000000000003,70.81273408239703,131668719.0,106783838.95,0.27505636399214195,0.9440003653312558,2.266091735342417,5858377.6,0.6889137004042842,1.4183418289732639,0.022660098522167528,0.04531410916580847,0.043308435551291824,1.0,5.0,0.003898635477582957,1.0,1073.12,1065.85,-0.004473959500859492,-5.628993066975063e-05,0.01582082439837973,0.09126847509153838,-0.010089147295257006,0.02946805463655222,0.053726067066319994,0.052889314508923535,1.8275317072742723,0.6645641052080797,0.0,0.0,0.0,0.0,0.0,0.0,0.0,0.0
2023-05-24,10.26,10.48,10.11,10.3,12824807,0.014778325123152802,0.0,0.053169734151329306,0.06514994829369192,0.04145601617795758,0.10278372591006435,10.040000000000001,9.758,9.741000000000001,9.942377616866995,9.818806527621561,0.12357108924543425,0.06179637001343873,0.06177471923199552,0.011997193130624684,0.005997545556504419,62.603424634691486,9.758,0.2788057237198359,10.315611447439672,9.200388552560327,0.11428806055332498,0.986001500228024,0.2950611427387762,0.028646712887259822,24.53804946876805,32.367587084979185,10.85813056434328,81.25000000000004,81.41666666666673,144493526.0,109804672.05,0.26790405299499886,0.823806242783405,2.3651810599025485,6308724.65,1.6950704852415939,2.032868402332316,0.03592233009708747,0.05554416888706726,0.05738630530746325,2.0,5.0,0.02923976608187151,1.0,1069.13,1061.79,-0.0038091663930196473,0.0012730564671268318,0.018103192029992776,0.08937216654579865,0.01858749151617245,0.06387689182656509,0.08468053388007157,0.0831748044235352,1.7383632073431834,0.6355969334571514,0.0,0.0,0.0,0.0,0.0,0.0,0.0,0.0
2023-05-25,10.26,10.74,10.19,10.56,12678495,0.025242718446601975,0.040394088669950756,0.025242718446601975,0.09203722854188223,0.06774519716885741,0.11746031746031749,10.218,9.8135,9.7625,10.037396445041304,9.873709747797742,0.16368669724356266,0.08217443545946353,0.08151226178409914,0.015500634208670707,0.007718964184100297,67.04248516005393,9.8135,0.32148135740333506,10.45646271480667,9.17053728519333,0.13103637128581438,1.0805157770497342,0.313271061114578,0.02966582018130473,26.826112313497468,34.23676413797936,9.496468195945468,85.24590163934428,80.16530054644814,157172021.0,113315374.3,0.2765223007032611,0.7081310447121899,1.644411914428203,6798593.8,1.468053755532593,1.8648702030116875,0.0520833333333334,0.07606868089876206,0.08169014084507054,3.0,5.0,-0.007469654528478031,0.0,1062.03,1064.63,0.0026747285244730357,-0.003444693019816203,0.0223457785972192,0.08911104178885042,0.02256798992212894,0.09548192156169844,0.09511453886309829,0.09303558625106945,1.7472571005305038,0.6150508078704798,0.0,0.0,0.0,0.0,0.0,0.0,0.0,0.0
2023-05-26,10.71,10.89,10.59,10.63,11331338,0.006628787878787845,0.03203883495145621,0.0472906403940887,0.08691206543967289,0.058764940239043995,0.13811563169164898,10.388000000000002,9.878,9.7895,10.128566222727258,9.929731247960872,0.19883497476638645,0.10550654332084812,0.09332843144553833,0.018705077588559403,0.008779720738056286,68.13903294631183,9.878,0.34965546952452986,10.57731093904906,9.17868906095094,0.14158958069428215,1.0376721269529896,0.31446598532067954,0.029582877264410116,29.191705493510764,35.07761543311611,8.78464137774984,79.84496124031011,82.11362095988483,168503359.0,117503348.45,0.26881499413224935,0.6537294045557219,1.987114410408346,7254455.7,1.0257051736328768,1.5619832098499133,0.028222013170272876,0.07612877100627657,0.08585729608253745,4.0,5.0,-0.013863216266173817,0.0,1067.24,1063.76,-0.0008171853132075135,-0.0031019520743718054,0.027936415905686962,0.08514807504188143,0.007445973191995359,0.0900140175140447,0.11017921578596201,0.10718485509523079,1.773100422158646,0.6349096404322989,0.0,0.0,0.0,0.0,0.0,0.0,0.0,0.0
2023-05-29,10.82,10.82,10.59,10.67,8033957,0.0037629350893695346,0.010416666666666519,0.03592233009708723,0.03592233009708723,0.0865580448065173,0.13390010626992566,10.462,9.940999999999999,9.806833333333335,10.211863726923065,9.98456597033414,0.22729775658892493,0.1298647859744635,0.09743297061446143,0.02130250764657216,0.009131487405291606,68.77829129462125,9.940999999999999,0.37358716308386863,10.688174326167736,9.193825673832261,0.15032176363901772,0.9878379612821062,0.30843270065491674,0.028906532395024997,31.388327732094538,33.20921720730132,8.316730199582597,82.9457364341085,82.67886643792097,176537316.0,121977897.15,0.2689810312712126,0.6889374679605453,2.0100272381695166,7541030.25,0.12965821294258484,1.0653659690597317,0.021555763823805103,0.07333266270998906,0.08801685899287892,0.0,5.0,0.027077497665732864,1.0,1067.34,1074.98,0.010547491915469775,0.004053650153179378,0.03284012298232142,0.08997112557219956,-0.006784556826100241,0.03186867994390785,0.10105998328760424,0.09784668608321878,1.5332001195858658,0.5920596749035172,0.0,0.0,0.0,0.0,0.0,0.0,0.0,0.0
2023-05-30,10.71,11.04,10.59,11.0,11623413,0.030927835051546504,0.03480714957666975,0.04166666666666652,0.08374384236453203,0.11561866125760645,0.1554621848739497,10.632,10.015,9.830166666666667,10.333115461242594,10.059783305864945,0.27333215537764843,0.1585582598551005,0.11477389552254794,0.024848377761604402,0.010433990502049812,73.5018714502792,10.015,0.4283689998120812,10.871737999624163,9.158262000375839,0.17109096347961297,1.07485485669604,0.3185446506081369,0.02895860460073972,33.761965227524755,34.79137985214874,7.4775276884416355,97.22222222222227,86.67097329888031,188160729.0,126849011.95,0.2823019370296014,0.5666851245780308,1.1181740041646315,7937596.35,0.9717998707273774,1.4643492170019454,0.040909090909090846,0.09835247129306035,0.11900442515386311,1.0,5.0,-0.013636363636363669,0.0,1078.82,1078.05,0.002855867085899133,0.011446263545527025,0.03695545530621458,0.08946172273550872,0.02807196796564737,0.072297578819005,0.11850672956773511,0.1142833368215801,1.5512042961832553,0.5873754626333294,0.0,0.0,0.0,0.0,0.0,0.0,0.0,0.0
2023-05-31,11.0,11.04,10.78,10.85,7666405,-0.013636363636363669,0.016869728209934376,0.02069614299153333,0.05339805825242716,0.12202688728024813,0.1433087460484721,10.742,10.083,9.850500000000002,10.412636159512964,10.118317875800875,0.294318283712089,0.1857102646264982,0.10860801908559081,0.02712610909788839,0.01000995567609132,68.43375054552335,10.083,0.44813179452384644,10.979263589047694,9.186736410952307,0.17777716732077625,0.9278875151086744,0.31436288985041283,0.028973538235061092,35.9660571875671,32.736030296948144,7.035782253976223,86.80555555555559,88.99117140396213,180494324.0,131476325.3,0.2898518271136982,0.5411402641534893,0.840748636113754,8181397.8,-0.14320823806889169,0.9370532013490409,0.023963133640552976,0.07606863036794609,0.10146693061265899,2.0,5.0,-0.010064043915827936,0.0,1078.39,1075.17,-0.0026714901906218502,0.012601361851213522,0.024830333994204867,0.08645070384363084,-0.010964873445741818,0.04079669640121364,0.11847841205426723,0.11560783099823535,1.6562868197216887,0.6074787007864765,0.0,0.0,0.0,0.0,0.0,0.0,0.0,0.0
2023-06-01,10.93,10.93,10.67,10.82,6601574,-0.0027649769585252892,-0.016363636363636358,0.014058106841612128,0.024621212121212155,0.11892450879007233,0.11892450879007233,10.794,10.1405,9.870333333333333,10.475307519587892,10.170294329445255,0.3050131901426365,0.20957084972972587,0.09544234041291064,0.028189758793219638,0.008820918707293035,67.43229610441361,10.1405,0.46578145993701764,11.072062919874035,9.208937080125963,0.18373116116050217,0.8647096645344586,0.310479826289669,0.028694993187584936,37.26737254822646,30.77791644576128,9.14558038794353,84.72222222222229,89.58333333333341,173892750.0,135421896.4,0.28808702762093163,0.7249182914314692,1.1255063780316947,8159812.95,-0.43228565454940937,0.8090349669106079,0.024029574861367815,0.0670085301513732,0.0962142447063592,3.0,6.0,0.0,0.0,1076.27,1078.39,0.0029948752290336333,0.012924678057165462,0.03630562842947915,0.07919938478779255,-0.005759852187558923,0.011696534064046693,0.08261888036059317,0.07972443465910928,1.6525109128524447,0.6060676363232378,0.0,0.0,0.0,0.0,0.0,0.0,0.0,0.0
2023-06-02,10.85,11.0,10.71,10.85,9287890,0.0027726432532346745,0.0,-0.013636363636363669,0.02069614299153333,0.10940695296523528,0.13493723849372374,10.838,10.205000000000002,9.8875,10.53295251657437,10.220642897634496,0.3123096189398744,0.2301186035717556,0.08219101536811882,0.02878429667648612,0.007575208789688371,67.93758730781778,10.205000000000002,0.4704589025062417,11.145917805012486,9.264082194987518,0.1844032934860331,0.8427504488510769,0.3090169815546926,0.028480827793059226,38.61197842670021,30.33281936968501,8.532526166050227,86.80555555555559,86.11111111111116,183180640.0,139954580.2,0.28120219758553927,0.6991993732694674,1.384675207585161,8501489.25,0.23472737491169243,1.0925015284822008,0.026728110599078262,0.06320431161195472,0.09734513274336298,4.0,6.0,-0.023787740164684323,0.0,1084.19,1090.84,0.011544988362280684,0.025456869970670093,0.04857206025127114,0.08592137829508263,-0.00877234510904601,-0.004760726979136765,0.0863651782424526,0.0823645617848685,1.5862453740912723,0.588227865412189,0.0,0.0,0.0,0.0,0.0,0.0,0.0,0.0
2023-06-05,10.93,10.96,10.63,10.67,10250246,-0.01658986175115207,-0.013863216266173817,-0.01658986175115207,0.0,0.03592233009708723,0.11145833333333344,10.838,10.2585,9.894333333333332,10.554036744793699,10.25392860892083,0.30010813587286833,0.24411651003197815,0.05599162584089018,0.028126348254251952,0.005247575055378649,61.747329841472705,10.2585,0.45873137420959265,11.175962748419185,9.341037251580815,0.17886879142548812,0.7242597864104166,0.31051576858650026,0.029101759005295245,39.317099975778355,28.030237802258426,9.725073462625016,74.3055555555556,81.94444444444451,172930394.0,143767217.0,0.29289296472623444,0.692194399053041,0.987835949434448,8806466.85,0.45005961652276155,1.163945334104108,0.0309278350515464,0.040113076960569316,0.07839504093252048,0.0,6.0,0.014058106841612128,1.0,1100.2,1097.82,0.006398738586777197,0.021246906919198505,0.04212864520048587,0.0786210740843425,-0.022988600337929266,-0.021246906919198505,0.06932968813284757,0.06652699592525813,1.4412324183302858,0.5480937023462266,0.0,0.0,0.0,0.0,0.0,0.0,0.0,0.0
2023-06-06,10.67,10.85,10.56,10.82,9725119,0.014058106841612128,-0.0027649769585252892,0.0,-0.016363636363636358,0.06600985221674871,0.10974358974358966,10.802,10.312,9.906166666666667,10.594954168671592,10.295859823074842,0.29909434559674963,0.25511207714493245,0.043982268451817186,0.02764273064664969,0.004064904662829685,64.63886345761222,10.312,0.45870068213322546,11.229401364266451,9.394598635733548,0.17792889144035137,0.7768690018278938,0.30905035654460733,0.02856287953277332,39.5061182155813,26.151494283023737,10.691103895467046,84.72222222222229,81.94444444444451,182655513.0,147714821.8,0.29222356947806644,0.707258851370108,1.0409019047044679,8941434.85,0.24599142233054244,1.0876463524196007,0.026802218114602507,0.04926299456943384,0.09224893584804073,1.0,6.0,0.007130124777183555,1.0,1099.99,1108.31,0.009555300504636488,0.028069199016743207,0.05175702477770283,0.08261422277120399,0.00450280633697564,-0.044432835380379565,0.05798656496588683,0.05513304270836006,1.4873822654321984,0.5710007312313572,0.0,0.0,0.0,0.0,0.0,0.0,0.0,0.0
2023-06-07,11.22,11.45,11.06,11.3,10512753,0.044362292051756125,0.05904404873477054,0.04147465437788034,0.04147465437788034,0.09708737864077666,0.14256825075834167,10.892,10.3825,9.930833333333334,10.703422758106731,10.37024057692115,0.33318218118558107,0.2707260979530622,0.06245608323251889,0.029485148777485048,0.005527087011727335,71.9466503800375,10.3825,0.4971696205310242,11.376839241062049,9.388160758937952,0.1915413900432552,0.9613616571241941,0.33197533107713534,0.02937834788293233,40.87732536663646,35.51633784802904,9.241900806385008,91.89189189189197,83.63988988988997,193168266.0,151754404.35,0.3223105884241056,0.6892107918997743,0.2379772867599984,9033412.6,0.4616923483502358,1.1637631829193764,0.034513274336283074,0.08836985311822776,0.13787026936309466,2.0,6.0,-0.038938053097345215,0.0,1111.67,1109.54,0.0011097978002545528,0.031967037770771034,0.048456900950617054,0.08250031503373453,0.04325249425150157,0.009507616607109304,0.09411134980772462,0.08976177248907002,1.4599238262824106,0.5476294150975747,0.0,0.0,0.0,0.0,0.0,0.0,0.0,0.0
2023-06-08,11.3,11.38,10.86,10.86,10157075,-0.038938053097345215,0.003696857670979492,0.017806935332708385,0.003696857670979492,0.02840909090909083,0.09807886754297268,10.9,10.431,9.948833333333333,10.727511564551849,10.406519052704768,0.32099251184708066,0.2807793807318659,0.04021313111521474,0.02955732153288036,0.0037028665851947277,59.755756938311364,10.431,0.4938985619271444,11.418797123854288,9.44320287614571,0.18939643828094893,0.7171498527582687,0.34540566457162575,0.031805309813225206,41.08699254069621,31.69712352054298,12.384005694958327,62.89308176100629,79.83573195837354,183011191.0,155286133.15,0.36068436814630944,0.3002685670001079,0.12981116739411455,9242622.95,0.2921991919489071,1.0989385864756065,0.04788213627992646,0.04112740868564857,0.09158527800579641,3.0,6.0,0.0,0.0,1111.86,1101.32,-0.007408475584476437,0.021263179369244822,0.041811714847888704,0.08883835253846536,-0.03152957751286878,-0.01756632169826533,0.05626715269508398,0.05400894604386308,1.537265396175315,0.5615280846477329,0.0,0.0,0.0,0.0,0.0,0.0,0.0,0.0
2023-06-09,10.9,10.98,10.66,10.9,6369045,0.0036832412523020164,-0.03539823008849563,0.007393715341959428,0.004608294930875667,0.02539981185324547,0.08565737051792843,10.91,10.474,9.972333333333331,10.754048246928487,10.443073196948859,0.31097504997962844,0.28681851458141844,0.02415653539821,0.028529821099048478,0.0022161959080926603,60.41246956170599,10.474,0.4954997477295207,11.464999495459042,9.483000504540959,0.18923037912145146,0.7149345191153061,0.34359097424508106,0.03152210772890652,40.3389922760453,29.588495137444742,15.717936231914187,58.95522388059708,71.24673251116513,189380236.0,158545124.35,0.35866024388140993,0.3846662569043736,0.25328372822302814,8969885.35,-0.8308193890411911,0.7100475370067021,0.02935779816513764,0.04067214053847623,0.09302403315840513,4.0,6.0,0.003669724770642091,1.0,1103.11,1107.53,0.005638688119711022,0.015300135675259563,0.03808229449807854,0.08583698267659347,-0.0019554468674090053,-0.010691840744383896,0.04757507601984989,0.04582977310373337,1.474400605255016,0.537592205970828,0.0,0.0,0.0,0.0,0.0,0.0,0.0,0.0
2023-06-12,10.9,11.22,10.78,10.94,6468419,0.003669724770642091,0.007366482504604033,-0.031858407079646156,0.025304592314901564,0.025304592314901564,0.11405295315682262,10.964,10.53,9.989166666666668,10.782656208939489,10.479882589767461,0.3027736191720276,0.2900095354995403,0.012764083672487325,0.027675833562342562,0.0011667352534266294,61.09614336729611,10.53,0.48076693116861097,11.49153386233722,9.568466137662778,0.18262751421409715,0.7132010197765705,0.35047733322757535,0.03203631930782225,40.16987018237467,31.826476048139714,14.308451980749552,61.94029850746269,61.262868049688706,195848655.0,162435278.2,0.3450450778764542,0.33886976295034404,0.6070289143146088,8985564.6,-0.8077186958980695,0.7198678422500018,0.040219378427788055,0.03893637226970559,0.09518645198965525,0.0,6.0,-0.018018018018017945,0.0,1110.26,1116.02,0.0076657065722824935,0.016578309741123398,0.04720796464328947,0.08741175123122713,-0.0039959818016404025,0.008726282573778166,0.06684498851353315,0.06383162730843295,1.3372544663468684,0.47774415902219997,0.0,0.0,0.0,0.0,0.0,0.0,0.0,0.0
2023-06-13,11.1,11.1,10.86,10.9,4129071,-0.003656307129798808,0.0,0.0036832412523020164,0.007393715341959428,-0.009090909090909038,0.10547667342799194,10.98,10.581999999999999,10.010333333333334,10.800709099871876,10.511002397932835,0.2897067019390409,0.2899489687874404,-0.0002422668483995083,0.02657859650816889,-2.2226316366927366e-05,59.980601106838044,10.581999999999999,0.4602928129834674,11.502585625966933,9.661414374033065,0.1739908572986079,0.672716144500948,0.3425860951398914,0.03142991698531114,40.01282823825195,30.23389322007416,13.592463352719392,56.349206349206426,59.08157624575542,191719584.0,165752378.35,0.3465971208381682,0.388860087369973,0.5670601281994707,8825418.0,-1.4302343875319066,0.46786123898040866,0.02201834862385323,0.03005103005103016,0.08887482934301216,1.0,6.0,-0.01821493624772319,0.0,1117.43,1122.46,0.005770505904912238,0.012767186076097836,0.05305325965606844,0.08784785622354711,-0.009426813034711046,-0.005373470734138408,0.0524234137719235,0.04978230045937582,1.2342315755813114,0.4342814046461861,0.0,0.0,0.0,0.0,0.0,0.0,0.0,0.0
2023-06-14,10.98,11.02,10.78,10.78,3907629,-0.011009174311926717,-0.014625228519195677,-0.011009174311926717,-0.046017699115044386,-0.006451612903225823,0.11478800413650458,10.876000000000001,10.6375,10.03,10.797523084506972,10.530928146234107,0.2665949382728652,0.2852781626845254,-0.018683224411660204,0.024730513754440187,-0.0017331377005250655,56.639442162579535,10.6375,0.40855167810723225,11.454603356214463,9.820396643785536,0.1536269529897934,0.5871982711343792,0.3352585169156135,0.03110004795135561,39.47898092617926,28.687936037203883,14.601878168088762,24.71910112359541,47.66953532675486,187811955.0,169175437.7,0.34002405223744386,0.40971661539290727,0.7517260910409482,8719458.8,-1.4109177794941652,0.4481504058485831,0.022263450834879427,0.013396004700352515,0.07477567298105692,2.0,6.0,0.0,0.0,1124.56,1117.42,-0.004490137733193178,0.007102042287794985,0.05373241296065778,0.08712516810370957,-0.006519036578733539,-0.05311974140283937,0.0610555911758468,0.057942216092887966,1.2474459937798392,0.4391991788710493,0.0,0.0,0.0,0.0,0.0,0.0,0.0,0.0
2023-06-15,10.74,10.82,10.7,10.74,5089202,-0.0037105751391465214,-0.014678899082568808,-0.018281535648994485,-0.011049723756906049,-0.007393715341959317,0.11065149948293684,10.852,10.691,10.050833333333333,10.788673379198206,10.546414950216766,0.24225842898144023,0.2766742159439084,-0.034415786962468164,0.022556650743150858,-0.003204449437846198,55.52906602527714,10.691,0.33939419714052105,11.369788394281043,10.012211605718958,0.12698314363128657,0.5360937225892756,0.3198829085644983,0.02978425591848215,38.59817612196397,27.91922790050446,15.996981200335057,20.22471910112359,33.764342191308494,182722753.0,172344036.95,0.3410972046392214,0.430858718066135,0.7180167534047578,8779637.65,-1.1081329347577,0.5796596856135628,0.011173184357541992,0.004583294359741696,0.0685681120968411,3.0,6.0,-0.010968921389396646,0.0,1117.06,1116.97,-0.00040271339335262724,0.014210220462717471,0.04554857672398471,0.08584084058022011,-0.003307861745793894,-0.02525994421962352,0.06510292275895213,0.06226676044353585,1.4240355617237803,0.4468266087937728,0.0,0.0,0.0,0.0,0.0,0.0,0.0,0.0
2023-06-16,10.94,11.06,10.82,10.82,10551867,0.007448789571694592,0.0037105751391466324,-0.007339449541284404,-0.007339449541284404,-0.0027649769585252892,0.10633946830265861,10.835999999999999,10.743,10.070666666666666,10.79349285932156,10.56668050945997,0.22681234986159104,0.26670184272744496,-0.039889492865853915,0.020962324386468674,-0.003686644442315519,57.33075885746052,10.743,0.2637003882000776,11.270400776400155,10.215599223599845,0.09818500910363119,0.5729995133165843,0.31989127223846275,0.02956481259135515,38.38471371144074,31.283283212712398,14.853951313897523,29.213483146067432,24.719101123595497,193274620.0,175830222.6,0.34048102450395307,0.46254502210103404,0.7687414023306102,9097224.05,0.45893550356046015,1.1598996509270318,0.022181146025878024,0.0071674578795495325,0.07440752019065289,4.0,6.0,0.003669724770642091,1.0,1121.92,1115.22,-0.0015667385874285067,0.006943378508934339,0.045123562652871874,0.08606620124124921,0.009015528159123098,-0.014282828050218743,0.06121590564978674,0.05857288825677265,1.4016331665330668,0.43521565962545816,0.0,0.0,0.0,0.0,0.0,0.0,0.0,0.0
2023-06-19,10.9,11.14,10.82,10.94,11374360,0.01109057301293892,0.01862197392923637,0.014842300556586308,0.0,0.025304592314901564,0.062135922330097015,10.836,10.775,10.092999999999998,10.816032419425936,10.594333805055527,0.22169861437040872,0.2577011970560377,-0.036002582685629,0.020264955609726576,-0.003290912494115997,59.95174112223044,10.775,0.245303249490416,11.265606498980832,10.284393501019169,0.09106385131894783,0.6681592073716556,0.319899038507144,0.029241228382737114,38.370594531442784,30.83433562388853,13.792619936475397,42.69662921348309,30.71161048689139,204648980.0,179063776.55,0.2911784228275668,0.0848481498387234,1.0987466687068372,8844592.35,0.9284285894815116,1.2860242224730687,0.029250457038391253,0.015313225058004587,0.08391954820172409,0.0,6.0,0.04937163375224407,1.0,1115.68,1105.4,-0.008805437492154011,-0.00951595849536735,0.03246656205634002,0.09437135125817842,0.01989601050509293,0.00951595849536735,0.029669360273756995,0.028736388532201174,1.3319982118817462,0.4192466077910947,0.0,0.0,0.0,0.0,0.0,0.0,0.0,0.0
2023-06-20,11.14,11.69,10.94,11.69,14713419,0.06855575868372954,0.08040665434380778,0.0884543761638732,0.0724770642201833,0.08040665434380778,0.15172413793103434,10.994,10.852,10.126666666666667,10.950488970283484,10.675494263940303,0.2749947063431808,0.26115989891346636,0.013834807429714435,0.023523926975464567,0.0011834736894537584,71.66613236147492,10.852,0.27827665144039015,11.408553302880781,10.29544669711922,0.10257156337648009,1.2528479263912542,0.3506205357566337,0.02999320237439125,39.366823612363596,37.32777165505445,11.685240937281185,100.0,57.30337078651686,219362399.0,183448460.55,0.3643063095052963,0.8118122508597515,2.087781830642204,9164804.2,1.8379118759805502,1.6054264421710178,0.0641573994867408,0.07722078879469207,0.15437788018433163,1.0,6.0,0.006820119352088705,1.0,1105.75,1111.72,0.005717387371087401,-0.009568269693352116,0.04303607449453506,0.09256563225185312,0.06283837131264214,0.08204533391353541,0.10868806343649928,0.10420355162612238,1.4811910110767816,0.4216787300490032,0.0,0.0,0.0,0.0,0.0,0.0,0.0,0.0
2023-06-21,11.73,11.93,11.61,11.81,14728128,0.010265183917878673,0.07952468007312619,0.0914972273567467,0.09554730983302417,0.045132743362831906,0.1466019417475728,11.2,10.9275,10.161666666666665,11.082721436393717,10.759531725870652,0.32318971052306544,0.2735658612353862,0.04962384928767927,0.027365767190776075,0.004201850066695958,73.02567054192154,10.9275,0.322030972685018,11.571561945370036,10.283438054629965,0.11787910233265346,1.185104908265442,0.34843335463115993,0.029503247640233692,40.62228714239664,39.799060622033046,10.918691989330137,91.24087591240881,77.97916837529732,234090527.0,187928310.6,0.36343430735452786,0.8486379968718224,2.181723525608064,9259970.25,1.7267126523030598,1.590515693071476,0.02709568162574092,0.08075955159002524,0.16221092340495336,2.0,6.0,-0.010058675607711565,0.0,1112.73,1118.46,0.006062677652646453,0.0009307153979702942,0.05337213573305455,0.09078727701326438,0.00420250626523222,0.09461659443505388,0.09322980601451825,0.08850604914628635,1.4798447793042193,0.4236248292099275,0.0,0.0,0.0,0.0,0.0,0.0,0.0,0.0
2023-06-22,11.93,11.93,11.69,11.81,11723123,0.0,0.010265183917878673,0.07952468007312619,0.09962756052141519,0.08747697974217328,0.11837121212121215,11.414000000000001,10.99,10.194166666666666,11.194610446179299,10.837344190620973,0.3572662555583257,0.2903059400999741,0.06696031545835157,0.03025116473821555,0.0056697980913083465,73.02567054192154,10.99,0.3653405044757109,11.720681008951422,10.259318991048579,0.1329719761513051,1.0611203726074376,0.3406881150146485,0.02884742718159598,41.788074705998746,37.7964383390864,10.369281638012488,91.24087591240881,94.16058394160588,234090527.0,191774235.9,0.3577293944667976,1.0444780403130483,2.7891139314783553,9212201.65,0.8049442190518563,1.2725647402648854,0.02032176121930569,0.07461328480436769,0.15850568135371557,3.0,6.0,-0.003386960203217715,0.0,1126.21,1125.3,0.0061155517407862625,0.007457675676159514,0.05698693442792324,0.09163304878276354,-0.0061155517407862625,0.09216988484525568,0.06138427769328891,0.058074774336271284,1.438658755362646,0.4139420139737577,0.0,0.0,0.0,0.0,0.0,0.0,0.0,0.0
2023-06-23,11.81,12.05,11.73,11.77,7955839,-0.003386960203217715,-0.003386960203217715,0.006843455945252375,0.08780036968576699,0.07981651376146792,0.10724365004703662,11.604,11.047,10.223666666666666,11.283131915997869,10.90642980613053,0.3767021098673382,0.30758517405344693,0.06911693581389128,0.03200527696408991,0.005872297010526022,71.6957458575238,11.047,0.39402244125248703,11.835044882504974,10.258955117495027,0.14267129220692917,0.9587302170542528,0.33921039251360224,0.028819914402175212,43.03438182002591,37.77646332176863,9.670564390673151,81.2080536912751,87.89660183869758,226134688.0,194655802.35,0.3592023481996206,1.1014912085537572,2.8043739334116715,9043426.7,-0.35198624188622696,0.8797372128863499,0.02718776550552254,0.06544763284149524,0.15125036679599613,4.0,6.0,0.00679694137638065,1.0,1126.4,1129.38,0.003625699813383232,0.012697046322698746,0.06168684665714075,0.09066487857600265,-0.007012660016600947,0.07510332336306824,0.04555680338989587,0.04290983121184677,1.4215053209746216,0.41033945514015724,0.0,0.0,0.0,0.0,0.0,0.0,0.0,0.0
2023-06-26,11.77,11.89,11.3,11.85,10983973,0.00679694137638065,0.003386960203217493,0.003386960203217493,0.083180987202925,0.083180987202925,0.11059044048734767,11.786,11.106,10.253833333333334,11.370342390459735,10.976323894565306,0.3940184958944286,0.3248718384216433,0.06914665747278531,0.0332505059826522,0.005835160968167537,72.7640826375834,11.106,0.4219553480992031,11.949910696198407,10.262089303801593,0.15197383327902156,0.9408049354934841,0.3571239359054878,0.030137041004682515,42.25262155985954,33.31860447482482,17.129832980630173,85.61151079136683,86.02014679835027,237118661.0,197684869.6,0.3591865349056128,1.0793234376167138,2.7693644555064063,9190927.5,0.5766377470625408,1.1950886349609438,0.04978902953586497,0.06699081577525656,0.1556653609219314,0.0,6.0,0.01345668629100083,1.0,1130.08,1132.03,0.002346420159733631,0.02409082685000885,0.05307075480474044,0.08618852510413944,0.004450521216647019,0.05909016035291614,0.057519685682607236,0.05462091262165236,1.4228695947024443,0.41069572877856847,0.0,0.0,0.0,0.0,0.0,0.0,0.0,0.0
2023-06-27,11.89,12.24,11.77,12.05,12677537,0.016877637130801704,0.023789294817332385,0.020321761219305623,0.030795551753635797,0.10550458715596323,0.09545454545454546,11.858,11.1585,10.290333333333333,11.474905099619775,11.05585545793084,0.419049641688936,0.34370739907510184,0.07534224261383415,0.03477590387460049,0.006252468266708228,75.27649644593872,11.1585,0.4705906143516229,12.099681228703245,10.217318771296755,0.16869314490357037,0.9736069806812366,0.3651865119122387,0.030305934598526034,42.15733944893791,37.10145735879366,15.555095290186859,87.97468354430383,84.93141600898194,249796198.0,200766643.05,0.34931964517777786,1.1976699763338383,3.5697440490983063,9243633.7,1.086202167275626,1.3714884656236432,0.03900414937759341,0.07989425101940228,0.1710019111787764,1.0,6.0,-0.016542597187758412,0.0,1134.55,1134.33,0.002031748275222345,0.020337854855539073,0.05220537080840404,0.08620608152067916,0.014845888855579359,0.010457696898096724,0.04324917464614142,0.04110335857049785,1.4507223465348686,0.4208904292751135,0.0,0.0,0.0,0.0,0.0,0.0,0.0,0.0
2023-06-28,12.09,12.17,11.89,11.89,5970052,-0.01327800829875525,0.0033755274261604296,0.010195412064571086,0.006773920406435208,0.10296846011131744,0.0958525345622121,11.873999999999999,11.2105,10.323,11.538765853524426,11.117643942528554,0.42112191099587193,0.35919030145925585,0.061931609536616083,0.035418159040863914,0.005208714006443741,69.73443755164651,11.2105,0.4916939034977889,12.193887806995578,10.227112193004421,0.17544049007547896,0.8454893355226725,0.3591017610613645,0.030201998407179517,42.06886320308211,35.035109521950076,14.688761733692342,77.8481012658228,83.81143186716452,243826146.0,203933234.15,0.34907109916156764,1.1994837432704133,3.5824846956074357,9158816.05,-0.9878504494416074,0.6518366530573566,0.023549201009251418,0.06061281833994925,0.1517969582485712,2.0,6.0,0.006728343145500526,1.0,1137.18,1138.35,0.003543942239030873,0.017783380719918362,0.05876280030134762,0.08399669552237327,-0.016821950537786123,-0.011009460313483155,0.03708973426086448,0.03503120269271642,1.4286606578140133,0.4111884898832585,0.0,0.0,0.0,0.0,0.0,0.0,0.0,0.0
2023-06-29,11.89,12.36,11.77,11.97,12479327,0.006728343145500526,-0.00663900414937757,0.010126582278481067,0.013547840812870415,0.1145251396648046,0.10628465804066556,11.906,11.268,10.350166666666667,11.605109568366823,11.18078142826718,0.42432814009964304,0.3722178691873333,0.05211027091230974,0.03544930159562598,0.004353406091253947,70.88850434564807,11.268,0.510506456477601,12.289012912955203,10.246987087044799,0.18122344922882533,0.8437762593854682,0.3755944924141242,0.03137798599950912,42.30599443846533,34.71738186396977,13.040637493718304,76.50602409638562,80.77626963550411,256305473.0,208053870.3,0.3479626994895944,1.1412428159056236,3.5466578626135896,9452703.7,0.9311551150015921,1.3201859908081115,0.049289891395154536,0.06230031948881787,0.15650311589185373,3.0,6.0,0.006683375104427736,1.0,1139.42,1125.39,-0.01138489919620489,7.997867235420841e-05,0.043583490202987685,0.09805171762770425,0.018113242341705416,0.013467862140516207,0.06270116783767787,0.06008256016534119,1.1519753751565187,0.3414721878204183,0.0,0.0,0.0,0.0,0.0,0.0,0.0,0.0
2023-06-30,11.97,12.09,11.93,12.05,4475744,0.006683375104427736,0.01345668629100083,0.0,0.023789294817332385,0.11367837338262476,0.11059907834101401,11.962,11.328,10.379999999999999,11.673554250156542,11.245167989136277,0.42838626102026467,0.3834515475539196,0.04493471346634509,0.03555072705562362,0.0037290218644269782,72.03680006877005,11.328,0.5289771659583423,12.385954331916684,10.270045668083315,0.18678572244291752,0.8412245586687855,0.3601948858131153,0.02989169176872326,42.52618772846404,33.61583907679308,12.626872993051869,81.32530120481935,78.55980885567595,260781217.0,211933899.15,0.34786478448195535,1.1125656100697607,3.5049182095665046,9212096.4,-1.3784317476869747,0.4858550980860339,0.013278008298755199,0.06373587570621475,0.16088631984585766,4.0,6.0,0.0,0.0,1124.3,1120.18,-0.00462950621562308,-0.00814606244133953,0.02689670345788575,0.09423925221845536,0.011312881320050816,0.031935357258671915,0.08370237488312826,0.08151002394035922,1.1172792059196,0.33421167739891816,0.0,0.0,0.0,0.0,0.0,0.0,0.0,0.0
2023-07-03,12.13,12.56,12.09,12.13,8144550,0.00663900414937757,0.013366750208855471,0.020185029436501356,0.023628691983122563,0.10877513711151754,0.13683223992502347,12.018,11.401,10.413666666666666,11.743776673209382,11.310711101052108,0.4330655721572736,0.3933743524745904,0.03969121968268319,0.03570202573431769,0.0032721533126696773,73.17624536472574,11.401,0.5341091944340662,12.469218388868132,10.332781611131868,0.18739029714378252,0.8412223603323465,0.3708952511121785,0.03057669011642032,43.426345305907965,39.36561844389945,11.386687405968772,76.88172043010755,78.23768191043752,268925767.0,216733667.8,0.3379469227573568,1.0965633128119971,3.9653346876507873,9106811.6,-0.28014905119703837,0.8943360593953652,0.03874690849134382,0.06394175949478131,0.16481546685445414,0.0,7.0,-0.0032679738562092497,0.0,1125.55,1125.5,0.0047492367298112015,-0.005768398364000893,0.025213605144741358,0.09324258418207826,0.0018897674195663683,0.029397090347123456,0.11161863478028211,0.10887354032384655,1.131049209028667,0.34199093487226057,0.0,0.0,0.0,0.0,0.0,0.0,0.0,0.0
2023-07-04,12.24,12.24,12.01,12.2,5863024,0.00577081615828523,0.012448132780082943,0.019214703425229684,0.012448132780082943,0.043627031650983694,0.12754158964879836,12.048,11.47,10.450833333333332,11.813964877331015,11.376584352826026,0.43738052450498976,0.4021755868806703,0.03520493762431948,0.035850862664343425,0.0028856506249442197,74.16811687355633,11.47,0.5441458782736189,12.558291756547238,10.381708243452763,0.189763165919309,0.8353880040018079,0.3608313046041658,0.02957633644296441,43.91142812050408,37.573310331539446,12.451898653275727,80.64516129032253,79.61739430841651,274788791.0,221340331.7,0.3368139345525164,1.1702745511007648,4.175534108105786,8913706.85,-0.8701186452506666,0.6577537379973406,0.01885245901639348,0.06364428945074097,0.1673710230444143,1.0,7.0,-0.021774193548387055,0.0,1127.11,1132.0,0.005775211017325699,-0.0020540759743636894,0.02137488608782756,0.08968088505477119,-4.394859040468546e-06,0.014502208754446633,0.1061667035609708,0.10394489330711965,1.0904423468852986,0.32540368622286725,0.0,0.0,0.0,0.0,0.0,0.0,0.0,0.0
2023-07-05,12.4,12.48,12.13,12.13,5974029,-0.0057377049180327155,0.0,0.00663900414937757,0.020185029436501356,0.02709568162574083,0.07345132743362837,12.096,11.5115,10.488666666666667,11.862585665433937,11.432392919283357,0.43019274615057945,0.40777901873465217,0.022413727415927287,0.035465189295183795,0.001847792861989059,71.3277209620379,11.5115,0.5618603965961854,12.63522079319237,10.387779206807629,0.1952344686951954,0.7752018133627787,0.3600576399895825,0.02968323495379905,44.69180062591675,39.725612824050515,11.587321897340486,75.2873563218391,77.60474601408974,268814762.0,225122656.5,0.30723386566794986,1.514738144381547,7.356161067131565,8686770.65,-0.7654914646041342,0.6877157508469502,0.028854080791426186,0.053728879815836406,0.15648636623657275,2.0,7.0,0.0,0.0,1136.64,1134.62,0.002314487632508744,-0.0032766723766856076,0.022603962002271105,0.08978928498267079,-0.00805219255054146,0.023461701813186964,0.05084736543135726,0.04972341915417333,1.0685857028872543,0.3196392010902906,0.0,0.0,0.0,0.0,0.0,0.0,0.0,0.0
2023-07-06,12.13,12.2,11.97,12.13,8057014,0.0,-0.0057377049180327155,0.0,0.013366750208855471,0.02709568162574083,0.11694290976058941,12.128000000000002,11.575000000000001,10.5315,11.903726332290255,11.48406751785496,0.4196588144352944,0.41015497787478067,0.009503836560513734,0.03459676953300036,0.0007834984798444957,71.3277209620379,11.575000000000001,0.556090677952194,12.68718135590439,10.462818644095613,0.19216956473509947,0.7495096672200068,0.3507678085617551,0.028917379106492586,44.72569095353781,37.86502285001706,14.302776320898692,75.2873563218391,77.0732913113336,268814762.0,229412835.05,0.2634973449991307,3.0005452515813236,11.593717136327136,8581767.6,-0.14869692977900298,0.9388525039992927,0.018961253091508545,0.0479481641468682,0.15178274699710403,3.0,7.0,0.018961253091508645,1.0,1133.7,1126.22,-0.007403359715146829,0.0007375221034484625,0.022609232557294856,0.08978283155278055,0.007403359715146829,0.012629228105407009,0.09433367720329455,0.09224802026027978,0.9688671160242884,0.30193519435602056,0.0,0.0,0.0,0.0,0.0,0.0,0.0,0.0
2023-07-07,12.13,12.44,12.05,12.36,7849365,0.018961253091508645,0.018961253091508645,0.013114754098360715,0.025726141078838083,0.05012744265080715,0.13394495412844032,12.190000000000001,11.648,10.575,11.973922281168678,11.54895140542126,0.42497087574741776,0.41311815744930813,0.011852718298109632,0.03438275693749335,0.0009589577911091936,74.97914987912739,11.648,0.5586412086483338,12.765282417296667,10.530717582703332,0.19184107439846632,0.8186302715309558,0.3535701079502011,0.028605995788851223,45.116100442529834,39.73020983453641,13.175886704763066,87.65432098765427,79.40967787711084,276664127.0,233777029.6,0.2675184469448379,2.7448328768772186,10.10037083431452,8655783.6,-0.23070008049414675,0.9068347087605102,0.03155339805825233,0.06112637362637363,0.16879432624113488,4.0,7.0,-0.009646302250803762,0.0,1124.98,1138.07,0.01052192289250753,0.015970647574496732,0.02757487381831636,0.09457781621361724,0.008439330199001116,0.00975549350434135,0.10637008031012396,0.10351564934131607,0.977124245089633,0.3113145256540546,0.0,0.0,0.0,0.0,0.0,0.0,0.0,0.0
2023-07-10,12.44,12.52,12.28,12.32,6702311,-0.003236245954692518,0.015663643858202736,0.015663643858202736,0.015663643858202736,0.039662447257384104,0.1261425959780622,12.228,11.717,10.618500000000001,12.027165007142727,11.606066116130796,0.42109889101193154,0.41471430416183286,0.0063845868500986835,0.03418010478992951,0.0005182294521183996,73.23243920410039,11.717,0.5517732180983423,12.820546436196686,10.613453563803315,0.1883667212079347,0.7732100708322739,0.34545795738232965,0.02804041861869559,45.59193769327895,39.41277398546358,12.522052168075163,80.95238095238093,81.29801942062478,269961816.0,237482687.65,0.2695805893754695,2.7395609999421504,9.967182233715576,8667478.2,-0.563374359625405,0.7732711690004598,0.019480519480519497,0.05146368524366296,0.16023920516080414,0.0,7.0,-0.022364217252396124,0.0,1142.61,1149.02,0.00962155227710082,0.020897378942692058,0.029569362556226553,0.09653695333364314,-0.012857798231793338,-0.0052337350844893216,0.09657323342183566,0.09379963792052104,0.9080494390044629,0.29455539641601924,0.0,0.0,0.0,0.0,0.0,0.0,0.0,0.0
2023-07-11,12.52,12.6,12.17,12.24,6983931,-0.006493506493506551,-0.009708737864077555,0.00906842539159114,0.003278688524590345,0.015767634854771728,0.12293577981651382,12.236,11.784,10.661333333333335,12.059908852197692,11.65302418160259,0.4068846705951028,0.41314837744848687,-0.006263706853384066,0.033242211649926696,-0.0005117407559954302,69.73349840083193,11.784,0.5281985272703856,12.840397054540771,10.72760294545923,0.17929345800080967,0.7158279399019285,0.3514966747121632,0.028717048587595034,45.545514692102266,35.968829026458245,13.663196385224,72.30769230769232,80.30479808257586,262977885.0,241045602.7,0.27112477196474394,2.708183522360455,9.786305736750442,8810221.2,-0.5454343299849067,0.7927077926261376,0.035130718954248345,0.0386965376782078,0.14807403701850919,1.0,7.0,0.0064102564102563875,1.0,1151.13,1151.77,0.0023933438930567874,0.017464664310953948,0.026112289079343487,0.09528033745085485,-0.008886850386563339,-0.014185975786363603,0.09682349073717034,0.0943595469693117,0.8933491020056279,0.2869025729324453,0.0,0.0,0.0,0.0,0.0,0.0,0.0,0.0
2023-07-12,12.48,12.88,12.4,12.56,10568655,0.026143790849673332,0.01948051948051943,0.016181229773462924,0.03544929925803797,0.056349873843565934,0.16512059369202237,12.322,11.873000000000001,10.713166666666666,12.136845951859586,11.720207575557954,0.41663837630163236,0.413846377219116,0.002791999082516372,0.03317184524694525,0.0002222929205825137,74.89955530573583,11.873000000000001,0.4992952928616159,12.871590585723233,10.87440941427677,0.16821200803895084,0.8439848171122292,0.3721040550898659,0.029626119035817345,45.93458849768395,36.92477311846846,11.984624881417949,79.74683544303795,77.66896956770375,273546540.0,245332331.95,0.2723763291353496,2.4604607886587138,8.199809784803534,9143272.5,0.4509208699238514,1.1558941287159494,0.03821656050955417,0.05786237682135931,0.1723891161965807,2.0,7.0,-0.009463722397476282,0.0,1154.37,1154.2,0.002109796226677174,0.01725687895506889,0.03291510801668118,0.09280249577297738,0.024033994622996158,0.01819242030296908,0.13220548567534118,0.12799259556692055,0.7936756754377596,0.2470944512812447,0.0,0.0,0.0,0.0,0.0,0.0,0.0,0.0
2023-07-13,12.68,12.72,12.48,12.56,5860714,0.0,0.026143790849673332,0.01948051948051943,0.03544929925803797,0.049289891395154495,0.16945996275605224,12.408,11.964,10.764333333333331,12.20194657465042,11.78241442181292,0.41953215283749934,0.41498353234279267,0.004548620494706668,0.033402241467953765,0.00036215131327282387,74.89955530573583,11.964,0.44481101841720405,12.853622036834409,11.074377963165592,0.14871648893921907,0.8349737165463998,0.3626680511548755,0.028874844837171613,46.29587131715265,35.17938609420036,11.418126918339468,79.74683544303795,77.26712106458943,273546540.0,249873521.3,0.270608206628975,2.485142592523887,8.3631429052009,9181848.1,-1.066750764017395,0.6382935043327498,0.019108280254777087,0.0498161150117018,0.1668163379060481,3.0,7.0,0.0,0.0,1159.88,1165.42,0.009721018887541177,0.034806698513611956,0.043376276891948784,0.09672626603644888,-0.009721018887541177,0.000642600744426014,0.12608368586410346,0.12084200940401546,0.7460602977130834,0.2361561046277741,0.0,0.0,0.0,0.0,0.0,0.0,0.0,0.0
2023-07-14,12.52,12.64,12.4,12.52,8883452,-0.0031847133757962887,-0.0031847133757962887,0.02287581699346397,0.012944983818770295,0.03900414937759322,0.15711645101663585,12.440000000000001,12.049000000000001,10.81,12.250877870858046,11.837050390567518,0.4138274802905286,0.4147523219323399,-0.0009248416418112804,0.0330533131222467,-7.386914071975083e-05,73.0909656610487,12.049000000000001,0.3710000709321631,12.791000141864327,11.306999858135676,0.12316377157678239,0.817385384062447,0.35390604750095583,0.02826725619017219,46.252409847229046,33.475331601645635,12.47967773240814,67.5675675675675,75.68707948454782,264663088.0,253442944.7,0.27350789471139225,2.493873161112263,8.251572559092295,9098427.35,-0.06941437830987017,0.9763722518485571,0.019169329073482445,0.03909038094447648,0.15818686401480098,4.0,7.0,-0.009554140127388644,0.0,1169.2,1168.4,0.0025570180707383816,0.0266503817867092,0.04768565843510708,0.09573106463962079,-0.00574173144653467,-0.013705397967938904,0.10943079258152877,0.10445002439470419,0.7500310213476927,0.2413420114395349,0.0,0.0,0.0,0.0,0.0,0.0,0.0,0.0
2023-07-17,12.56,12.64,12.4,12.44,5937479,-0.006389776357827448,-0.009554140127388644,-0.009554140127388644,0.009740259740259605,0.025556471558120242,0.13711151736745886,12.464,12.124,10.858666666666666,12.279973583033732,11.881713324599554,0.39826025843417767,0.41145390923270747,-0.013193650798529799,0.03201449022782779,-0.0010605828616181512,69.47753376585827,12.124,0.2739266132995818,12.671853226599165,11.576146773400836,0.09037499613974995,0.7883984109773252,0.3457699012508876,0.027795008139138874,46.212052768014274,31.81566479611766,11.86095027295719,60.360360360360296,69.22492112365526,258725609.0,256146776.15,0.27744025699751135,2.526545611179901,8.229242110554438,8826583.3,-0.9244586305431547,0.672681466678052,0.019292604501607736,0.026064005278785718,0.14562868369351678,0.0,7.0,0.003215434083601254,1.0,1171.75,1173.13,0.004048271140020487,0.02098309864058079,0.06127193776008677,0.08627214050296038,-0.010438047497847935,-0.011242838900321184,0.07583957960737209,0.07146102418145395,0.6329664921811381,0.20565836084730177,0.0,0.0,0.0,0.0,0.0,0.0,0.0,0.0
2023-07-18,12.44,12.6,12.28,12.48,8588194,0.003215434083601254,-0.0031948881789136685,-0.006369426751592355,0.019607843137254832,0.022950819672131306,0.06757912745936712,12.511999999999999,12.1635,10.9085,12.310746877951619,11.926030856110698,0.38471602184092113,0.40610633175435024,-0.021390309913429106,0.030826604314176373,-0.0017139671404991271,70.26897867533772,12.1635,0.26485894955238126,12.693217899104763,11.633782100895239,0.08709958467624647,0.7987439168422413,0.34392919401868133,0.027558429007907156,45.57515980733967,29.701231918691345,13.564892341627818,63.96396396396397,63.96396396396394,267313803.0,258544346.35,0.15283404204823728,0.6930468739080407,0.4526336913467175,8520322.05,0.024229011364751755,1.0079658902095137,0.025641025641025664,0.026020471081514396,0.14406197002337628,1.0,7.0,-0.01602564102564108,0.0,1173.23,1174.09,0.0008183236299470487,0.01937886904503494,0.05610225596373186,0.08597151403190946,0.0023971104536542054,0.0002289740922198913,0.011476871495635255,0.010867197215824742,0.6274997761859945,0.20413972133538225,0.0,0.0,0.0,0.0,0.0,0.0,0.0,0.0
2023-07-19,12.48,12.52,12.28,12.28,6061460,-0.01602564102564108,-0.012861736334405127,-0.019169329073482455,-0.022292993630573354,0.012366034624896827,0.03979678238780693,12.456,12.187000000000001,10.9575,12.306016589035986,11.952250792695091,0.35376579634089467,0.39563822467165916,-0.04187242833076449,0.028808289604307386,-0.0034098068673260986,61.659867034212866,12.187000000000001,0.2524011010070496,12.6918022020141,11.682197797985902,0.08284273439141698,0.5921152875610878,0.3365056801602041,0.02740274268405571,44.983759200998975,28.188140147085623,12.873846022706681,36.84210526315782,53.72214319582738,261252343.0,259902437.15,0.16499399895045436,0.5803040302249499,0.482610995302401,8086988.65,-0.8311267493957863,0.7495323985646993,0.019543973941368097,0.007631082300812109,0.1206935888660734,2.0,7.0,0.006514657980456029,1.0,1177.5,1172.98,-0.0009454130432929864,0.0162710102235315,0.04874559662392941,0.08598566346697013,-0.015080227982348093,-0.038564003854104856,-0.008948814236122482,-0.008532874192683226,0.5893489528024253,0.18882379376816597,0.0,0.0,0.0,0.0,0.0,0.0,0.0,0.0
2023-07-20,12.28,12.4,12.2,12.36,5149186,0.006514657980456029,-0.009615384615384692,-0.006430868167202619,-0.015923566878981,0.018961253091508645,0.046570702794242136,12.416,12.2145,11.006,12.314321729184295,11.98245443768064,0.331867291503654,0.38288403803805815,-0.051016746534404134,0.026850104490586897,-0.004127568489838522,63.5818824490988,12.2145,0.23875719884455518,12.69201439768911,11.736985602310888,0.07818812029786094,0.6523514272073624,0.32675527443447533,0.026436510876575676,44.01646394641535,26.95575692975613,14.059799290211206,42.85714285714272,47.88773736142152,266401529.0,261517987.25,0.16556396797173586,0.47533505234660767,0.3485540614607926,7758291.8,-1.104122216638666,0.6637009966549595,0.01618122977346287,0.011912071718040096,0.12302380519716505,3.0,7.0,0.012944983818770295,1.0,1171.83,1172.81,-0.0001449300073318449,0.00634106159152914,0.04221985248378202,0.08526290776435129,0.006659587987787874,-0.02226462847051014,0.004350850310460119,0.004174599342059437,0.6032759769791866,0.19314254968125905,0.0,0.0,0.0,0.0,0.0,0.0,0.0,0.0
2023-07-21,12.36,12.52,12.36,12.52,4982919,0.012944983818770295,0.019543973941368087,0.0032051282051281937,0.0,0.012944983818770295,0.06372132540356845,12.416,12.251999999999999,11.059,12.345964540079018,12.022272627482074,0.32369191259694396,0.37104561294983535,-0.04735370035289138,0.02585398662914888,-0.0037822444371318994,67.13088227225538,12.251999999999999,0.22369151690876052,12.69938303381752,11.804616966182477,0.07303020467148573,0.7995196283072644,0.3148441834034414,0.025147298993885098,43.43381391762476,28.699721381391996,13.549440741666396,60.43956043956031,46.712936186620304,271384448.0,263780475.25,0.16821280084701043,0.26378993373499277,0.02661902110761198,7609645.8,-1.0755757495535962,0.6548161545179935,0.012779552715654964,0.02187397975840688,0.13210959399584055,4.0,7.0,0.028662420382165488,1.0,1173.21,1185.9,0.011161228161424397,0.01497774734679913,0.05004515752005534,0.09106873983085204,0.001783755657345898,-0.01497774734679913,0.013676167883513113,0.013024361652991034,0.5638586325706195,0.1821281799897304,0.0,0.0,0.0,0.0,0.0,0.0,0.0,0.0
2023-07-24,12.56,13.11,12.56,12.92,14307994,0.03194888178913735,0.04530744336569592,0.05211726384364823,0.03858520900321549,0.04870129870129869,0.09029535864978899,12.511999999999999,12.305499999999999,11.117500000000001,12.43427768775917,12.088770951372291,0.3455067363868789,0.3659378376372441,-0.02043110125036518,0.026742007460284746,-0.0015813545859415775,73.96236171551718,12.305499999999999,0.24900803199917593,12.80351606399835,11.807483936001647,0.08094202819850495,1.1169479705799568,0.33449817030319556,0.025889951261857242,44.058276079841775,37.6827225540032,11.842369683477711,83.33333333333336,62.210012210012145,285692442.0,266209164.3,0.19672841729949714,0.5580800673411145,0.10922066005276948,7775846.85,2.3544410313557895,1.840056044828095,0.042569659442724374,0.04993702003169331,0.16213177422981762,0.0,7.0,-0.009316770186335477,0.0,1190.74,1190.72,0.0040644236444893345,0.014994075677887242,0.05184491577078343,0.0912442672088868,0.027884458144648017,0.02359113332532825,0.038450442879005564,0.036555239562886976,0.5887097815568213,0.18595167079156802,0.0,0.0,0.0,0.0,0.0,0.0,0.0,0.0
2023-07-25,12.88,12.92,12.68,12.76,8324413,-0.012383900928792602,0.019169329073482455,0.032362459546925626,0.022435897435897356,0.042483660130719025,0.058921161825726154,12.568000000000001,12.341000000000001,11.171500000000002,12.484388812719297,12.13849162164101,0.3458971910782864,0.36192970832545257,-0.016032517247166145,0.027107930335288907,-0.001256466868900168,67.88461300128748,12.341000000000001,0.2609880013376276,12.862976002675257,11.819023997324745,0.08459217286690802,0.9013594474195367,0.32774830099582447,0.02568560352631853,44.63813380190043,35.711729790548944,11.222955178200543,69.29824561403508,71.02371312897627,277368029.0,267587755.85,0.19952121969904968,0.7283179226311873,0.37611936067781665,7558190.65,0.30290729505029995,1.1013764253221106,0.018808777429467103,0.03395186775788006,0.14219218547195966,1.0,7.0,-0.009375000000000022,0.0,1194.45,1195.9,0.004350309056705193,0.01857608871551597,0.05427873722814369,0.09144185013425593,-0.016734209985497794,0.0038598087203813858,0.004642424597582462,0.004403412905573889,0.5834560303056123,0.18255574251756926,0.0,0.0,0.0,0.0,0.0,0.0,0.0,0.0
2023-07-26,12.8,12.84,12.64,12.68,6766341,-0.006269592476489061,-0.018575851393188847,0.012779552715654896,0.032573289902280145,0.009554140127388422,0.06644238856181661,12.648,12.380500000000001,11.224666666666668,12.514482841531713,12.178603353371306,0.3358794881604066,0.3567196642924434,-0.020840176132036814,0.026488918624637744,-0.0016435470135675722,65.00817744867138,12.380500000000001,0.24862728393298988,12.877754567865981,11.883245432134022,0.08032867297217072,0.8011535935057711,0.3186234223532655,0.025128030154043024,44.96341590608276,34.11056825424865,11.61648040516302,59.43396226415092,70.68851373717314,270601688.0,268926532.95,0.1934227452113005,0.816178694456361,0.5677473737043166,7598005.1,-0.33141491041281057,0.8905417818158612,0.01577287066246051,0.02419126852711906,0.1296549266496405,2.0,7.0,-0.009463722397476282,0.0,1195.5,1200.84,0.004130780165565451,0.02375147061330951,0.05489524311503491,0.09154058375260272,-0.010400372642054512,0.008821819288970634,0.011547145446781704,0.010946248475520504,0.6177564676982976,0.1906450337287699,0.0,0.0,0.0,0.0,0.0,0.0,0.0,0.0
2023-07-27,12.68,12.84,12.44,12.56,9481101,-0.009463722397476282,-0.01567398119122254,-0.02786377708978327,0.016181229773462924,0.0,0.049289891395154495,12.687999999999999,12.41,11.272833333333333,12.521485481296065,12.206854956825284,0.31463052447078077,0.3483018363281109,-0.03367131185733013,0.02505020099289656,-0.002680836931316093,60.84357124996838,12.41,0.23178937807755817,12.873578756155116,11.946421243844885,0.07471051670509515,0.6617848078761074,0.324436035042318,0.025830894509738692,44.247673586756875,31.10662430492754,14.996721407926096,41.489361702127745,56.74052319343793,261120587.0,269167288.65,0.19809006483297797,0.9127431082498818,0.5305128538972866,7448093.8,0.8910039903606422,1.272956712763204,0.03184713375796181,0.01208702659145855,0.11418306548191093,3.0,7.0,-0.0031645569620254443,0.0,1201.69,1197.33,-0.0029229539322473963,0.020907052293210215,0.06392450617119372,0.07824487557823138,-0.0065407684652288856,-0.004725822519747291,-0.014634614776039223,-0.013755313174151462,0.7803001218618343,0.23517991157886675,0.0,0.0,0.0,0.0,0.0,0.0,0.0,0.0
2023-07-28,12.64,12.8,12.52,12.6,7346958,0.0031847133757960666,-0.006309148264984188,-0.012539184952978122,0.006389776357827559,0.006389776357827559,0.04564315352697079,12.704,12.4375,11.3235,12.533564638019747,12.235976811875263,0.2975878261444844,0.3381590342913856,-0.04057120814690118,0.023618081440038446,-0.003219937154515967,61.72380524079071,12.4375,0.21911004204833853,12.875720084096677,11.999279915903323,0.07046755121152602,0.6854091196378734,0.32126203253929536,0.025496986709467886,43.583055718811416,29.170097659742794,14.063108351357277,45.744680851063826,48.88933493911418,268467545.0,269551605.05,0.19749424880819066,0.9656604687997771,0.6443721078379006,7591654.5,-0.11263041410060012,0.9677676980689782,0.022222222222222313,0.01306532663316573,0.11273016293548821,4.0,7.0,-0.015527950310559091,0.0,1197.32,1207.67,0.008635881503010978,0.018357365713803864,0.07810351907729118,0.07492996915005277,-0.0054511681272149115,-0.011967589355976305,-0.03246036555032039,-0.030108765045217534,0.7353324558972171,0.22522997667376582,0.0,0.0,0.0,0.0,0.0,0.0,0.0,0.0
2023-07-31,12.88,12.96,12.64,12.68,5186867,0.006349206349206327,0.009554140127388422,0.0,-0.018575851393188847,0.019292604501607746,0.045342126957955475,12.656,12.465,11.374833333333333,12.556093155247478,12.26886741840302,0.28722573684445685,0.32797237480199987,-0.04074663795754302,0.022651871990887765,-0.0032134572521721624,63.491486234694605,12.465,0.21291213903269746,12.890824278065395,12.039175721934605,0.06832318942084158,0.7524515522891131,0.3240290302150601,0.025554339922323352,43.344171862501206,30.382238797406345,12.94708863566159,52.74725274725279,46.6604317668148,273654412.0,269788037.3,0.19741260023317686,0.9702793779600619,0.6566153141326516,7443770.35,-1.010806652975068,0.6968064241799184,0.025236593059936932,0.017248295226634625,0.11474160793564736,0.0,7.0,-0.009375000000000022,0.0,1219.66,1222.9,0.012611060968642063,0.027025665143778577,0.08653931585961794,0.08121497129455228,-0.006261854619435736,-0.045601516536967424,-0.04119718890166246,-0.03791596705276068,0.7482302771962733,0.2291534807088344,0.0,0.0,0.0,0.0,0.0,0.0,0.0,0.0
2023-08-01,12.8,12.96,12.56,12.68,11287916,0.0,0.006349206349206327,0.009554140127388422,-0.006269592476489061,0.01602564102564097,0.03934426229508192,12.639999999999999,12.489,11.423666666666666,12.575155746747866,12.2993216837065,0.2758340630413656,0.31754471244987303,-0.04171064940850744,0.02175347500326227,-0.0032894833918381263,63.491486234694605,12.489,0.20847567067470799,12.905951341349416,12.072048658650585,0.06677097307221001,0.7290435130653966,0.32945552805684153,0.025982297165366052,42.70173068651081,27.747394663024675,13.55873948412465,52.74725274725279,50.413062115189824,273654412.0,269731318.35,0.19712655934214324,1.0503242653297806,0.7968055940449403,7715014.95,1.5160544218091865,1.463110061763393,0.03154574132492116,0.01529345824325401,0.10997636485658435,1.0,8.0,0.003154574132492094,1.0,1230.32,1217.56,-0.004366669392427913,0.0181118822644033,0.07558303886925799,0.08637289018648832,0.004366669392427913,-0.02438147474089236,-0.03623877657417607,-0.03369221646733411,0.7619388939708504,0.23684405211421294,0.0,0.0,0.0,0.0,0.0,0.0,0.0,0.0
2023-08-02,12.68,12.76,12.56,12.72,5709484,0.003154574132492094,0.003154574132492094,0.009523809523809712,0.003154574132492094,0.03583061889250816,0.048639736191261385,12.648,12.5185,11.470833333333333,12.597439478017424,12.330483040468982,0.26695643754844234,0.30742705746958693,-0.04047061992114459,0.02098714131670144,-0.0031816525095239457,64.44369277012024,12.5185,0.19639581408366769,12.911291628167335,12.125708371832664,0.06275378490511416,0.7564973201442048,0.32020870462420997,0.025173640300645436,42.10517816594829,26.50947905796916,12.953833135398261,57.14285714285728,54.212454212454304,279363896.0,270258775.05,0.19501053553570263,0.9788723862929649,0.7908521297218907,7701787.7,-0.8414465493019516,0.7413193173320007,0.015723270440251517,0.016096177657067612,0.10889938249182718,2.0,8.0,-0.009375000000000022,0.0,1217.17,1220.43,0.002357173363119802,0.0163135804936545,0.07562884489961408,0.08636417829274468,0.0007974007693722918,-0.013159006361162406,-0.026989108708352694,-0.025091469828397495,0.7529668113195648,0.2344521203014019,0.0,0.0,0.0,0.0,0.0,0.0,0.0,0.0
2023-08-03,12.8,12.99,12.6,12.68,8069092,-0.003144654088050425,0.0,0.0,0.009554140127388422,0.025889967637540368,0.045342126957955475,12.672,12.546,11.517333333333333,12.610141096783975,12.356373185619427,0.2537679111645481,0.2966952282085792,-0.04292731704403108,0.020013242205406002,-0.0033854350981097066,62.68304779139048,12.546,0.17664713563041454,12.899294271260828,12.19270572873917,0.05631982644043184,0.6896436071858512,0.3251937971510522,0.02564619851348992,42.12714841428216,29.290524716262503,11.844166274093515,52.74725274725279,54.212454212454304,271294804.0,270382777.15,0.1958518685513432,1.0038032353409878,0.7817394130753643,7702391.6,0.15486903805532998,1.0476086414510528,0.030757097791798152,0.01068069504224467,0.10094929381801343,3.0,8.0,0.018927444794952786,1.0,1219.73,1210.95,-0.0077677539883483915,0.011375310064894562,0.07523396849638608,0.08699103756385218,0.004623099900297967,-0.0018211699375061396,-0.029891841538430608,-0.027800313619399053,0.7489396509645615,0.2389121017978508,0.0,0.0,0.0,0.0,0.0,0.0,0.0,0.0
2023-08-04,12.68,13.03,12.64,12.92,10236083,0.018927444794952786,0.015723270440251458,0.018927444794952786,0.02539682539682553,0.03194888178913735,0.04530744336569592,12.736,12.574,11.565333333333335,12.657811697278749,12.398123320017987,0.2596883772607619,0.28929385801901575,-0.029605480758253866,0.020099719602226153,-0.002291445879121816,68.28228865570074,12.574,0.18952572384801922,12.953051447696039,12.194948552303961,0.06029130709337346,0.9564024251893337,0.32982281164026267,0.02552808139630516,42.240037887280195,27.682885623531575,10.843796923410016,79.12087912087917,63.0036630036631,281530887.0,270626115.15,0.19581373555542286,1.0039701866096997,0.7838371385222251,7821727.5,0.9916017739681443,1.3086729242357267,0.030185758513931796,0.027517098775250437,0.11713165782799151,4.0,8.0,-0.003069838833461125,0.0,1216.27,1225.98,0.012411742846525353,0.015161426548643275,0.07724480919451349,0.08920226490986304,0.0065157019484274326,0.010235398848182253,-0.031937365828817565,-0.029647268249728742,0.7657995746981227,0.2471908466670836,0.0,0.0,0.0,0.0,0.0,0.0,0.0,0.0
2023-08-07,13.03,13.31,12.88,12.99,10410369,0.005417956656346812,0.02444794952681395,0.021226415094339535,0.02444794952681395,0.005417956656346812,0.05438311688311681,12.798,12.6075,11.618166666666667,12.708917590005095,12.441966037053692,0.2669515529514026,0.28482539700549314,-0.017873844054090537,0.02055054295237895,-0.001375969519175561,69.70985348401214,12.6075,0.2011251247099451,13.00975024941989,12.20524975058011,0.06381126304499538,0.9754502956202359,0.33697832509452963,0.02594136451843954,42.92762885609796,31.094796289419183,9.855426300937852,71.17117117117117,67.67976767976772,291941256.0,271725087.15,0.19498247018749654,0.9056752320283304,0.687499372966674,8007130.4,0.9668166324850299,1.3001373126132678,0.03310238645111622,0.030339083878643702,0.11807657547805883,0.0,8.0,-0.011547344110854563,0.0,1233.1,1241.42,0.012594006427511184,0.015144329053888184,0.08041635480670495,0.09236853922882977,-0.007176049771164372,0.009303620472925767,-0.026033237923588137,-0.02409556076022723,0.687530351479722,0.2316763895107932,0.0,0.0,0.0,0.0,0.0,0.0,0.0,0.0
2023-08-08,12.99,13.11,12.8,12.84,5686462,-0.011547344110854563,-0.006191950464396245,0.012618296529968376,0.012618296529968376,0.006269592476489061,0.0490196078431373,12.830000000000002,12.6375,11.667833333333332,12.729084114619695,12.471450034308974,0.2576340803107211,0.2793871336665387,-0.02175305335581762,0.020064959525757094,-0.0016941630339421822,63.150668874923866,12.6375,0.1877253032326835,13.012950606465367,12.262049393534632,0.059418493604805944,0.7696759527257278,0.3350513018734917,0.026094338152141097,43.1030072605024,29.039804626134067,10.909597028793463,57.657657657657644,69.31656931656934,286254794.0,272888932.6,0.19893580080727485,0.8568894502616166,0.543745872573341,7942256.95,-0.8914907379005912,0.715975576690452,0.02414330218068526,0.016023738872403603,0.10046138243318525,1.0,8.0,-0.009375000000000022,0.0,1244.35,1242.23,0.0006524786132009464,0.020261835145701346,0.07853998628198333,0.0929477536434207,-0.012199822724055509,-0.00764353861573297,-0.02952037843884603,-0.02737068519880348,0.7031843393646927,0.23506670815707115,0.0,0.0,0.0,0.0,0.0,0.0,0.0,0.0
2023-08-09,12.8,12.84,12.64,12.68,7134388,-0.012461059190031154,-0.02386451116243271,-0.018575851393188847,-0.003144654088050425,0.0,0.009554140127388422,12.822,12.6435,11.718,12.72153271237051,12.486898179915716,0.2346345324547947,0.27043661342418995,-0.035802080969395245,0.01850430066678192,-0.0028235079628860602,56.99076957017888,12.6435,0.18703433402822656,13.017568668056452,12.269431331943547,0.059171695821007196,0.5487878337814861,0.3254047803110994,0.02566283756396683,42.39140380475042,27.764917541176995,13.942760081247421,33.68421052631578,54.17101311838155,279120406.0,273167625.9,0.18468962774607414,1.0129183395723156,1.516927865227835,7770543.6,-0.2587838363490099,0.9181324199763837,0.01577287066246051,0.0028868588602839473,0.08209592080559824,2.0,8.0,-0.009463722397476282,0.0,1240.68,1233.99,-0.006633232171176062,0.011110837983333788,0.06913013342574947,0.0999765337036386,-0.005827827018855092,-0.014255492071384213,-0.05957599329836105,-0.05572379959721585,0.6809700380275896,0.23091743640456303,0.0,0.0,0.0,0.0,0.0,0.0,0.0,0.0
2023-08-10,12.68,12.76,12.56,12.56,6595188,-0.009463722397476282,-0.02180685358255452,-0.033102386451116184,-0.009463722397476282,0.0,0.0,12.798,12.6435,11.766166666666665,12.696681525851972,12.492313129551588,0.20436839630038328,0.2572229699994286,-0.05285457369904534,0.01627136913219612,-0.004208166695783864,52.8286805159408,12.6435,0.18703433402822656,13.017568668056452,12.269431331943547,0.059171695821007196,0.38838947614372543,0.3164472960031637,0.025194848407895196,41.31812306573092,26.51149656343635,15.11908956566775,13.79310344827596,35.04499054408315,272525218.0,273116559.8,0.1880801508267359,1.0571330178786156,1.3942632730744577,7807267.3,-0.4980641346866965,0.8447498652953768,0.015923566878980836,-0.00660418396804674,0.06746745612419813,3.0,8.0,-0.01273885350318471,0.0,1236.51,1220.61,-0.010842875550045039,0.0079772079772078,0.047356317893977984,0.1088912362304573,0.0013791531525687573,-0.017440930374684083,-0.047356317893977984,-0.04521509736934792,0.7306210588746641,0.25555911351771465,0.0,0.0,0.0,0.0,0.0,0.0,0.0,0.0
2023-08-11,12.56,12.64,12.24,12.4,7721198,-0.01273885350318471,-0.02208201892744477,-0.034267912772585674,-0.04024767801857587,-0.015873015873015817,-0.009584664536741117,12.693999999999999,12.6375,11.809833333333334,12.651038214182437,12.485475119955174,0.165563094227263,0.2388909948449955,-0.0733279006177325,0.0133518624376825,-0.005913540372397783,47.81460532631677,12.6375,0.19303326683600913,13.023566533672017,12.251433466327981,0.06109856121416707,0.19241053123531493,0.32241534628865204,0.02600123760392355,38.88924934458748,24.16213156234937,20.868630707124964,14.953271028037392,20.810195000876394,264804020.0,273123606.4,0.19325678948302516,1.0383693744837723,1.1632275223039399,7749154.6,-0.011550545112623819,0.9963923032326649,0.03225806451612906,-0.01879327398615227,0.049972480559985266,4.0,8.0,0.019230769230769162,1.0,1228.92,1232.21,0.009503444998812283,0.005081648966541064,0.0546131461828141,0.11182827208047598,-0.022242298501996993,-0.045329326985116936,-0.06419781071955522,-0.0608733268231294,0.6730621225164998,0.23595348850805525,0.0,0.0,0.0,0.0,0.0,0.0,0.0,0.0
2023-08-14,12.48,12.84,12.44,12.72,6383055,0.02580645161290329,0.01273885350318471,0.003154574132492094,-0.020785219399538035,0.003154574132492094,0.022508038585209,12.64,12.651499999999999,11.850166666666667,12.661647719692832,12.502847333291827,0.1588003864010048,0.2228728731561974,-0.06407248675519259,0.012484307106997232,-0.005037145185156649,56.671972968448515,12.651499999999999,0.18804464755425415,13.027589295108507,12.27541070489149,0.05945370827309152,0.5910687978771617,0.33081425012517685,0.026007409601035914,37.26818447628269,26.184989255584693,18.8860339763397,44.859813084112176,24.535395853475194,271187075.0,273746679.7,0.21284641622124864,0.8174161040645198,0.10601566331947607,7771433.4,-0.5773320726443613,0.8213484786474525,0.03144654088050317,0.0054143777417698935,0.07340262443566203,0.0,8.0,-0.009375000000000022,0.0,1237.14,1236.84,0.0037574764041843345,-0.0036893235166182148,0.0543077067332689,0.1117860363806788,0.022048975208718957,-0.01709589588291982,-0.0317996681480599,-0.030161657687763577,0.665388816127017,0.24718895864324023,0.0,0.0,0.0,0.0,0.0,0.0,0.0,0.0
2023-08-15,12.8,12.96,12.68,12.68,5015044,-0.003144654088050425,0.022580645161290214,0.009554140127388422,-0.012461059190031154,0.0,0.01602564102564097,12.608,12.6615,11.892333333333335,12.664471147432396,12.515969753047989,0.14850139438440735,0.20799857740183939,-0.05949718301743204,0.011711466434101526,-0.004692206862573505,55.40604912995982,12.6615,0.1837124469327397,13.02892489386548,12.294075106134521,0.05803813037404402,0.5251752130964386,0.32718466083052145,0.025803206690104215,36.11190087738267,27.204117325906694,17.731576800480678,41.12149532710275,33.644859813084125,266172031.0,273689591.1,0.2132439080583003,0.8896055232377765,0.17910938105909754,7592775.9,-1.04247045146288,0.6605020437913885,0.022082018927444887,0.0014611222998854867,0.06623314740589148,1.0,8.0,-0.012578616352201255,0.0,1239.42,1234.05,-0.0022557485204229843,-0.006584931936919891,0.0510693388070762,0.11298796200533114,-0.0008889055676274404,-0.005876127253111263,-0.035043697781435235,-0.03334099520133327,0.6298356332728295,0.234736760240935,0.0,0.0,0.0,0.0,0.0,0.0,0.0,0.0
2023-08-16,12.72,12.72,12.52,12.56,6161214,-0.009463722397476282,-0.012578616352201255,0.012903225806451646,-0.009463722397476282,-0.012578616352201255,0.0228013029315961,12.584,12.6755,11.93,12.648398663212028,12.519231252822212,0.12916741038981527,0.19223234399943456,-0.06306493360961929,0.010284029489634973,-0.005021093440256312,51.67664462653417,12.6755,0.16256091975533218,13.000621839510664,12.350378160489335,0.05129925281222276,0.3223742825553705,0.31810004219977,0.025326436480873408,34.37013714322615,25.9823939811833,20.52802063839639,29.906542056074784,38.629283489096586,260010817.0,273627514.8,0.20753987468479593,0.9788038611439364,0.3048110259051434,7597763.6,-0.5817022244096914,0.8109246778881091,0.015923566878980975,-0.009112066585144518,0.05280804694048613,2.0,8.0,-0.006369426751592355,0.0,1239.95,1243.26,0.007463230825331291,0.007512216468528843,0.05991577008985649,0.11351104572835512,-0.016926953222807573,-0.016975938866005125,-0.03711446715826039,-0.035016430744410854,0.6377132993876913,0.23640843818587634,0.0,0.0,0.0,0.0,0.0,0.0,0.0,0.0
2023-08-17,12.56,12.8,12.44,12.48,9700353,-0.006369426751592355,-0.01577287066246047,-0.018867924528301883,-0.006369426751592355,-0.01577287066246047,0.009708737864077666,12.568000000000001,12.681500000000002,11.962,12.622491176564024,12.51632523409464,0.10616594246938327,0.17501906369342432,-0.06885312122404105,0.008506886415815967,-0.0055170770211571355,49.29446822352625,12.681500000000002,0.1521866928276092,12.98587338565522,12.377126614344784,0.048002741892554976,0.16899208423522896,0.32109289632835797,0.02572859746220817,32.752785104366524,23.90162947342523,18.884062164445368,22.429906542056088,31.152647975077894,250310464.0,272822961.55,0.2082087498363267,1.118109592430516,0.5132472956893446,7825321.95,0.7679556087305531,1.2396107229811804,0.02884615384615394,-0.015889287544848862,0.04330379535194795,3.0,8.0,-0.06672025723472674,0.0,1242.58,1233.48,-0.007866415713527308,0.01054390837368202,0.051730459324187184,0.11944635012349746,0.001496988961934953,-0.016913335125274376,-0.04202172146010952,-0.0399548392723279,0.6499774137386723,0.2501446517362197,0.0,0.0,0.0,0.0,0.0,0.0,0.0,0.0
2023-08-18,12.44,12.52,11.61,11.61,14282367,-0.06971153846153855,-0.0756369426751593,-0.08438485804416407,-0.06370967741935496,-0.10139318885448922,-0.07268370607028751,12.41,12.636,11.978333333333333,12.466723303246482,12.449190031569112,0.01753327167737062,0.14352190529021358,-0.12598863361284296,0.0015101870523144378,-0.010851734161312916,32.011984456765404,12.636,0.2829059728492893,13.201811945698578,12.07018805430142,0.08955554696083873,-0.4066616636497928,0.363157689447761,0.031279732079910506,32.107722015821366,19.62358177977693,31.829147796615956,0.0,17.445482866043644,236028097.0,271055144.0,0.31982734613452624,-1.493059009474193,6.009761845484468,8290294.35,2.187566858523226,1.7227816524994677,0.07838070628768305,-0.08119658119658124,-0.03074996521497153,4.0,8.0,-0.03653355989804585,0.0,1227.02,1177.99,-0.04498654214093456,-0.04400223987794294,-0.0066700396323468025,0.20289684856618417,-0.024724996320603987,-0.01970743754141202,-0.06601366643794071,-0.06645693684051124,1.0898812211955167,0.509796430143866,0.0,0.0,0.0,0.0,0.0,0.0,0.0,0.0
2023-08-21,11.77,11.85,11.14,11.34,6532192,-0.023255813953488302,-0.09134615384615385,-0.09713375796178347,-0.10849056603773588,-0.12702078521939952,-0.1222910216718266,12.133999999999999,12.557,11.9895,12.293381256593177,12.367027807008437,-0.07364655041526014,0.10008821414911884,-0.17373476456437897,-0.006494404798523821,-0.015320525975694796,28.654389342777463,12.557,0.39701650502626806,13.351033010052536,11.762966989947465,0.12646858486143753,-0.266340935825502,0.3879321402014923,0.034209183439285036,32.39202854337156,17.058195130966777,36.32207370071287,9.21658986175112,10.54883213460242,229495905.0,268245317.15,0.29778802339190674,-1.8200265789917558,6.82327017577186,7901504.25,-0.5786103491237883,0.8267023332930562,0.06261022927689586,-0.09691805367524098,-0.05417240085074437,0.0,8.0,-0.006113537117903856,0.0,1177.01,1179.76,0.0015025594444775248,-0.04614986578700553,-0.009204514915345352,0.2023765251615928,-0.024758373397965827,-0.06234070025073035,-0.11308650675648124,-0.11413708324157235,1.1056156364316887,0.5051726949129366,0.0,0.0,0.0,0.0,0.0,0.0,0.0,0.0
2023-08-22,11.45,11.45,10.74,11.38,6887852,0.003527336860670305,-0.019810508182601105,-0.08814102564102566,-0.10252365930599361,-0.11370716510903423,-0.10815047021943569,11.873999999999999,12.488,11.995833333333334,12.15286106327115,12.293914636118924,-0.14105357284777398,0.05185985674974028,-0.19291342959751426,-0.01239486580384657,-0.016951970966389653,29.82862861607495,12.488,0.47260309373790355,13.433206187475808,11.542793812524192,0.151378313176779,-0.08611550298826064,0.4109369873299571,0.03611045582864297,33.24659639155157,14.953020351585655,38.79226953376527,24.90272373540858,11.373104532386584,236383757.0,266196103.55,0.2988511282286715,-1.9312862016880792,7.069818380493829,7829676.2,-0.396586242115459,0.8797109642924953,0.0623901581722319,-0.08872517616912223,-0.05133726988537679,1.0,8.0,-0.023175965665236054,0.0,1183.92,1180.49,0.0006187699193056506,-0.04340180705806085,-0.012885692783677682,0.20165099494396604,0.002908566941364654,-0.05912185224793276,-0.09526477743575801,-0.09650835444215788,1.096474021721726,0.511914042154146,0.0,0.0,0.0,0.0,0.0,0.0,0.0,0.0
2023-08-23,11.65,11.65,11.38,11.38,2837829,0.0,0.003527336860670305,-0.019810508182601105,-0.09394904458598718,-0.10252365930599361,-0.10252365930599361,11.638000000000002,12.422999999999998,12.004666666666667,12.033959361229435,12.22621725566567,-0.19225789443623498,0.003036306512545228,-0.1952942009487802,-0.01689436682216476,-0.017161177587766273,29.82862861607495,12.422999999999998,0.5306411216633214,13.484282243326641,11.361717756673356,0.17085764200702613,0.008613280511194917,0.40087005966353156,0.03522584004073212,33.368644120459265,17.797312966801915,36.92598740895266,24.90272373540858,19.674012444189444,236383757.0,264485207.0,0.2994742497824671,-1.973171797632979,7.142067703131199,7633250.6,-1.8320775702774357,0.37177202069063475,0.023725834797890998,-0.0839571762054252,-0.05203531959793406,2.0,8.0,0.010443864229764843,1.0,1192.96,1172.56,-0.00671754949216008,-0.056866624841143465,-0.023550181539588988,0.20197324888544066,0.00671754949216008,-0.03708241974484372,-0.07897347776640462,-0.08087817343335035,1.0719782286525257,0.5059656600773381,0.0,0.0,0.0,0.0,0.0,0.0,0.0,0.0
2023-08-24,11.49,11.61,11.34,11.61,4486536,0.020210896309314386,0.020210896309314386,0.023809523809523725,-0.06971153846153855,-0.0756369426751593,-0.0756369426751593,11.464,12.3755,12.017833333333334,11.968734844117215,12.180571533023768,-0.21183668890655305,-0.03993829257127443,-0.17189839633527862,-0.018246054169384414,-0.01480606342250462,36.76862406739488,12.3755,0.559468497772757,13.494436995545515,11.256563004454486,0.18083099600751712,0.15793427018346204,0.3915221982589936,0.0337228422273035,33.54623932522776,16.920647749714714,35.83682883999058,33.85214007782098,27.88586251621273,240870293.0,263472692.3,0.3121531127944607,-1.86730440946068,6.360774218770949,7383522.35,-1.0851600490547755,0.6076416901480634,0.023255813953488337,-0.06185608662276276,-0.03393567892160265,3.0,8.0,0.006890611541774394,1.0,1175.2,1189.39,0.014353210070273681,-0.035744397963485386,-0.006631421579681329,0.20910338269259654,0.005857686239040705,-0.03396714049805316,-0.06900552109547797,-0.06946618062473087,1.0885366776142658,0.5185164857884028,0.0,0.0,0.0,0.0,0.0,0.0,0.0,0.0
2023-08-25,11.61,11.93,11.61,11.69,3862758,0.006890611541774394,0.027240773286467457,0.027240773286467457,0.006890611541774394,-0.05725806451612914,-0.07222222222222219,11.48,12.33,12.031833333333333,11.925852560406874,12.144232900947934,-0.21838034054106004,-0.07562670216523155,-0.1427536383758285,-0.018680952997524383,-0.012211602940618349,39.02743821115881,12.33,0.5769794304461795,13.48395886089236,11.17604113910764,0.1871790528616966,0.2226937537855176,0.38641346981192265,0.03305504446637491,32.67786979751312,21.834960451567305,33.71700750782705,40.08438818565399,32.946417332961204,244733051.0,262285967.6,0.31351707077020263,-1.8677204082768948,6.280441705433099,7209312.35,-1.202321920286821,0.5358011711061458,0.027373823781009436,-0.05190592051905929,-0.02841074372151653,4.0,8.0,-0.0034100596760444635,0.0,1188.99,1183.37,-0.0050614180378179,0.00456710158829865,-0.020121390777282033,0.2070266664202853,0.011952029579592294,0.002323509953475744,-0.052100831444940154,-0.053170699875027205,1.0910451556737928,0.5161391506201983,0.0,0.0,0.0,0.0,0.0,0.0,0.0,0.0
2023-08-28,11.73,11.77,11.61,11.69,3250368,0.0,0.006890611541774394,0.027240773286467457,0.030864197530864113,-0.08097484276729572,-0.07807570977917988,11.55,12.2805,12.048833333333334,11.889567551113508,12.110586019396235,-0.2210184682827272,-0.10470505538873069,-0.1163134128939965,-0.018906626884749974,-0.009949821462275152,39.0274382111588,12.2805,0.5877385294052695,13.45597705881054,11.10502294118946,0.19143798034453638,0.24882538303319798,0.37024107911107107,0.031671606425241326,31.87152666463524,21.160960673477025,32.67623367045046,42.792792792792746,38.909773685422586,244733051.0,260839899.55,0.31166250667281925,-1.8545090431334579,6.361347611530665,7112487.4,-1.3367713148541203,0.456994552988593,0.013686911890504718,-0.04808436138593708,-0.02978158327915581,0.0,8.0,0.0,0.0,1189.43,1201.72,0.01550656176850862,0.018613955380755387,-0.017319486466595868,0.20977608645606705,-0.01550656176850862,0.012250242150108726,-0.06075622331258401,-0.06182703582278648,1.0654448800728047,0.5176910205019117,0.0,0.0,0.0,0.0,0.0,0.0,0.0,0.0
2023-08-29,11.73,11.97,11.73,11.73,4920915,0.0034217279726262984,0.0034217279726262984,0.010335917312661591,0.03075571177504388,-0.07492113564668768,-0.07492113564668768,11.620000000000001,12.233,12.064,11.865018697096046,12.082394462403922,-0.21737576530787628,-0.12723919737255981,-0.09013656793531646,-0.018531608295641627,-0.007684276891331327,40.26485822518872,12.233,0.592124631262259,13.417249262524518,11.048750737475483,0.19361550928219032,0.28762916899448493,0.3637952877459947,0.031014091026939018,30.501507428127763,23.924471496640408,30.87982592295564,44.5945945945946,42.490591857680464,249653966.0,259639877.25,0.31246143595849846,-1.866767046849174,6.341281195446279,6794137.35,-0.6805803968097537,0.7242884190441042,0.020460358056266004,-0.041118286601814824,-0.02768567639257291,1.0,8.0,0.0,0.0,1204.75,1204.43,0.002255101021868766,0.020279714355903034,-0.010783862807582256,0.2095949568471909,0.0011666269507575322,0.010475997419140848,-0.06413727283910542,-0.06483646033225776,1.0589174552483394,0.5129432787331649,0.0,0.0,0.0,0.0,0.0,0.0,0.0,0.0
2023-08-30,11.81,11.89,11.69,11.81,3268467,0.006820119352088705,0.010265183917878673,0.010265183917878673,0.03778558875219673,-0.0597133757961783,-0.07154088050314467,11.706,12.1875,12.0725,11.856554282158193,12.062217094818447,-0.205662812660254,-0.14292392043009866,-0.06273889223015533,-0.017414294044051988,-0.005312353279437369,42.76662449608244,12.1875,0.5876794238896349,13.36285884777927,11.01214115222073,0.19287940066121353,0.33941074646553676,0.35209562433556657,0.029813346683790563,29.324128183357672,22.953774502371633,30.438394465501574,48.1981981981982,45.1951951951952,252922433.0,258317804.1,0.31379557946784775,-1.8675918916959457,6.263915809894294,6672086.5,-1.1920693965950766,0.4898717964762597,0.01693480101608815,-0.030974358974358962,-0.02174363222199205,2.0,8.0,0.01345668629100083,1.0,1206.1,1213.16,0.007248241906960162,0.034625093811830654,-0.005956916824397918,0.21117928168248545,-0.00042812255487145734,0.0031604949403660765,-0.06558396367874675,-0.06597698307927469,1.061731299360957,0.5417494418296279,0.0,0.0,0.0,0.0,0.0,0.0,0.0,0.0
2023-08-31,11.89,12.24,11.89,12.05,6145451,0.020321761219305623,0.027280477408354598,0.030795551753635797,0.037898363479758945,-0.034455128205128194,-0.0496845425867507,11.794,12.156,12.092333333333332,11.886315161826163,12.061312124831895,-0.1749969630057322,-0.14933852894522537,-0.02565843406050683,-0.014522569544044165,-0.0021293306274279525,49.587788920420586,12.156,0.5766728526187632,13.309345705237527,11.002654294762474,0.1897574375185138,0.4540467357191183,0.3576602225973118,0.02968134627363583,27.24849391587085,27.97247968204671,27.82447912007011,59.00900900900902,50.60060060060062,259067884.0,257706458.1,0.3250169163717304,-1.7797289932034273,5.588194905461546,6575904.45,-0.15167328017674545,0.9345407991747812,0.02904564315352694,-0.008719973675551107,-0.003500840753094092,3.0,8.0,0.0,0.0,1216.0,1224.05,0.008976557090573323,0.029140988237667864,0.010817952846938317,0.21159849676522693,0.0113452041287323,0.008757375242091081,-0.06050249543368902,-0.059854987006597526,1.019513670155159,0.5378691463251143,0.0,0.0,0.0,0.0,0.0,0.0,0.0,0.0
2023-09-05,12.32,12.44,12.17,12.32,4889719,0.022406639004149298,0.04318374259102464,0.05029838022165389,0.05389221556886237,0.06115417743324736,-0.04643962848297212,11.92,12.126000000000001,12.116000000000001,11.953035906160599,12.080474189659162,-0.127438283498563,-0.1449584798558929,0.017520196357329904,-0.010344016517740504,0.0014220938601728818,55.94851786222201,12.126000000000001,0.549817194500602,13.225634389001206,11.026365610998797,0.18136803381184305,0.5882111372381728,0.35997020669750374,0.02921836093323894,25.83100328279101,29.776345818517797,25.67121622399734,71.17117117117115,59.45945945945948,263957603.0,256827793.9,0.32825500410351316,-1.7190078332489076,5.371565676467111,6308586.25,-0.5207512595894217,0.7750895059887626,0.02191558441558438,0.01599868052119402,0.016837240013205523,1.0,9.0,0.0,0.0,1231.43,1234.98,0.008929373800089957,0.043612733126579206,0.00734106592277195,0.20937486699816626,0.013477265204059341,0.010279482442283161,-0.05378069440574407,-0.05338876396990566,1.0411922896250352,0.5447476246081671,0.0,0.0,0.0,0.0,0.0,0.0,0.0,0.0
2023-09-06,12.32,12.32,12.13,12.32,5863917,0.0,0.022406639004149298,0.04318374259102464,0.05389221556886237,0.08641975308641969,-0.05157813702848346,12.046000000000001,12.0925,12.139000000000001,12.00949192059743,12.098216842277001,-0.08872492167957091,-0.13371176822062852,0.04498684654105761,-0.00720169818827686,0.0036515297517092215,55.948517862222026,12.0925,0.5136236078359381,13.119747215671875,11.065252784328123,0.1698982370348358,0.6107328384682958,0.347829477647682,0.028232912146727435,24.398291842740726,28.614547936615757,25.491010704800694,76.69902912621357,68.95973643546459,263957603.0,255428611.25,0.32715618012888265,-1.695415745866766,5.379028145385079,6081263.65,-0.08528812058716184,0.9642596239023447,0.015422077922077882,0.01881331403762676,0.014910618667105968,2.0,9.0,0.0064102564102563875,1.0,1237.07,1245.5,0.008518356572576158,0.03643111540125821,0.003286558940567952,0.2067225315586409,-0.008518356572576158,0.01746110016760416,-0.054864695969051414,-0.05468497059004396,1.0339267108353571,0.5415206865406043,0.0,0.0,0.0,0.0,0.0,0.0,0.0,0.0
2023-09-07,12.48,12.8,12.48,12.56,12562498,0.01948051948051943,0.01948051948051943,0.04232365145228223,0.07075873827791979,0.1036906854130053,-0.02180685358255452,12.212,12.0785,12.166666666666666,12.094185471274749,12.132423002108334,-0.03823753083358561,-0.11461692074321994,0.07637938990963433,-0.003044389397578472,0.0060811616170091025,61.01891431303204,12.0785,0.4956789601940315,13.069857920388063,11.087142079611937,0.16415248919784134,0.7428487179542174,0.3572702292442762,0.028445081946200334,24.171829016071634,35.465108138004155,23.044746117550922,88.3495145631068,78.73990495349719,276520101.0,254941876.6,0.33416113692551486,-1.7663924795076709,5.3352677144936465,6425065.45,2.0962030170683805,1.9552326894973497,0.02547770700636945,0.03986422155068925,0.032328767123287694,3.0,9.0,0.0031948881789138905,1.0,1248.91,1243.14,-0.0018948213568846795,0.032139684332007645,0.0007325535528848182,0.20685381922110943,0.02137534083740411,0.03861905394591214,-0.022539407135439338,-0.0225229078992365,1.0258942374150004,0.5331908972210628,0.0,0.0,0.0,0.0,0.0,0.0,0.0,0.0
2023-09-08,12.52,12.8,12.48,12.56,5246597,0.0,0.01948051948051943,0.01948051948051943,0.06350550381033027,0.1036906854130053,-0.009463722397476282,12.362,12.0725,12.196333333333335,12.165849244924788,12.164095372322532,0.0017538726022561235,-0.09134276207412473,0.09309663467638085,0.00013963953839618817,0.00741215244238701,61.01891431303205,12.0725,0.48869186287700134,13.049883725754002,11.095116274245997,0.1619190268385177,0.7493902789428579,0.35460807001254224,0.028233126593355272,23.961542105593193,33.179116611850475,21.559339837606924,88.3495145631068,84.46601941747574,276520101.0,254811861.35,0.33135196369800524,-1.9012528648706943,5.906313409710382,6330675.9,-0.3694590920288135,0.8287577950404947,0.02547770700636945,0.04038103126941395,0.029817704774658838,4.0,9.0,-0.03144654088050314,0.0,1242.28,1241.48,-0.001335328281609538,0.023343994196973084,0.006069741245877225,0.20541002770813918,0.001335328281609538,0.04016150961335718,-0.015533463643353507,-0.015439748365871253,1.0158781126887226,0.5290431353099189,0.0,0.0,0.0,0.0,0.0,0.0,0.0,0.0
2023-09-11,12.72,12.8,12.28,12.32,9391018,-0.019108280254777066,-0.019108280254777066,0.0,0.022406639004149298,0.06115417743324736,-0.019108280254777066,12.416,12.0605,12.222666666666667,12.189564745705589,12.175643863261604,0.01392088244398515,-0.07029003317050275,0.0842109156144879,0.0011299417568169765,0.0068353015920850566,53.83274733963321,12.0605,0.47894044240229805,13.018380884804596,11.102619115195402,0.15884596572357648,0.6354552555106775,0.36642177929736075,0.02974202754037019,23.13036772615504,29.81586896100583,23.27265488698181,76.69902912621357,84.46601941747575,267129083.0,254542054.6,0.33663034025228344,-1.7736647890626582,5.1666181733968495,6470467.4,0.9693041960317829,1.4513662490595347,0.04220779220779232,0.021516520873927414,0.007963346787389636,0.0,9.0,0.035598705501618255,1.0,1250.48,1223.63,-0.014378000451074402,-0.00034312323842966563,0.0024741727496908617,0.2083350513643442,-0.004730279803702664,0.022749762242578964,-0.021582453004467927,-0.02152918607894838,1.031592737549022,0.544842273320014,0.0,0.0,0.0,0.0,0.0,0.0,0.0,0.0
2023-09-12,12.36,12.8,12.24,12.8,9836037,0.038961038961039085,0.019108280254777066,0.019108280254777066,0.038961038961039085,0.0949529512403764,0.032258064516129004,12.512,12.0805,12.255666666666666,12.283477861750884,12.221892465982966,0.061585395767917106,-0.043914947382818786,0.10550034315073589,0.004811359044368524,0.008242214308651241,63.173947444140765,12.0805,0.5016758756514165,13.083851751302834,11.077148248697167,0.1661109641658596,0.8585482354845858,0.380248795061835,0.02970693711420586,22.23363262601325,26.679409953301967,21.57589235112664,100.0,88.34951456310681,276965120.0,255150109.6,0.36131734537266424,-1.4956435691852277,4.416587907244325,6576209.35,1.053177359929182,1.4957001026738908,0.04375000000000004,0.05955879309631218,0.0444148285147008,1.0,9.0,0.06133540372670798,1.0,1227.16,1245.44,0.017824015429500628,0.008469772789842844,0.010736806226211426,0.2152387144792688,0.021137023531538457,0.03049126617119624,0.021521258289917577,0.021292643304711145,1.0979020305728533,0.5736835326705922,0.0,0.0,0.0,0.0,0.0,0.0,0.0,0.0
2023-09-13,12.88,13.67,12.76,13.67,36222052,0.06796874999999991,0.10957792207792205,0.08837579617834379,0.10957792207792205,0.16937553464499566,0.07468553459119498,12.782,12.128,12.301166666666667,12.496788959943055,12.32915969072497,0.16762926921808585,-0.0016061040626378605,0.16923537328072372,0.01226256541463686,0.012380056567719365,73.60026435062161,12.128,0.6006277417923837,13.329255483584767,10.926744516415233,0.19809622090777815,1.1418284957161606,0.41808816684313255,0.03058435748669587,23.107992105757354,37.39514989195952,18.2214970009482,100.0,92.23300970873788,313187172.0,257250114.45,0.42397336765334204,-0.34396076399418146,3.408334659201548,8068159.2,3.8494067470361206,4.489506354807674,0.0665691294806145,0.12714379947229548,0.11127670817131152,2.0,9.0,-0.0028612303290415086,0.0,1248.94,1238.39,-0.005660650051387384,-0.005708550782818067,0.0012531936224573492,0.2160144160860461,0.0736294000513873,0.11528647286074012,0.07343234096873763,0.07334043120807943,1.030788426636226,0.4856008934801527,0.0,0.0,0.0,0.0,0.0,0.0,0.0,0.0
2023-09-14,13.98,14.18,13.63,13.94,17850967,0.01975128017556682,0.08906249999999982,0.13149350649350633,0.10987261146496796,0.18840579710144922,0.09936908517350163,13.057999999999998,12.191,12.338666666666665,12.718821427644123,12.448481195115713,0.2703402325284099,0.05278316325557169,0.2175570692728382,0.019393130023558816,0.015606676418424548,75.88238838350408,12.191,0.7164819019274453,13.623963803854892,10.75803619614511,0.23508552273888786,1.1102736144817205,0.4275104406400516,0.030667893876617763,24.595554950727433,42.4798490288407,16.54704777822158,91.54929577464787,97.18309859154931,331038139.0,260493419.85,0.4266744338667712,-0.4665731789597327,3.3256044439621917,8709955.35,1.2043829474508745,2.049490070003631,0.03945480631276894,0.14346649167418568,0.12978171601469657,3.0,9.0,0.0,0.0,1238.19,1223.81,-0.011773350883001465,-0.01554933474910325,-0.008297880961063209,0.22002605861597696,0.031524631058568287,0.1254219462140712,0.10766696613456483,0.10856784922362106,0.9079287774415268,0.4777462439637986,0.0,0.0,0.0,0.0,0.0,0.0,0.0,0.0
2023-09-15,13.98,14.14,13.59,13.98,16318954,0.0028694404591105283,0.022677395757132457,0.09218749999999987,0.11305732484076425,0.18374259102455537,0.11305732484076425,13.341999999999999,12.262,12.374833333333333,12.912848900314257,12.56192703251455,0.35092186779970724,0.1124109041643988,0.23851096363530844,0.025101707281810246,0.0170608700740564,76.21048828877525,12.262,0.8181210822752694,13.898242164550538,10.625757835449463,0.26688014427508366,1.0249834154200275,0.436259694880048,0.03120598675822947,25.8530145955199,38.65448713675443,15.71188397590616,92.21789883268485,94.58906486911093,347357093.0,264860733.65,0.4233266719894503,-0.5453485448130695,3.5968465286809614,9217842.35,0.9164543253474814,1.7703659251668586,0.03934191702432051,0.1401076496493232,0.12971218467588796,4.0,9.0,0.011444921316166035,1.0,1228.87,1227.36,0.002900777081409567,-0.011373521925443941,-0.012788958061869637,0.21847496212297543,-3.133662229903855e-05,0.12443084676620819,0.1258462829026339,0.12747657548032243,0.9049110263690489,0.47599439152766865,0.0,0.0,0.0,0.0,0.0,0.0,0.0,0.0
2023-09-18,13.98,14.14,13.67,14.14,12515054,0.011444921316166035,0.01434720229555242,0.034381858083394334,0.1477272727272727,0.17344398340248968,0.13301282051282048,13.706,12.344999999999999,12.413666666666666,13.101641377188987,12.67882132640236,0.4228200507866262,0.17449273348884428,0.24832731729778193,0.029902408117866066,0.017562045070564494,77.52743765185977,12.344999999999999,0.9193447323187375,14.183689464637474,10.506310535362523,0.29788407689550034,0.9881194009435171,0.43866971667433036,0.03102331801091445,27.020655694255765,35.6962561384652,14.509452236102923,98.443579766537,94.07025812462325,359872147.0,270338817.8,0.42130312772014117,-0.6590581407518674,3.8320121967144423,9358577.4,0.40555148294541765,1.3372816684723898,0.03323903818953328,0.14540299716484428,0.13906715716548979,0.0,9.0,-0.016877637130801704,0.0,1225.6,1211.81,-0.012669469430321989,-0.009659782777473702,-0.017568181081168754,0.22125525790854894,0.024114390746488024,0.1573870555047464,0.15058100159398924,0.15327374245645253,0.8564197868280394,0.45726843494243236,0.0,0.0,0.0,0.0,0.0,0.0,0.0,0.0
2023-09-19,14.22,14.53,13.71,13.98,16383384,-0.011315417256011373,0.0,0.0028694404591105283,0.09218749999999987,0.13474025974025983,0.2041343669250646,13.942000000000002,12.4635,12.4505,13.236773473006066,12.775204931854038,0.46156854115202783,0.23190789502148101,0.22966064613054682,0.0330163477218904,0.01642780015239963,73.16554622609983,12.4635,0.9709153304729933,14.405330660945987,10.521669339054013,0.3116027858861455,0.8904820411222724,0.46590759405473525,0.03332672346600395,28.5998528210537,37.18782566405466,12.68540095189566,80.63380281690144,90.4317604720411,343488763.0,275711851.1,0.31977266137888216,1.1443345163837024,2.844092929797557,9463628.25,0.8796088894549955,1.7311947983586529,0.05865522174535039,0.1216752918522086,0.12284647202923571,1.0,9.0,0.008510638297872353,1.0,1215.96,1211.5,-0.00025581568067600813,-0.027251413155190196,0.028446761008158017,0.1473974479819247,-0.011059601575335365,0.11943891315519006,0.17568760591690658,0.17082809978873859,0.8637697678395796,0.4590627281806534,0.0,0.0,0.0,0.0,0.0,0.0,0.0,0.0
2023-09-20,14.1,14.22,13.74,14.22,8024825,0.017167381974249052,0.005657708628005631,0.017167381974249052,0.040234089246525384,0.15422077922077926,0.25396825396825395,14.052000000000001,12.6075,12.49,13.388039092543593,12.882226788753739,0.5058123037898543,0.2866887767751557,0.21912352701469862,0.035570485498583285,0.015409530732397933,75.40122235605702,12.6075,1.0083643608392003,14.624228721678401,10.590771278321599,0.31992523841814813,0.8997810867338704,0.4669141944793971,0.032835034773515966,30.066250153080354,34.457107299310245,11.753906390841756,89.08450704225356,89.38729654189734,351513588.0,281812735.25,0.29613988809523617,1.3992882975368524,3.6066121057078044,9538259.9,-0.19292622608791626,0.8413300836979709,0.03375527426160341,0.1279000594883999,0.13851080864691756,2.0,9.0,-0.025174825174825277,0.0,1212.7,1226.11,0.012059430458109643,-0.009916100743707745,0.03928765172577475,0.15213988787748983,0.0051079515161394085,0.05015018999023313,0.2146806022424792,0.20656514285144656,0.8724499389498838,0.46631817744867665,0.0,0.0,0.0,0.0,0.0,0.0,0.0,0.0
2023-09-21,14.3,14.65,13.9,13.94,12887219,-0.0196905766526021,-0.0028612303290415086,-0.014144271570014189,0.0,0.10987261146496796,0.22495606326889273,14.052000000000001,12.7355,12.5215,13.472956155229195,12.960580359957167,0.5123757952720283,0.3318261804745302,0.18054961479749804,0.036755795930561566,0.012951909239418798,68.25640674563508,12.7355,1.0068265674098176,14.749153134819636,10.721846865180364,0.3162267888688526,0.7990832877748548,0.4871346091594402,0.03494509391387663,31.91089564389688,36.97286390112543,10.461299491613739,74.27536231884055,81.33122405933187,338626369.0,286924865.85,0.3153198308098919,1.130733723344365,2.758264372323604,9838228.25,0.38827549821907875,1.3099125851242575,0.05380200860832138,0.09457814769738127,0.11328514954278646,3.0,9.0,-0.0266469282013323,0.0,1226.79,1212.74,-0.010904404988133165,-0.00904552177217044,0.027319164075934488,0.15884998467150094,-0.008786171664468934,0.00904552177217044,0.19763689919295824,0.19238120547544835,0.8962169832995341,0.48146054450868536,0.0,0.0,0.0,0.0,0.0,0.0,0.0,0.0
2023-09-22,13.51,13.63,12.99,13.15,16754791,-0.05667144906743182,-0.07524613220815757,-0.05937052932761089,-0.05937052932761089,0.04697452229299359,0.15553602811950795,13.886,12.824000000000002,12.5425,13.423270592886242,12.974611444404784,0.4486591484814575,0.3551927740759157,0.09346637440554179,0.03411856642444543,0.007107709080269337,52.997545099959154,12.824000000000002,0.9580154926777867,14.740030985355576,10.907969014644427,0.29881955479656486,0.5850716931228281,0.5201964227909087,0.03955866333010712,31.03481131086508,32.14993010601012,21.5919529375978,40.47619047619047,67.94535327909489,321871578.0,291199256.9,0.39433181733276507,-0.18575190089781207,2.6561383065918274,10534076.35,0.7958745576815472,1.590532519730598,0.048669201520912586,0.025421085464753412,0.048435319912298214,4.0,9.0,-0.06636155606407312,0.0,1197.49,1193.05,-0.016235961541633093,-0.027954308434363195,0.017474585522275987,0.16859260723826597,-0.04043548752579873,-0.03141622089324769,0.13806144259723196,0.13569031065907566,1.0287000471723047,0.5252485673591478,0.0,0.0,0.0,0.0,0.0,0.0,0.0,0.0
2023-09-25,13.11,13.55,12.24,12.24,12359487,-0.0692015209125475,-0.12195121951219512,-0.139240506329114,-0.13437057991513435,-0.006493506493506551,0.054263565891472965,13.506,12.855500000000001,12.547,13.241228963211435,12.920195781856282,0.321033181355153,0.3483608555317632,-0.027327674176610195,0.02622820109110727,-0.0022326531190041007,41.49127678436762,12.855500000000001,0.9258138667084286,14.707127733416858,11.003872266583144,0.28806778941571415,0.3337948851996825,0.5766109640201296,0.047108738890533464,28.87670775270372,26.932695130946538,27.378788747761632,4.365079365079343,39.70554405337014,309512091.0,294631346.8,0.47559650110307544,-0.5920875584432773,1.8766621835330985,10927723.9,0.18611542207941298,1.131021163519697,0.10702614379084971,-0.047878340010112486,-0.024468000318801364,0.0,9.0,-0.025326797385620936,0.0,1190.58,1153.2,-0.033401785340094636,-0.048365667885229446,-0.03042736192502038,0.20035396225079583,-0.03579973557245286,-0.0860049120299049,0.08469092781649334,0.08734871890015516,1.2313911874233023,0.6169251921067884,0.0,0.0,0.0,0.0,0.0,0.0,0.0,0.0
2023-09-26,12.24,12.64,11.93,11.93,10911192,-0.025326797385620936,-0.09277566539923954,-0.14418938307030127,-0.1466380543633763,-0.06796875000000002,0.020530367835757124,13.096,12.867500000000001,12.545,13.039501430409675,12.846847946163225,0.1926534842464509,0.3172193812747008,-0.12456589702824988,0.01614865752275364,-0.010441399583256487,38.43031652992171,12.867500000000001,0.9113545442160789,14.690209088432159,11.044790911567844,0.28330430750839825,0.24282785828252695,0.5861387523044062,0.049131496421157266,27.374014301571084,24.602406627487852,28.787653109611224,0.0,14.947089947089957,298600899.0,297324739.2,0.4858088240863386,-0.42676227849033016,1.3551814832898057,11280145.6,-0.049118513210648494,0.9672917697090718,0.059513830678960676,-0.0728579755197204,-0.049023515344758906,1.0,9.0,0.03887510339123246,1.0,1150.94,1137.96,-0.013215400624349671,-0.06070160957490711,-0.03837345885057075,0.2043447350326546,-0.012111396761271265,-0.08593644478846918,0.058903826686327876,0.06125436868237877,1.2570793400552644,0.6300026043058611,0.0,0.0,0.0,0.0,0.0,0.0,0.0,0.0
2023-09-27,12.09,12.56,11.77,12.56,6676652,0.05280804694048613,0.026143790849673332,-0.04486692015209126,-0.11673699015471173,-0.08119970738844184,0.07442258340461949,12.764,12.911000000000001,12.552166666666668,12.965731979577418,12.825599950151133,0.1401320294262849,0.2818019109050176,-0.14166988147873272,0.011157008712283829,-0.011279449162319483,46.98939810352845,12.911000000000001,0.8721111710882873,14.655222342176575,11.166777657823427,0.27019167255465476,0.3993820938097845,0.6007002699969487,0.047826454617591455,26.22776071505993,22.291306185164075,27.985940473620662,27.43055555555558,10.598544973544993,305277551.0,300351964.2,0.5187442157298471,-0.39365166583762523,0.7692127086485273,11451459.8,-0.6490870300025803,0.5830393780887219,0.06289808917197459,-0.02718612036248169,0.0006240622468896007,2.0,9.0,0.0064102564102563875,1.0,1139.76,1153.85,0.01396358395725672,-0.058934353361443925,-0.039834570449023166,0.2026705114105203,0.03884446298322941,-0.0578026367932678,0.11425715385364266,0.11899736268059069,1.3219295018498054,0.6404579188824981,0.0,0.0,0.0,0.0,0.0,0.0,0.0,0.0
2023-09-28,12.48,12.68,12.32,12.56,7095344,0.0,0.05280804694048613,0.026143790849673332,-0.09899569583931123,-0.09899569583931123,0.07075873827791979,12.488,12.9525,12.558166666666667,12.903311675027046,12.805925879769568,0.09738579525747859,0.24491868777550982,-0.14753289251803123,0.007753646119226002,-0.01174624940430185,46.989398103528444,12.9525,0.8317696733314028,14.616039346662806,11.288960653337195,0.25686768525964954,0.3820286394826227,0.5835073935685952,0.046457595029346745,24.927549675440837,22.777911571972325,26.752642528721402,27.43055555555558,18.28703703703707,305277551.0,303133143.45,0.5189461794214353,-0.37586231284874133,0.7525822963979991,11560181.25,-0.6141321439724631,0.6137744596348781,0.028662420382165557,-0.030303030303030276,0.0001459873389162425,3.0,9.0,-0.028125000000000067,0.0,1153.74,1152.43,-0.0012306625644580294,-0.04973036264986719,-0.0431739495030844,0.2020875592203203,0.0012306625644580294,-0.04926533318944404,0.11393268778100418,0.11907356381218359,1.323160696389986,0.6401653238701722,0.0,0.0,0.0,0.0,0.0,0.0,0.0,0.0
2023-09-29,12.8,12.8,12.4,12.44,5769309,-0.009554140127388644,-0.009554140127388644,0.042749371332774455,-0.05399239543726242,-0.11015736766809736,0.053344623200677344,12.346,12.984,12.563333333333334,12.832032955792116,12.778820259045895,0.05321269674622009,0.20657748956965188,-0.1533647928234318,0.004277547969953384,-0.012328359551722814,45.58937892911853,12.984,0.7974459229315469,14.578891845863094,11.389108154136906,0.24567033978174582,0.3294555203191196,0.5703997225994099,0.04585206773307153,23.481396805100236,23.139667329351706,25.412597671015302,23.263888888888882,26.0416666666667,299508242.0,305462433.9,0.520989393592479,-0.2923851052019762,0.6465421283059962,11685223.35,-0.8285144829949308,0.49372689140768544,0.032154340836012894,-0.041897720271102945,-0.009816927566994038,4.0,9.0,0.034126984126984006,1.0,1157.76,1154.15,0.0014924984597763924,-0.032605506894094805,-0.048641564179498165,0.1995631179585489,-0.011046638587165036,-0.021386888543167615,0.10198618738017551,0.10720059184866249,1.3237530261157666,0.6396868420779948,0.0,0.0,0.0,0.0,0.0,0.0,0.0,0.0
2023-10-02,12.6,13.19,12.48,13.03,6762427,0.047427652733119,0.03742038216560495,0.03742038216560495,0.06454248366013071,-0.0785007072135786,0.08132780082987545,12.504,13.033000000000001,12.578333333333335,12.86248942413179,12.797426165783236,0.06506325834855353,0.17827464332543222,-0.11321138497687869,0.0049933429277477775,-0.008688517649798826,53.003432061941666,13.033000000000001,0.7665445364203827,14.566089072840766,11.499910927159236,0.2352626521661574,0.4990215832683345,0.5832283138423091,0.04476042316518106,22.200581152958407,25.79058329745287,23.07836744138462,43.74999999999998,31.481481481481495,306270669.0,307822573.15,0.5413493483265165,-0.2723776646963214,0.29322594213869063,11716072.15,-0.6960801379737592,0.5771923314760399,0.054489639293937,-0.0002301849152153146,0.03590830793692845,0.0,10.0,0.0,0.0,1155.07,1155.25,0.0009530823549797063,0.0017776621574747686,-0.056206854295167696,0.195479336056512,0.04647457037813929,0.06276482150265594,0.13753465512504315,0.14572542272738298,1.3371432298177477,0.6224591121453661,0.0,0.0,0.0,0.0,0.0,0.0,0.0,0.0
2023-10-03,12.8,13.27,12.56,12.8,15068998,-0.01765157329240208,0.02893890675241173,0.019108280254777066,0.07292539815590948,-0.0844062947067239,0.038961038961039085,12.678,13.056999999999999,12.585666666666667,12.852875666573052,12.797616820169663,0.05525884640338852,0.15367148394102348,-0.09841263753763496,0.004317097375264728,-0.007688487307627731,50.13544372016414,13.056999999999999,0.7503900740002137,14.557780148000425,11.556219851999572,0.2298813123995446,0.4143778652914575,0.5922834342821441,0.04627214330329251,21.153836710646807,24.54705292664449,21.102281580296523,35.76388888888892,34.25925925925928,291201671.0,309184776.55,0.5424199035956785,-0.0994698976726115,0.21314460620044726,12225036.1,0.4083236150627144,1.2326342332845954,0.05546874999999993,-0.019682928697250412,0.01702995471038493,1.0,10.0,0.04727564102564097,1.0,1145.85,1118.1,-0.032157541657649946,-0.017452283032795668,-0.09464120876451454,0.21605986251935907,0.014505968365247868,0.09037768118870515,0.13360224772555362,0.14756828896887964,1.2360752482370032,0.6110462734885873,0.0,0.0,0.0,0.0,0.0,0.0,0.0,0.0
2023-10-04,12.48,13.31,12.48,13.07,7661259,0.02109374999999991,0.003069838833461347,0.05064308681672025,0.04060509554140124,-0.08087201125175814,0.06087662337662336,12.780000000000001,13.0945,12.598166666666666,12.886279410177197,12.817793352008948,0.06848605816824893,0.13663439878646857,-0.06814834061821964,0.005239943241641081,-0.0052141041023886486,53.32808154254767,13.0945,0.7300863323140168,14.554672664628033,11.634327335371967,0.22302075904051819,0.49161058120265494,0.6092631889762767,0.04661539318869753,20.010907210530675,22.158447160373555,19.986778005791148,45.13888888888889,41.55092592592595,298862930.0,310930042.9,0.5463009718668572,-0.19026312110222351,0.13491723210895648,12314903.2,-0.6754431797003067,0.6221128071879607,0.06350420811017599,-0.0018710145480926865,0.037452539390652184,2.0,10.0,-0.012130401819560266,0.0,1106.61,1128.67,0.0094535372506932,-0.021822593924686773,-0.0938016860698514,0.21685250535062287,0.011640212749306711,0.06242768946608801,0.15467830944647476,0.17068924877562464,1.26546462166962,0.6219054014430015,0.0,0.0,0.0,0.0,0.0,0.0,0.0,0.0
2023-10-05,13.19,13.55,13.03,13.03,10951267,-0.003060443764345888,0.017968749999999867,0.0,0.03742038216560495,-0.0652797704447633,0.03742038216560495,12.874,13.118,12.611333333333334,12.908390270149935,12.833512362971248,0.0748779071786867,0.1242831004649122,-0.0494051932862255,0.005746577680635971,-0.0037916495231178435,52.788843217212815,13.118,0.7194632502228367,14.556926500445673,11.679073499554327,0.21938199427438218,0.46942164871772635,0.6028872469065428,0.04626916706880605,19.404035734947854,23.636762851198856,18.755426631178008,43.74999999999998,41.550925925925945,287911663.0,311499621.0,0.5434198024313324,-0.08985841690398572,0.18659963634729593,12234341.65,-0.18605710120414065,0.8951251577971095,0.03990790483499627,-0.006708339685927767,0.033197652904794595,3.0,10.0,0.012204424103737566,1.0,1131.29,1113.89,-0.013095058786004699,-0.03344237827894103,-0.10397059060121949,0.21848469528721262,0.01003461502165881,0.07086276044454598,0.14139097276682444,0.1577972455856056,1.251208267931283,0.6210700242235103,0.0,0.0,0.0,0.0,0.0,0.0,0.0,0.0
2023-10-06,13.11,13.27,12.6,13.27,11986107,0.018419033000767415,0.015302218821729108,0.03671874999999991,0.06672025723472674,0.009125475285171047,0.056528662420382014,13.040000000000001,13.1535,12.623166666666666,12.964022536280714,12.865844780528933,0.09817775575178089,0.11906203152228595,-0.020884275770505056,0.007398474434949578,-0.0015737962148082182,55.68430783054979,13.1535,0.7079048032938282,14.569309606587655,11.737690393412343,0.21527496203864463,0.5411425376187358,0.6076810149846469,0.045793595703439854,18.108303619540905,21.77527975635705,22.332710413605447,52.08333333333332,46.99074074074074,299897770.0,312668504.45,0.5462685254403393,-0.17176774246847748,0.1296963890520243,12571317.15,-0.08736382487872024,0.9534487800269997,0.05048982667671439,0.008856958224046751,0.05124176448065065,4.0,10.0,0.014981273408239737,1.0,1115.23,1128.54,0.013152106581439726,-0.02218949010094018,-0.09097206559912363,0.22789418818658058,0.005266926419327689,0.08890974733566692,0.14750072801950564,0.16226204106337017,1.2451358483542119,0.62761643355772,0.0,0.0,0.0,0.0,0.0,0.0,0.0,0.0
2023-10-09,13.35,13.59,13.23,13.55,10159829,0.02110022607385087,0.03990790483499618,0.03672532517214999,0.03990790483499618,0.10702614379084974,0.09983766233766245,13.144,13.215,12.639666666666669,13.05417291531445,12.916522944934197,0.13764997038025228,0.12277961929387922,0.014870351086373065,0.010158669400756626,0.0010974428846031782,58.85478363537179,13.215,0.6847319875228582,14.584463975045717,11.845536024954283,0.20725902005988903,0.6223106288680641,0.589989513914315,0.04354166154349188,17.332973310177902,24.700380084159583,21.359354645737923,61.80555555555558,52.546296296296305,310057599.0,314814930.25,0.543012029453168,-0.34633050803099813,0.28255000209980247,12609757.7,-0.3666726875772128,0.8057116751735841,0.026568265682656782,0.025349981082103845,0.07202194150689611,0.0,10.0,-0.029261155815654694,0.0,1130.25,1137.36,0.00781540751767773,-0.01548582557887912,-0.07050333842746603,0.22895450187186991,0.013284818556173139,0.0553937304138753,0.17034100076512848,0.1832615519855052,1.2707868115172445,0.6355768836001534,0.0,0.0,0.0,0.0,0.0,0.0,0.0,0.0
2023-10-10,13.67,13.74,13.27,13.27,11179849,-0.020664206642066474,0.0,0.018419033000767415,0.03671874999999991,0.11232187761944679,0.03671874999999991,13.238,13.238499999999998,12.652166666666666,13.08737708218915,12.942706430494628,0.14467065169452198,0.12715782577400778,0.017512825920514202,0.010902083775020496,0.0013197306646958707,54.64461978306564,13.238499999999998,0.6777693676979188,14.594038735395836,11.88296126460416,0.20478736041029388,0.5116189966311817,0.5814188343490069,0.043814531601281605,16.88285442895806,25.116949881072436,20.126054301031903,52.08333333333332,55.3240740740741,298877750.0,315910561.75,0.5352198579870702,-0.15097100098104163,0.33354966516132284,12676948.3,-0.22482778612467014,0.8819038096100777,0.03541823662396388,0.0023794236507157507,0.04883221582601127,1.0,10.0,0.038432554634513894,1.0,1143.6,1143.69,0.005565520151930903,0.022887040515159773,-0.08169803442959922,0.21763171016856764,-0.026229726793997377,0.013831709484840138,0.11841678442959913,0.12895190130192624,1.2531504246000624,0.6234552153527619,0.0,0.0,0.0,0.0,0.0,0.0,0.0,0.0
2023-10-11,13.27,13.82,13.23,13.78,10683844,0.038432554634513894,0.01697416974169741,0.038432554634513894,0.05432287681713843,0.09713375796178325,0.008046817849304944,13.379999999999999,13.244,12.6745,13.19393445416005,13.004728176383914,0.18920627777613674,0.13956751617443358,0.04963876160170316,0.013730499112927196,0.003602232336843481,60.225681283940084,13.244,0.6818890170541763,14.607778034108353,11.880221965891646,0.20594654698102588,0.6965129172763219,0.5820317747526492,0.042237429227333034,16.610155701943548,24.280103027684127,18.668798068555205,98.04878048780483,70.64588979223127,309561594.0,315729282.85,0.4960217881777419,-0.483628810458283,0.30241483456720936,11400037.9,-0.19380772985165126,0.9371761825458492,0.04281567489114658,0.0404711567502265,0.08722237563611968,2.0,10.0,-0.0028776978417266452,0.0,1146.2,1150.81,0.006225463193697545,0.01961600822206666,-0.07072085530406425,0.22061558042857574,0.03220709144081635,0.03470686859507177,0.07876767315336919,0.0847621229885045,1.2817789367131949,0.6269147889726707,0.0,0.0,0.0,0.0,0.0,0.0,0.0,0.0
2023-10-12,13.9,13.98,13.59,13.86,11253661,0.005805515239477588,0.04446119065561427,0.022878228782287735,0.06369915579432073,0.1035031847133756,-0.0057388809182209455,13.546000000000001,13.24,12.6975,13.296406076596966,13.06808164479992,0.22832443179704676,0.15731889929895623,0.07100553249809052,0.01647362422778115,0.005123054292791525,61.035634801222336,13.24,0.6778138232195707,14.59562764643914,11.88437235356086,0.20477759009654692,0.7286763631696979,0.5683152194131743,0.04100398408464461,16.64832313651233,25.100920117028448,17.753708419356837,94.5701357466063,81.5674165225815,320815255.0,315218138.65,0.4914295125703318,-0.43525312543247535,0.385463221258657,11070172.6,0.05445883456325768,1.016575026120189,0.02813852813852818,0.04682779456193353,0.09155345540460713,3.0,10.0,0.008046817849304944,1.0,1155.12,1151.61,0.0006951625376907522,0.033863307867024295,-0.05899608599374084,0.21889764251168317,0.0051103527017868355,0.029835847927296433,0.0532572050755199,0.05659615680957275,1.2820859978575563,0.6269426749783262,0.0,0.0,0.0,0.0,0.0,0.0,0.0,0.0
2023-10-13,13.67,13.82,13.47,13.78,8159867,-0.005772005772005762,0.0,0.038432554634513894,0.038432554634513894,0.10771704180064301,-0.014306151645207543,13.648,13.23,12.7225,13.370805141735895,13.120816337777704,0.2499888039581908,0.17585288023080314,0.07413592372738764,0.018141422638475384,0.005379965437401136,59.72583694905708,13.23,0.6677219717660261,14.565443943532053,11.894556056467948,0.2018811706019731,0.7059240309800388,0.555578418026519,0.04031773715722199,16.37820974354344,23.84234005909608,18.40631704074404,90.95022624434384,94.52304749291835,312655388.0,313483053.4,0.4917575172752578,-0.3883385994983118,0.346730428038045,10662218.25,-0.7845623581303207,0.7653066940362059,0.025399129172714054,0.04157218442932731,0.08312045588524253,4.0,10.0,-0.03979739507959479,0.0,1145.03,1154.73,0.0027092505275223555,0.02320697538412464,-0.05917579194368394,0.21883085550380907,-0.008481256299528117,0.015225579250389254,0.0448696402984764,0.04769184286953476,1.2766174602885885,0.6269179733610837,0.0,0.0,0.0,0.0,0.0,0.0,0.0,0.0
2023-10-16,13.82,13.82,13.27,13.27,9376264,-0.037010159651669094,-0.04256854256854259,-0.037010159651669094,-0.020664206642066474,0.018419033000767415,-0.0615275813295616,13.591999999999999,13.1865,12.737666666666666,13.35529665839191,13.1318669794238,0.2234296789681114,0.1853682399782648,0.0380614389898466,0.016837202635125198,0.0028682320263637225,52.056456487869525,13.1865,0.6327406968686651,14.45198139373733,11.92101860626267,0.19193590319452927,0.5329913977452484,0.5551799595960534,0.0418372237826717,15.631488929704087,22.155205386320784,19.677015134331178,67.87330316742079,84.46455505279033,303279124.0,310653402.25,0.506323619016961,-0.1944082296515201,-0.07603687679067819,10505278.75,-0.3560789943913038,0.8925288155728376,0.04144687264506411,0.006332233723884251,0.04179206029361748,0.0,10.0,-0.07669396872673118,0.0,1152.69,1141.42,-0.011526504031245333,0.003569670113244827,-0.05808666375091798,0.21819451221190816,-0.025483655620423762,-0.0242338767553113,-0.003440917578643621,-0.003653114831504767,1.3083760460132958,0.6340503318131164,0.0,0.0,0.0,0.0,0.0,0.0,0.0,0.0
2023-10-17,13.43,13.43,12.4,12.4,12538711,-0.06556141672946492,-0.10014513788098689,-0.10533910533910529,-0.06556141672946492,-0.03125,-0.11301859799713876,13.418000000000001,13.107499999999998,12.735666666666667,13.208327941716233,13.077654610577593,0.13067333113863988,0.1744292582103398,-0.043755927071699924,0.010538171866019345,-0.0035287037961048325,42.120210562884346,13.107499999999998,0.6270639604749031,14.361627920949804,11.853372079050192,0.1913603541407295,0.21793148522513667,0.5890956767677639,0.04750771586836805,15.784303064342144,19.388269258884883,27.76843353852779,4.819277108433739,54.547602173399476,290740413.0,308015984.75,0.5530479322108262,-0.23203743185755094,-0.4792257198295358,10313045.1,0.7673139488112706,1.2158107405154275,0.0830645161290322,-0.053976730879267465,-0.02635642683277928,1.0,10.0,-0.047427652733119,0.0,1145.34,1121.65,-0.017320530567188186,-0.01927095629060316,-0.0741642591828311,0.2237911880840197,-0.04824088616227673,-0.04629046043886176,-0.038854338814307665,-0.04196677347972522,1.397368715861656,0.6463021273180114,0.0,0.0,0.0,0.0,0.0,0.0,0.0,0.0
2023-10-18,12.44,12.6,11.57,11.85,14239708,-0.04435483870967749,-0.107008289374529,-0.14005805515239478,-0.14005805515239478,-0.09334353481254787,-0.16666666666666674,13.032,12.988999999999999,12.717833333333333,12.999354412221427,12.98671723201629,0.01263718020513771,0.1420708426092994,-0.12943366240416168,0.0010664287092943215,-0.010922671932840649,37.2761762924301,12.988999999999999,0.6296941613531548,14.248388322706308,11.72961167729369,0.19391613252849477,0.04779634705823159,0.6205888427129236,0.052370366473664436,17.023837527044922,17.08977052876266,34.02959686683565,11.618257261410761,28.10361251242178,276500705.0,304265340.6,0.5627887047160057,-0.022889750169823805,-0.6640344861864345,10623789.25,1.215633563376522,1.3403605497915916,0.08691983122362865,-0.08768958349372546,-0.06823751425164137,2.0,10.0,-0.03375527426160341,0.0,1123.73,1103.4,-0.016270672669727593,-0.04119706988990346,-0.1000807431633376,0.21980537684181362,-0.028084166039949898,-0.09886098526249132,-0.06658592350332915,-0.07399099752280847,1.42134296701376,0.658078293059449,0.0,0.0,0.0,0.0,0.0,0.0,0.0,0.0
2023-10-19,11.85,11.93,11.3,11.45,8335133,-0.03375527426160341,-0.0766129032258065,-0.1371514694800302,-0.17388167388167386,-0.1212586339217191,-0.17862266857962694,12.549999999999999,12.864500000000001,12.696,12.760992194956591,12.872886325941009,-0.11189413098441747,0.09127784789055603,-0.2031719788749735,-0.009772413186412006,-0.017744277631002055,34.1960104544396,12.864500000000001,0.6762082752962194,14.21691655059244,11.512083449407562,0.2102555949461602,-0.0229527838077576,0.621261068233429,0.05425860857933878,18.46828993344499,15.85190175971022,34.66900530537403,5.597014925373082,7.344849765072546,268165572.0,300742300.75,0.5686907993053821,0.024495773104982875,-0.7651168533380636,10396184.95,-0.6948102503253362,0.8017492032016995,0.05502183406113529,-0.10995374868825081,-0.09814114681789543,3.0,10.0,0.027753686036426695,1.0,1102.93,1087.85,-0.014092804060177766,-0.05536596590859755,-0.10298167785345591,0.2211962327635203,-0.01966247020142564,-0.11851570797307631,-0.07564099072617103,-0.08432491160845401,1.4533818211662388,0.6703570926185095,0.0,0.0,0.0,0.0,0.0,0.0,0.0,0.0
2023-10-20,11.53,11.85,11.1,11.85,6789058,0.03493449781659397,0.0,-0.04435483870967749,-0.14005805515239478,-0.107008289374529,-0.09885931558935368,12.164,12.799499999999998,12.682166666666667,12.620839549578655,12.797116968463897,-0.17627741888524184,0.037766794535396456,-0.21404421342063829,-0.014875731551497202,-0.01806280282030703,39.57321906316305,12.799499999999998,0.7090057901924725,14.217511580384944,11.381488419615053,0.22157296462907855,0.16520019542356648,0.6304567062167555,0.053203097571034225,20.019012787615416,14.504927392608073,33.98902726951426,26.04166666666666,14.418979617816854,274954630.0,298396453.35,0.5601149755636374,-0.15273014687691253,-0.693264735104673,9897898.3,-1.1671623833834348,0.6859090479844594,0.06329113924050633,-0.07418258525723653,-0.06561707384384907,4.0,10.0,-0.016877637130801593,0.0,1085.83,1108.03,0.018550351610975735,-0.04044235448979416,-0.07126272997778804,0.23261070604500902,0.016384146205618233,-0.09961570066260061,-0.02759658561156564,-0.029714092997372266,1.4758492006058053,0.6841958976822202,0.0,0.0,0.0,0.0,0.0,0.0,0.0,0.0
2023-10-23,11.85,11.93,11.41,11.65,4691456,-0.016877637130801593,0.017467248908296984,-0.016877637130801593,-0.12207987942727949,-0.14022140221402213,-0.04820261437908491,11.84,12.77,12.667,12.471479618874246,12.712145341170274,-0.24066572229602734,-0.017919708830888302,-0.22274601346513903,-0.02065800191382209,-0.01911982948198618,37.905357702213735,12.77,0.7448772417407398,14.25975448348148,11.28024551651852,0.23332098410046676,0.12409913431419371,0.6225669414869873,0.05343922244523496,21.26140830889768,14.557410303665595,31.961213872804002,19.097222222222243,16.911967938087347,270263174.0,296434007.5,0.5084811199129237,-0.0004664963311547205,-0.5978679396792127,9514496.75,-1.700137184657203,0.49308503889078525,0.044635193133047174,-0.08770555990602968,-0.08028736085892474,0.0,10.0,0.04134366925064614,1.0,1106.56,1093.53,-0.013086288277393221,-0.0419565103117171,-0.05174297606659739,0.20794427867961823,-0.0037913488534083717,-0.08012336911556239,0.0035403616875124833,0.0037335464944165953,1.4732681532731988,0.6864271744073245,0.0,0.0,0.0,0.0,0.0,0.0,0.0,0.0
2023-10-24,11.61,12.13,11.45,12.09,6486725,0.03776824034334769,0.020253164556962133,0.05589519650655017,-0.025000000000000022,-0.08892238131122832,0.013411567476948827,11.778,12.778,12.658500000000002,12.412790446739747,12.666060501083587,-0.2532700543438402,-0.06498977793347868,-0.18828027641036152,-0.02094872244365924,-0.015573223855282177,43.54283727618103,12.778,0.7361893349147626,14.250378669829527,11.305621330170474,0.23045526214267115,0.2663644502267687,0.6266693028093455,0.051833689231542225,21.919960708483597,15.708730801713775,29.48398735202236,34.375,26.504629629629658,276749899.0,295341457.5,0.5192645371488598,-0.19678587442084006,-0.6789119740830071,9293273.4,-0.9697347646510759,0.6980021700426892,0.05624483043837895,-0.05384254186883708,-0.04491053442351001,1.0,10.0,-0.023083264633141032,0.0,1095.42,1105.9,0.01131198961162494,-0.014041813399901959,-0.028173222257372843,0.2095122983621568,0.026456250731722752,-0.010958186600098063,0.04158478973432167,0.04279033124701037,1.5104113170449767,0.6946451382687404,0.0,0.0,0.0,0.0,0.0,0.0,0.0,0.0
2023-10-25,12.13,12.2,11.85,11.85,4042335,-0.01985111662531014,0.01716738197424883,0.0,0.0,-0.14005805515239478,-0.056528662420382236,11.778,12.7425,12.644666666666666,12.326207301087479,12.605611575077395,-0.2794042739899165,-0.10787267714476625,-0.17153159684515026,-0.023578419745984517,-0.01447524024009707,41.33825534381358,12.7425,0.7638536302336894,14.270207260467378,11.214792739532621,0.2397814024669223,0.20789560830948944,0.6069072097515351,0.05121579829126879,22.35757835070464,15.885498729715597,28.26946942908926,26.04166666666666,26.504629629629658,272707564.0,293712958.15,0.4864583269503578,-0.14082590095346567,-0.5904000625839542,9161557.55,-1.6654057922359546,0.44122792199236904,0.029535864978902926,-0.07004120070629782,-0.06284599567670157,2.0,10.0,-0.044232437120555024,0.0,1106.41,1101.66,-0.003833981372637685,-0.0015769439912995953,-0.045231182562724626,0.2016418611597367,-0.016017135252672454,0.0015769439912995953,-0.01129747985765761,-0.011832686249621638,1.5357899320400505,0.6967270377763591,0.0,0.0,0.0,0.0,0.0,0.0,0.0,0.0
2023-10-26,11.53,11.61,11.02,11.02,11428806,-0.07004219409282697,-0.08850289495450792,-0.054077253218884236,-0.03755458515283838,-0.20490620490620493,-0.1226114649681529,11.692,12.6655,12.616999999999999,12.125252331689405,12.488158865812403,-0.3629065341229989,-0.15887944854041278,-0.20402708558258612,-0.03293162741588012,-0.018514254590071336,34.77997066060827,12.6655,0.855357573735977,14.376215147471953,10.954784852528046,0.2701377991349656,0.019060785066504563,0.6228424090549969,0.056519274868874494,23.752827116050632,14.373425811615961,35.0971929096434,0.0,20.13888888888891,261278758.0,291513018.5,0.542118022060885,-0.21197799611842585,-0.7133448879439073,9378230.65,0.6672272554168961,1.2186526890336185,0.05353901996370235,-0.12991986103983266,-0.1265752556075136,3.0,10.0,-0.01073345259391767,0.0,1082.8,1055.45,-0.04194579089737305,-0.029783517948246407,-0.08415261664482876,0.24589140693711015,-0.028096403195453923,-0.007771067204591975,-0.038458848323324135,-0.041992638754321354,1.5632650557760828,0.7298988538653703,0.0,0.0,0.0,0.0,0.0,0.0,0.0,0.0
2023-10-27,11.18,11.26,10.55,11.06,4173650,0.003629764065335772,-0.06666666666666665,-0.08519437551695608,-0.06666666666666665,-0.1973875181422351,-0.11093247588424426,11.534,12.5965,12.589333333333334,11.961367357583342,12.38236932019667,-0.4210019626133281,-0.21130395135499586,-0.20969801125833226,-0.038065276908980844,-0.018960037184297673,35.31259916524297,12.5965,0.927153396721792,14.450806793443585,10.742193206556417,0.29441619393380447,0.08569423208912297,0.6290679512653542,0.05687775327896512,25.484288635320002,13.214667013242686,37.60441615155433,14.868804664723028,13.636823777129917,265452408.0,289810226.8,0.5429775466080715,-0.27386594156500543,-0.7077377413265008,9298447.7,-1.6063288225304448,0.44885448998116106,0.06419529837251348,-0.12197832731314251,-0.12147850031772933,4.0,10.0,-0.06781193490054249,0.0,1059.41,1060.62,0.004898384575299453,-0.042787650153876755,-0.08103799332842365,0.24724356998908953,-0.0012686205099636805,-0.023879016512789897,-0.029894482555820612,-0.032530705664423065,1.5605189901909713,0.7295630662278887,0.0,0.0,0.0,0.0,0.0,0.0,0.0,0.0
2023-10-30,11.06,11.14,10.31,10.31,3790558,-0.06781193490054249,-0.06442831215970957,-0.12995780590717287,-0.11502145922746776,-0.22305953278070834,-0.20874904067536448,11.266,12.4605,12.549833333333334,11.707310841032058,12.228860481663583,-0.521549640631525,-0.2733530892103017,-0.24819655142122327,-0.05058677406707322,-0.024073380351234068,30.313759856596278,12.4605,1.051387429217178,14.563274858434356,10.357725141565643,0.33751051056287573,-0.01134813396075527,0.643420240460686,0.06240739480705005,27.294885698417584,11.99704760424334,36.803821260122874,0.0,4.956268221574364,261661850.0,287579785.85,0.5486110211851326,-0.25813265233955396,-0.8830261670981598,9149854.25,-1.5863505169699998,0.41427523285411894,0.08050436469447139,-0.17258536976846828,-0.17847514575226764,0.0,10.0,-0.042024832855778516,0.0,1054.03,1042.4,-0.01717863136655895,-0.04675683337448433,-0.09768448387794837,0.2506818784515604,-0.05063330353398354,-0.06826462585298343,-0.11106455679741611,-0.1230883818497841,1.6196561086452121,0.7335173260910205,0.0,0.0,0.0,0.0,0.0,0.0,0.0,0.0
2023-10-31,10.47,10.62,9.87,10.03,6783108,-0.027158098933074748,-0.09312839059674516,-0.08983666061705986,-0.17038875103391238,-0.19112903225806455,-0.21640625000000013,10.854,12.322,12.501666666666667,11.449263019334818,12.06598192746628,-0.6167189081314621,-0.3420262529945338,-0.2746926551369283,-0.061487428527563524,-0.027387104201089564,28.68138085581228,12.322,1.179012075291988,14.680024150583975,9.963975849416023,0.3827339961993144,0.013999888543894863,0.6510330804277799,0.06490858229589032,29.317880038384178,11.009848953175645,38.602844837074244,3.8929440389294427,6.253916234550846,254878742.0,285763639.4,0.5511575223017157,-0.2143611383382074,-0.944577067941009,8735559.75,-0.6274255852684925,0.7764938016708088,0.07477567298105683,-0.18600876481090733,-0.19770697240367963,1.0,10.0,0.054401582591493636,1.0,1045.6,1028.19,-0.013632003069838916,-0.07026855954426259,-0.08041320096592419,0.2319984357782675,-0.013526095863235832,-0.10012019148964979,-0.13599304903407594,-0.14788495134654134,1.6282572416315808,0.7335381114637349,0.0,0.0,0.0,0.0,0.0,0.0,0.0,0.0
2023-11-01,10.11,10.66,9.87,10.66,5776587,0.06281156530408771,0.03394762366634341,-0.03616636528028938,-0.10042194092826995,-0.10042194092826995,-0.1843917368018363,10.616000000000001,12.2015,12.462833333333332,11.327837939437154,11.961835118024334,-0.6339971785871796,-0.400420438113063,-0.23357674047411664,-0.059474406996921164,-0.021911514115770792,36.913050334870455,12.2015,1.2209499106067492,14.643399821213498,9.759600178786501,0.4002622335308771,0.18436461098679446,0.6609592889686529,0.06200368564433892,31.091485375119344,10.502169028015114,35.30717531008433,20.000000000000018,7.964314679643174,260655329.0,283853259.35,0.6015088999721566,0.05581772079281782,-0.7193445733504631,8641326.15,-0.9025627393225519,0.6684838530252674,0.07410881801125713,-0.12633692578781297,-0.14465677949101985,2.0,11.0,0.044036697247706424,1.0,1029.0,1039.66,0.01115552572968026,-0.05627870667901169,-0.07886273224237372,0.233389781455782,0.05165603957440745,-0.044143234249258256,-0.10552900455946257,-0.11456382045681146,1.7052498803554879,0.7386240911454292,0.0,0.0,0.0,0.0,0.0,0.0,0.0,0.0
2023-11-02,10.9,11.38,10.78,11.38,7016733,0.06754221388367743,0.1345962113659025,0.10378273520853543,0.03266787658802195,-0.006113537117903856,-0.12663085188027623,10.687999999999999,12.119,12.438500000000001,11.335862871831438,11.918736220392901,-0.5828733485614634,-0.4369110202027431,-0.14596232835872036,-0.05121909917060311,-0.0128262151457575,44.76022832574109,12.119,1.2177628323239182,14.554525664647837,9.683474335352162,0.4019350878204204,0.34828737164901646,0.6651764826137492,0.05845136051087427,31.0357915167247,17.421754601393896,32.577377076327245,38.227848101265856,20.70693071339846,267672062.0,282841279.3,0.6607486984486715,0.1286075735016995,-0.870066336875368,8444599.45,-0.45399723122451296,0.8309136557092711,0.05272407732864687,-0.060978628599719364,-0.08509868553282152,3.0,11.0,-0.006938421509106729,0.0,1048.62,1075.47,0.03444395283073298,0.01896821261073467,-0.03449173616784429,0.2673405332114373,0.033098261052944444,0.01369966397728728,-0.09213911571243194,-0.09543068574755298,1.7284274048681028,0.7629843623650482,0.0,0.0,0.0,0.0,0.0,0.0,0.0,0.0
2023-11-03,11.53,11.65,11.3,11.45,6646783,0.0061511423550086874,0.07410881801125702,0.14157527417746762,0.035262206148281905,-0.03375527426160341,-0.1371514694800302,10.766,12.027999999999999,12.418000000000001,11.353422430011216,11.884015018882316,-0.5305925888710998,-0.45564733393641443,-0.0749452549346854,-0.04633996409354584,-0.006545437112199599,45.47038897018976,12.027999999999999,1.1950142038354663,14.418028407670931,9.637971592329066,0.39741077613417575,0.379080935158579,0.642663876712767,0.05612784949456481,30.436973108719705,19.74494035624514,31.310098088944258,44.382022471910105,34.20329019105868,274318845.0,281562333.05,0.6561741026568849,0.17030208990362028,-0.7923367709450102,8177633.25,-0.5012686329896267,0.8128003294840839,0.03056768558951962,-0.048054539408047825,-0.07795136092768573,4.0,11.0,-0.013781223083548677,0.0,1081.35,1076.78,0.0012180720987102767,0.015236371179121688,-0.04586456838038522,0.2618963339099679,0.004933070256298411,0.020025834969160217,-0.09128690109964499,-0.09567499337561369,1.7276000739077062,0.7627966290833518,0.0,0.0,0.0,0.0,0.0,0.0,0.0,0.0
2023-11-06,11.61,11.69,11.3,11.45,4314261,0.0,0.0061511423550086874,0.07410881801125702,0.11057225994180397,-0.017167381974249052,-0.15498154981549828,10.994,11.923,12.3995,11.368280517701798,11.851865758224367,-0.4835852405225687,-0.4612349152536453,-0.022350325268923388,-0.04223451882293176,-0.0019519934732684183,45.47038897018977,11.923,1.1454766877179774,14.213953375435954,9.632046624564046,0.3842914325984994,0.3967678685494872,0.6246164569475693,0.054551655628608677,29.799534222775364,19.321763324075476,29.913705365644482,57.87545787545787,46.82844281621129,274318845.0,279775395.35,0.6486192590192271,0.24455878670447037,-0.6514627168974538,7885354.85,-1.139845102767569,0.547123253432279,0.034061135371178934,-0.03967122368531417,-0.07657566837372476,0.0,11.0,-0.00613496932515345,0.0,1082.21,1089.66,0.011961589182562848,0.04533768227168067,-0.04193922768516545,0.26440396616019,-0.011961589182562848,0.0652345776701233,-0.11304232213033283,-0.11799076363099992,1.707119313295867,0.757629707672508,0.0,0.0,0.0,0.0,0.0,0.0,0.0,0.0
2023-11-07,11.41,11.69,11.18,11.34,5608387,-0.009606986899563297,-0.009606986899563297,-0.0035149384885765356,0.13060817547357928,-0.06203473945409432,-0.1454408440090429,11.256,11.8265,12.381833333333333,11.363929668824598,11.813949776133674,-0.4500201073090757,-0.4589919536647314,0.008971846355655677,-0.03968431281385147,0.0007911681089643454,44.42941625770776,11.8265,1.1066653323813918,14.039830664762782,9.613169335237217,0.37430020120285507,0.39009775905939004,0.6164295671656,0.05435886835675485,29.370997040716805,18.179922839989892,29.53641863598267,63.09012875536483,55.115869700910956,268710458.0,278267030.75,0.6468480825185999,0.20326881585345818,-0.6356129471017673,7606781.75,-0.6505805200484592,0.7372877498424351,0.04497354497354496,-0.041136430896714926,-0.0841420898897578,1.0,11.0,0.06590509666080835,1.0,1086.68,1080.29,-0.008599012536020467,0.05067156848442389,-0.05543460203376793,0.26380291212919266,-0.0010079743635428295,0.07993660698915539,-0.09000624197527496,-0.09528852334530746,1.7341709649584298,0.7673821470971695,0.0,0.0,0.0,0.0,0.0,0.0,0.0,0.0
2023-11-08,11.38,12.13,11.3,12.13,7996028,0.06966490299823636,0.059388646288209834,0.059388646288209834,0.1378986866791745,0.023628691983122563,-0.11973875181422344,11.55,11.744,12.372000000000002,11.481786642851583,11.837360903827475,-0.3555742609758923,-0.4383084151269636,0.08273415415107133,-0.029313624153000185,0.0068206227659580645,52.788808872532535,11.744,1.0107131406248036,13.765426281249606,9.722573718750393,0.34424834489945616,0.5954771399730153,0.6316845980823429,0.052076224079335764,28.0605345123478,21.44903441544735,26.764326864880385,96.9957081545065,72.65376492844308,276706486.0,276624275.35,0.6843779928130411,0.3115495898373856,-0.6542043751987159,7472390.95,0.17526738602349792,1.0700762384494884,0.06842539159109645,0.03286784741144433,-0.01956029744584553,2.0,11.0,-0.006573541495480728,0.0,1079.14,1113.43,0.03067694785659425,0.070955889425389,-0.03248146957360454,0.28796630234412895,0.038987955141642106,0.06694279725378549,-0.0872572822406189,-0.09018667808063963,1.7604070350569407,0.7847099911904649,0.0,0.0,0.0,0.0,0.0,0.0,0.0,0.0
2023-11-09,12.17,12.4,12.01,12.09,9051133,-0.0032976092333059093,0.06613756613756605,0.05589519650655017,0.062390158172231924,0.09709618874773152,-0.12770562770562766,11.692,11.6555,12.362166666666667,11.575357928566724,11.856074910951365,-0.28071698238464116,-0.40679012857849917,0.126073146193858,-0.023218939816761056,0.010427886368391896,52.3593303688123,11.6555,0.885404902914668,13.426309805829336,9.884690194170664,0.30385823102043424,0.622683982935284,0.6144214125050328,0.05082062965302174,26.337393809810603,23.615401969738326,25.550863821803034,87.74703557312252,82.6109574943313,267655353.0,273966280.25,0.6831496920106214,0.3474441059996577,-0.6165035101560372,7362264.55,0.5865002978007706,1.229395240897721,0.03225806451612908,0.037278538029256625,-0.022016097501786347,3.0,11.0,0.010092514718250456,1.0,1116.42,1113.89,0.0004131377814502457,0.035723916055306226,-0.0327541441981225,0.2879396148199123,-0.003710747014756155,0.026666242116925698,-0.09495148350750515,-0.09816685482595044,1.7593303423831412,0.7843315680100699,0.0,0.0,0.0,0.0,0.0,0.0,0.0,0.0
2023-11-10,11.89,12.28,11.89,12.01,7855502,-0.006617038875103343,-0.009892827699917617,0.05908289241622566,0.04890829694323151,0.08589511754068702,-0.1284470246734397,11.803999999999998,11.567,12.353000000000002,11.64222593955646,11.867476769399412,-0.22525082984295253,-0.37048226883138985,0.14523143898843732,-0.01875527309266882,0.012092542796705855,51.45762636726904,11.567,0.7380778735123316,13.043155747024663,10.090844252975337,0.25523571315374133,0.650051917249555,0.5983913116118161,0.049824422282416,24.940786873104653,22.5160250009654,25.793796482613097,84.58498023715414,89.77590798826107,259799851.0,271323503.4,0.683153687686021,0.3507104555790771,-0.6148784283847395,7347046.3,0.17679668959940584,1.0692054574366845,0.0324729392173188,0.03829860810927643,-0.027766534445074265,4.0,11.0,0.006617038875103454,1.0,1105.75,1101.68,-0.010961585075725644,0.023124500826538386,-0.045941475496436346,0.2893699405963813,0.004344546200622301,0.025783796116693125,-0.08250554917700337,-0.08647849902073301,1.7699495183871834,0.7893276014386419,0.0,0.0,0.0,0.0,0.0,0.0,0.0,0.0
2023-11-13,12.09,12.28,11.97,12.17,7834822,0.013322231473771762,0.006617038875103454,0.0032976092333056872,0.06288209606986905,0.180407371483996,-0.08289374529012805,11.947999999999999,11.511999999999999,12.347833333333334,11.723421948855465,11.889885897592048,-0.16646394873658288,-0.3296786048124285,0.16321465607584562,-0.013678220931518725,0.013411228929814759,53.193780032918696,11.511999999999999,0.6388031572278517,12.789606314455702,10.234393685544296,0.22196079125359677,0.7575128161762132,0.577791932210972,0.04747674052678488,23.643937574734842,21.653138039021236,24.805294707413708,90.90909090909089,87.74703557312255,267634673.0,269541280.85,0.6761503012590528,0.19259583679308392,-0.5941476109643704,7269974.2,0.1989524061654629,1.077695984120549,0.025472473294987568,0.0571577484364143,-0.01440198685329419,0.0,11.0,-0.009740259740259827,0.0,1103.66,1100.07,-0.00146140440055198,0.009553438687296856,-0.03622680520754862,0.28726104162159344,0.014783635874323742,0.0533286573825722,-0.04666694008257943,-0.04842108115761523,1.7722183291337148,0.7884960825792734,0.0,0.0,0.0,0.0,0.0,0.0,0.0,0.0
2023-11-14,12.32,12.48,12.13,12.2,5277789,0.0024650780608053147,0.01582014987510405,0.009098428453267138,0.07583774250440922,0.21635094715852454,-0.016129032258064613,12.120000000000001,11.501999999999999,12.357666666666667,11.796741649031548,11.91285731258523,-0.11611566355368197,-0.2869660165606792,0.17085035300699725,-0.009517677340465736,0.014004127295655512,53.529387415559334,11.501999999999999,0.6255995019516604,12.753199003903319,10.250800996096679,0.21756198989798647,0.7789324471257071,0.5615210799101883,0.04602631802542527,22.02626467628667,23.23320868879598,23.700915210593166,89.27203065134096,88.255367265862,272912462.0,268649883.3,0.6351514430379314,0.16716649244669038,-0.30603262185688024,6906928.1,-0.6308212325556527,0.7641297149162448,0.028688524590163907,0.06068509824378365,-0.012758611388342,1.0,11.0,-0.031150159744408823,0.0,1109.08,1109.73,0.008781259374403438,0.027251941608271935,-0.010627200998528985,0.28333612438429445,-0.006316181313598124,0.04858580089613729,-0.005501831259535628,-0.005560928362987494,1.7837765030796122,0.767311757082346,0.0,0.0,0.0,0.0,0.0,0.0,0.0,0.0
2023-11-15,12.52,12.56,12.13,12.13,9815274,-0.0057377049180327155,-0.0032867707477403085,0.009991673605328932,0.0,0.1378986866791745,0.023628691983122563,12.12,11.516,12.370833333333334,11.848012164565155,11.928941956097434,-0.08092979153227908,-0.2457587715549992,0.16482898002272012,-0.0066718706951590335,0.013588539160982696,52.58200236894626,11.516,0.6368293169660374,12.789658633932074,10.242341366067926,0.22119809550748074,0.7410378980843725,0.5521267170594606,0.04551745400325314,20.54638636467394,22.97572642266716,22.38245577188822,84.01486988847586,88.06533048296926,263097188.0,267979707.45,0.6138625394167796,0.10632446281772975,-0.004818891632731316,6685706.4,1.5210462782054779,1.4680982700646261,0.0354492992580379,0.05331712400138944,-0.019467834287638874,2.0,11.0,0.015663643858202736,1.0,1124.56,1122.5,0.01150730357834795,0.008145999299461915,0.01731013231828893,0.2798117184286282,-0.017245008496380665,-0.008145999299461915,0.006318559664833634,0.006211045642919855,1.7591308335883666,0.764797259490523,0.0,0.0,0.0,0.0,0.0,0.0,0.0,0.0
2023-11-16,12.13,12.32,12.05,12.32,3685054,0.015663643858202736,0.009836065573770592,0.012325390304026351,0.01902398676592232,0.08260105448154653,0.0759825327510919,12.166,11.5595,12.3865,11.920625677708978,11.957909218608735,-0.037283540899757384,-0.20406372542395085,0.16678018452419346,-0.003026261436668619,0.013537352639950768,54.91444983119848,11.5595,0.6613262193661437,12.882152438732287,10.236847561267712,0.22884249988879926,0.7874904917307343,0.5319748086980706,0.04317977343328495,19.15891119776468,22.142786050210947,22.645187995508657,91.07806691449814,88.121655818105,266782242.0,267910540.95,0.6007406143687524,-0.05288487489959111,0.24067285400585928,6453202.45,-1.3038831659097938,0.571042676648088,0.02191558441558438,0.06579004282192136,-0.005368748233964382,3.0,11.0,-0.031350482315112393,0.0,1119.98,1125.53,0.002699331848552422,0.010449864887915217,0.03463712828055354,0.27408360745519106,0.012964312009650314,0.008574121878007102,0.04134540447053836,0.03996126114210652,1.7614620177238585,0.7649714689900049,0.0,0.0,0.0,0.0,0.0,0.0,0.0,0.0
2023-11-17,12.44,12.6,12.01,12.05,10327808,-0.021915584415584388,-0.0065952184666117075,-0.012295081967212962,0.0033305578684430515,0.05240174672489095,0.016877637130801704,12.174,11.569500000000001,12.397666666666668,11.940529419599905,11.96473075797105,-0.02420133837114591,-0.16809124801338987,0.14388990964224396,-0.0020084098233316104,0.011941071339605307,51.07003979470885,11.569500000000001,0.6674340101424272,12.904368020284856,10.234631979715147,0.23075638883008853,0.6799803398906293,0.5361194652196369,0.044491241926940824,18.309109605759044,24.132715161074405,20.865112873116125,79.8534798534799,84.98213888548464,256454434.0,266985531.15,0.5962264224048527,0.14710437255254935,0.3497450171826153,6630139.95,1.6125070865729454,1.5577058822114305,0.04896265560165974,0.041531613293573466,-0.028042911300513618,4.0,11.0,0.016934801016087908,1.0,1128.14,1101.19,-0.021625367604595103,-0.000444775252341878,-0.006173118056370219,0.2786704761440856,-0.00029021681098928553,0.0037753331207849294,0.023050755187171923,0.023193934080442125,1.743541416034696,0.7663961082563223,0.0,0.0,0.0,0.0,0.0,0.0,0.0,0.0
2023-11-20,11.81,12.17,11.77,12.01,6473812,-0.003319502074688896,-0.025162337662337664,-0.009892827699917617,-0.013147082990961345,0.04890829694323151,0.03090128755364807,12.142,11.5875,12.404333333333334,11.951217201199919,11.96808403515838,-0.01686683395846167,-0.13784636520240423,0.12097953124394256,-0.0014043991639018875,0.010073233242626359,50.50592652141266,11.5875,0.6745359028328975,12.936571805665796,10.238428194334205,0.2328495025960381,0.6565891445605768,0.5263966462753772,0.04382986230436113,17.02726009901052,22.822854712042282,22.98925184723061,78.3882783882784,83.10660838541882,249980622.0,265971403.55,0.5926135317776643,0.09612981494926513,0.42988385835804505,6719257.75,-0.10918411634482549,0.9634713000851917,0.033305578684429675,0.036461704422869445,-0.031789965872141446,0.0,11.0,0.0024650780608053147,1.0,1085.4,1103.66,0.0022430279969851696,0.003263428690901682,0.009263577588177752,0.27452324521794697,-0.0055625300716740655,-0.016410511681863027,0.02163770996547032,0.02143910713312147,1.7508326883517895,0.7645139370014727,0.0,0.0,0.0,0.0,0.0,0.0,0.0,0.0
2023-11-21,12.17,12.36,12.09,12.2,4291895,0.01582014987510405,0.012448132780082943,-0.009740259740259827,0.0,0.07583774250440922,0.009098428453267138,12.142,11.593,12.412833333333333,11.989491477938392,11.985262995517019,0.004228482421373414,-0.1094313956776487,0.11365987809902212,0.0003465969197847061,0.009316383450739518,53.152966557470315,11.593,0.6792805791889122,12.951561158377825,10.234438841622175,0.23437611634224526,0.7233981136060085,0.5137968858271359,0.04211449883828983,16.19472970651193,24.353754394463547,21.870655545784498,78.02197802197801,78.75457875457879,254272517.0,264847534.45,0.5801229916604247,0.1516474820968079,0.7344413433173951,6609516.25,-1.0021744048076118,0.649350850752504,0.022131147540983574,0.0523591822651599,-0.017146233065241656,1.0,11.0,0.0032573289902280145,1.0,1112.61,1110.46,0.00616131779714757,0.0006578176673606162,0.0041233384573649,0.27245957201657633,0.00965883207795648,-0.0006578176673606162,0.004975089995902238,0.004954660254730792,1.756258360039403,0.76692282136656,0.0,0.0,0.0,0.0,0.0,0.0,0.0,0.0
2023-11-22,12.28,12.56,12.24,12.32,8953159,0.009836065573770592,0.025811823480432983,0.022406639004149298,0.015663643858202736,0.015663643858202736,0.039662447257384104,12.18,11.6165,12.423333333333334,12.040338942870948,12.010058329182424,0.030280613688523417,-0.08148899380441428,0.1117696074929377,0.002457842020172355,0.009072208400400787,54.797278542484825,11.6165,0.6965499566472824,13.009599913294565,10.223400086705436,0.2398484764420548,0.7524944525824717,0.5028113939823405,0.04081261314791725,15.832869781572205,25.94944621739952,20.75216799320771,80.28169014084511,78.89731551703386,263225676.0,264373440.05,0.5754649459905269,0.030878776432075258,0.8466494540717358,6855057.45,0.9177126201427273,1.3060662241422936,0.025974025974025997,0.06056040976197652,-0.008317681781593755,2.0,11.0,-0.07612179487179493,0.0,1111.35,1113.82,0.0030257731030383095,-0.007732739420935442,0.011037888277689811,0.2721516155390895,0.006810292470732282,0.023396383279138178,0.028624558979694292,0.02831205369410683,1.7992514935007415,0.7768556436185227,0.0,0.0,0.0,0.0,0.0,0.0,0.0,0.0
2023-11-23,12.48,12.52,11.53,11.53,10891571,-0.06412337662337675,-0.05491803278688523,-0.03996669442131562,-0.06412337662337675,-0.04631927212572373,0.04627949183303093,12.022,11.642,12.419999999999998,11.96182525935234,11.974498452946689,-0.01267319359434893,-0.06772583376240121,0.05505264016805228,-0.001099149487801295,0.004774730283439053,43.878291206245684,11.642,0.6827621917815786,13.007524383563156,10.276475616436842,0.23458587589128277,0.4589901134874828,0.5376105801264591,0.04662711015840929,15.40486524402963,22.53620134875678,27.45581923816329,24.64788732394364,60.98385182892227,252334105.0,263926207.4,0.5658629480580666,0.11609518565790171,0.7880620549422376,6828195.7,1.8203622125547414,1.5950877037692401,0.08586296617519516,-0.009620340147740936,-0.07165861513687588,3.0,11.0,0.017226528854435985,1.0,1117.71,1088.49,-0.022741556086261605,-0.032908940676836695,0.031304183049883916,0.23873511623704227,-0.041381820537115144,-0.031214435946540053,0.014975308783147012,0.014520748610618917,1.8465121080482165,0.7863921139999509,0.0,0.0,0.0,0.0,0.0,0.0,0.0,0.0
2023-11-24,11.61,11.81,11.14,11.81,9043657,0.024284475281873386,-0.04139610389610393,-0.031967213114754034,-0.01991701244813282,-0.016652789342214813,0.0678119349005426,11.974,11.6795,12.42,11.938467527144288,11.962313382358046,-0.02384585521375726,-0.058949838052672426,0.035103982838915165,-0.002019124065517126,0.002972394821245992,47.84503926882504,11.6795,0.6695833346980306,13.018666669396062,10.34033333060394,0.22931917794358675,0.5487243309523424,0.5470669672602835,0.04632235116513831,15.654094413786392,20.5647458013564,30.14608809052003,45.89041095890414,50.27332947456432,261377762.0,263722475.1,0.570959492646056,0.02962423022343137,0.6337036157398411,7071696.05,0.8993548363616728,1.2788526169758103,0.056731583403894996,0.011173423519842407,-0.04911433172302737,4.0,11.0,-0.03341687552213868,0.0,1090.97,1095.61,0.006541171714944394,-0.0050672454344846685,0.03299013784390259,0.23910258359809305,0.017743303566928992,-0.014849767013648152,0.034821797056640014,0.03370970910653748,1.859507117947121,0.7884730944775638,0.0,0.0,0.0,0.0,0.0,0.0,0.0,0.0
2023-11-27,11.97,12.05,11.57,11.57,8996583,-0.020321761219305734,0.003469210754553309,-0.06087662337662336,-0.03663613655287257,-0.04930156121610518,0.12221144519883609,11.886,11.7425,12.412,11.881780215275937,11.933253131813006,-0.05147291653706887,-0.057454453749551715,0.005981537212482846,-0.004448825975546142,0.0005169867945101855,44.914622569064846,11.7425,0.5882881052145433,12.919076210429086,10.565923789570913,0.20039620360725338,0.42669408132215664,0.5422764695988347,0.04686918492643342,15.355639785470263,22.425805190727765,28.240085855408914,29.452054794520546,33.33011769245613,252381179.0,263258441.55,0.5138823273698869,0.40688826651697996,0.911234963455577,7331997.3,0.7967598472575999,1.2270303209195126,0.041486603284356126,-0.014690227804981859,-0.06783757653883338,0.0,11.0,0.01005025125628145,1.0,1095.59,1088.06,-0.00689113827000476,-0.014134787887574163,0.043802762854949995,0.23096142212534496,-0.013430622949300974,-0.022501348665298404,0.0784086823438861,0.07511829354563804,1.8639815869032914,0.7874285006944062,0.0,0.0,0.0,0.0,0.0,0.0,0.0,0.0
2023-11-28,11.94,12.15,11.72,12.06,6096565,0.04235090751944681,0.021168501270110163,0.04596704249783179,-0.011475409836065431,-0.011475409836065431,0.20239282153539384,11.858,11.844,12.407666666666668,11.909198643695024,11.942641788715745,-0.03344314502072088,-0.05265219200378555,0.019209046983064672,-0.0027730634345539697,0.001592789965428248,51.4523949629773,11.844,0.43150166188626415,12.707003323772527,10.980996676227472,0.14572835592241268,0.6251443615858743,0.5449710074846322,0.045188309078327715,14.86164286907307,22.031686320270904,26.09328098332994,63.01369863013703,46.118721461187256,258477744.0,263438391.65,0.5131381522930042,0.19481639172793452,0.7676632526385572,7297670.15,-0.5707934223428057,0.8354125186104773,0.03565505804311772,0.01823708206686936,-0.028020310023372685,1.0,11.0,0.004132231404958775,1.0,1088.6,1095.43,0.006773523518923685,-0.013534931469841305,0.06539647341444677,0.22359614218141155,0.03557738400052313,0.0020595216337758737,0.13699634812094708,0.12858719879360314,1.8806475933565854,0.7857244116886941,0.0,0.0,0.0,0.0,0.0,0.0,0.0,0.0
2023-11-29,12.1,12.23,11.94,12.15,4475461,0.00746268656716409,0.050129645635263564,0.028789161727349688,-0.01379870129870131,0.0016488046166529546,0.13977485928705446,11.824,11.9185,12.404833333333332,11.946245006203482,11.958001656218283,-0.011756650014801195,-0.04447308360598868,0.032716433591187484,-0.0009676255156214975,0.00269271058363683,52.56595776779452,11.9185,0.3339126106918293,12.586325221383659,11.250674778616341,0.11206531382030602,0.673323792354202,0.5267587926643015,0.04335463314109477,14.225352938076645,22.250112529430137,25.067187665023827,69.17808219178085,53.88127853881283,262953205.0,263553285.45,0.4732903542397933,0.2289161463595874,1.7208891242441207,7232613.85,-1.2689561763599408,0.6187888767212424,0.02386831275720172,0.019423585182699155,-0.020543067890203992,2.0,11.0,-0.01728395061728405,0.0,1097.28,1102.8,0.006727951580657754,-0.009893878723671645,0.06073139295538921,0.22207126297818716,0.0007347349865063357,-0.003904822575029665,0.07904346633166526,0.07451789101049977,1.8913068710715206,0.7887762440851765,0.0,0.0,0.0,0.0,0.0,0.0,0.0,0.0
2023-11-30,12.15,12.27,11.94,11.94,4362155,-0.01728395061728405,-0.009950248756218971,0.03197925669835766,0.03555941023417164,-0.030844155844155896,0.049209138840070166,11.906,11.9465,12.394499999999999,11.945284236018331,11.956668200202113,-0.01138396418378207,-0.03785525972154736,0.02647129553776529,-0.0009534308361626524,0.002217026426948517,49.70127893426403,11.9465,0.3089247055259549,12.56434941105191,11.32865058894809,0.10343605425051862,0.4947398185676552,0.51270459318828,0.04294008318159799,13.54222454221703,21.78443959485638,23.914731784224408,54.79452054794516,62.3287671232877,258591050.0,263099234.85,0.42237055732495654,0.12421637565960611,2.7527796006971115,7099884.95,-1.2083131492672663,0.6143979840124029,0.027638190954773878,-0.0005440924120035939,-0.03666949049981838,3.0,11.0,0.03171953255425697,1.0,1101.75,1094.13,-0.007861806311207697,0.005181489953973051,0.017350553711400707,0.19138995345922188,-0.009422144306076352,0.03037792028019859,0.03185858512866946,0.03131524823223031,1.894181151959147,0.7915439754773406,0.0,0.0,0.0,0.0,0.0,0.0,0.0,0.0
2023-12-01,11.98,12.36,11.98,12.36,5878881,0.035175879396984966,0.01728395061728394,0.02487562189054726,0.046570702794242136,0.025726141078838083,0.07947598253275112,12.016,11.992,12.391166666666665,12.00908666124628,11.986544629816771,0.02254203142950928,-0.025775801491336032,0.04831783292084531,0.001823788950607547,0.003909209783239912,54.985037110203386,11.992,0.2987975903518799,12.58959518070376,11.394404819296241,0.09966564054432281,0.8079007427458019,0.5060828365319743,0.04094521331164841,12.693337187071137,21.76334414522266,22.497094390229513,83.56164383561641,69.17808219178083,264469931.0,262606789.15,0.4377647354507703,0.031029386708903428,2.0207003890995336,7061489.85,-0.5186227048761789,0.832527005614828,0.030744336569579207,0.03068712474983304,-0.0025152326253916613,4.0,12.0,0.039777247414478856,1.0,1099.18,1102.16,0.007339164450293811,0.005978404724308994,0.02357027433644765,0.19274095450397405,0.027836714946691155,0.04059229806993314,0.05590570819630347,0.054618338963141166,1.9075610170258122,0.7929432842670471,0.0,0.0,0.0,0.0,0.0,0.0,0.0,0.0
2023-12-04,12.57,13.16,12.57,13.07,11293389,0.05744336569579289,0.09463986599665009,0.07572016460905351,0.12964563526361284,0.08825978351373864,0.14148471615720526,12.315999999999999,12.072999999999999,12.403666666666668,12.172304097977623,12.066800583163678,0.10550351481394493,0.00048006176972015973,0.10502345304422477,0.008072189350722642,0.00803545929948162,62.21169008831294,12.072999999999999,0.35787530907035137,12.788750618140702,11.357249381859296,0.11857046602181778,1.1964716304331646,0.5270769196368333,0.04032723180082887,13.233215296910185,30.245343417596043,20.058079887837664,95.54455445544555,77.96690627966906,275763320.0,262679012.9,0.47626507141181,0.031138054985591,1.0560439782394464,7410446.25,1.6383747733176761,1.5239823107818913,0.04514154552410098,0.08258096579143559,0.053720673994248846,0.0,12.0,-0.018996960486322156,0.0,1107.74,1120.49,0.016630979168178683,0.029805341617190395,0.02829322908063059,0.1968561657063077,0.04081238652761421,0.09984029364642244,0.11319148707657467,0.11007705183255578,1.9438084570424787,0.7980651216990674,0.0,0.0,0.0,0.0,0.0,0.0,0.0,0.0
2023-12-05,13.16,13.16,12.91,12.91,6419318,-0.01224177505738333,0.04449838187702282,0.08123953098827474,0.07048092868988398,0.058196721311475574,0.1384479717813052,12.486,12.1515,12.405499999999998,12.285795775211835,12.129259799225627,0.15653597598620728,0.03169124461301758,0.12484473137318969,0.012125172423408773,0.009670389726815623,59.87877191652007,12.1515,0.3608072090540345,12.87311441810807,11.42988558189193,0.11876960344123272,1.0255576807823745,0.5072857110913452,0.03929401325262163,13.734530684617873,29.180666438996692,19.352008358193093,87.62376237623761,88.90998688909987,269344002.0,262710690.1,0.4775782607079032,0.0399759995385566,1.0118552159839498,7450992.8,-0.4400701172716135,0.8615386126799103,0.019364833462432222,0.062420277332016605,0.04066744589093574,1.0,12.0,0.016006097560975707,1.0,1122.28,1115.97,-0.004033949432837414,0.01875062760742363,0.03302816836219913,0.19441131248486973,-0.008207825624545917,0.05173030108246035,0.10541980341910606,0.10204930189487715,1.945359444270698,0.7934929511336657,0.0,0.0,0.0,0.0,0.0,0.0,0.0,0.0
2023-12-06,13.12,13.5,13.07,13.33,10071297,0.03253292021688603,0.019892884468247773,0.07847896440129465,0.09711934156378588,0.08198051948051943,0.0989282769991755,12.722,12.2115,12.399833333333333,12.446442579025398,12.218203517801507,0.22823906122389026,0.07100080793519212,0.15723825328869814,0.01712221014432785,0.011795817951140146,63.72431050016264,12.2115,0.44661622522214844,13.104732450444295,11.318267549555703,0.146293649501584,1.126096823645209,0.5131938745848206,0.03849916538520785,14.747049894647395,31.516654514593426,17.76284495610359,92.79661016949153,91.98830900039157,279415299.0,262846130.75,0.42855911355451454,-0.39897017205628293,1.2568958760293019,7554756.25,1.0422144352249008,1.3331068093692633,0.03225806451612901,0.09159398927240714,0.07501444911893973,2.0,12.0,-0.006751687921980443,0.0,1118.06,1126.43,0.00937301181931427,0.021427276024664543,0.01167563295402485,0.16473457237427638,0.02315990839757176,0.07569206553912133,0.08725264404515065,0.0862456712438342,1.9802625361114357,0.8317443746700294,0.0,0.0,0.0,0.0,0.0,0.0,0.0,0.0
2023-12-07,13.33,13.37,12.91,13.24,11381616,-0.006751687921980443,0.025561580170410547,0.013006885998469775,0.10887772194304857,0.1483087597571553,0.09511993382961137,12.982,12.269,12.388166666666669,12.568528336098414,12.293892146112507,0.2746361899859071,0.11172788434533512,0.162908305640572,0.020742914651503557,0.012304252691886102,62.345309308556715,12.269,0.50088237930161,13.270764758603221,11.26723524139678,0.16330014811365567,0.9846447190625289,0.5093943121144762,0.03847389064308732,15.26324487139247,29.483755451652,18.860660136378897,88.98305084745763,89.80114113106227,268033683.0,262865047.25,0.42962817388847674,-0.3778764075922065,1.1990586697191306,7671280.4,1.4587986427866302,1.483665751547812,0.03474320241691836,0.07914255440541207,0.06876185607232688,3.0,12.0,-0.006772009029345383,0.0,1128.67,1121.49,-0.004385536606802076,0.025006169285185287,0.006822935837470512,0.1656969618556221,-0.0023661513151783664,0.08387155265786328,0.08829699799214086,0.08769863582686055,2.0151401260504036,0.8450934658003143,0.0,0.0,0.0,0.0,0.0,0.0,0.0,0.0
2023-12-08,13.29,13.37,13.07,13.2,5692726,-0.0030211480362538623,-0.009752438109527417,0.022463206816421222,0.06796116504854366,0.11769686706181193,0.09908409658617812,13.15,12.3285,12.375166666666667,12.665677822852503,12.36101124640047,0.30466657645203377,0.15031562276667484,0.15435095368535892,0.023080801246366196,0.011693254067072646,61.706177684245255,12.3285,0.5378150239628011,13.404130047925602,11.252869952074398,0.17449487738582983,0.9051114050229092,0.49443757553487067,0.03745739208597505,15.742568778370039,28.20595054575504,18.04325259512316,87.28813559322032,89.68926553672317,262340957.0,262992102.55,0.42853764744493106,-0.39990452968655543,1.2584105032602377,7563141.6,-0.7247213689990762,0.7526932987741497,0.022727272727272648,0.07068986494707374,0.06665230097911135,4.0,12.0,-0.009063444108761365,0.0,1122.09,1124.44,0.00263042916120515,0.020214850838353726,0.020659356618981883,0.16028014900411947,-0.005651577197459012,0.04774631421018993,0.07842473996719623,0.07683733016173444,2.013491512733721,0.8443427566266766,0.0,0.0,0.0,0.0,0.0,0.0,0.0,0.0
2023-12-11,13.24,13.24,12.95,13.12,4464064,-0.0060606060606061,-0.009063444108761365,-0.015753938484621255,0.0038255547054322214,0.13396715643906654,0.07806080525883319,13.16,12.376000000000001,12.358166666666667,12.735573542413656,12.41723263555599,0.3183409068576655,0.183920679584873,0.1344202272727925,0.024263788632444015,0.010245444151889672,60.37313237401605,12.376000000000001,0.5643757613506367,13.504751522701275,11.247248477298728,0.18240974833569384,0.8295676617203993,0.4798348915680943,0.036572781369519386,15.849610497680159,26.988310626868756,19.050661135366543,83.89830508474573,86.7231638418079,257876893.0,262504213.55,0.4291171514072125,-0.28447876540219175,1.1730256292136854,7394603.7,-1.0972940072278872,0.6036921221349563,0.022103658536585438,0.06011635423400108,0.061646144924408786,0.0,12.0,-0.009878419452887588,0.0,1127.92,1125.5,0.0009426914730887859,0.004471258110291032,0.023116710754770287,0.1600031596219574,-0.0070032975336948855,-0.0006457034048588106,0.0549440945040629,0.05370266551851133,2.045200847131965,0.853854036084885,0.0,0.0,0.0,0.0,0.0,0.0,0.0,0.0
2023-12-12,13.16,13.24,12.99,13.03,3938743,-0.006859756097560954,-0.012878787878787823,-0.015861027190332444,0.00929512006196731,0.08043117744610262,0.06803278688524594,13.184000000000001,12.4175,12.342333333333332,12.780869920503863,12.46262281069999,0.31824710980387216,0.21078596562867283,0.10746114417519934,0.024424183407818278,0.00824720983693011,58.83328882405459,12.4175,0.5810233712122514,13.579546742424503,11.255453257575498,0.18716275295743948,0.7635436156045129,0.4634181135989447,0.03556547303138486,15.9490063798967,25.94835533769329,18.316571622172265,80.08474576271183,83.75706214689264,253938150.0,261555497.95,0.43086509139361534,-0.22761569262282705,1.0772015001771749,7327651.4,-1.2357548380675885,0.5375177918534716,0.019186492709132773,0.049325548620897885,0.055716099062846025,1.0,12.0,-0.016006097560975485,0.0,1127.55,1127.63,0.0018924922256775556,0.010448309542371303,0.01613004965171716,0.15751860409741836,-0.00875224832323851,-0.0011531894804039933,0.051902737233528784,0.051078833119164946,2.0429773366307575,0.8536927945546371,0.0,0.0,0.0,0.0,0.0,0.0,0.0,0.0
2023-12-13,13.12,13.33,12.74,12.91,8075695,-0.009209516500383708,-0.016006097560975485,-0.02196969696969686,-0.03150787696924229,0.062551440329218,0.06430338004946412,13.1,12.4565,12.320500000000001,12.80073608658019,12.49576186175925,0.30497422482094017,0.2296236174671263,0.07535060735381385,0.02362310029596748,0.005836607850798904,56.75474823132041,12.4565,0.5868584963489556,13.63021699269791,11.28278300730209,0.18845052666445797,0.6931896712842093,0.47245967691330576,0.036596411844562804,15.32351072717982,23.63379203097291,20.462366647723613,75.0,79.66101694915254,245862455.0,260693761.3,0.4320426462077575,-0.20826514740054827,1.0227546974159993,7240672.45,0.31084000592386135,1.1153238950893296,0.04570100697134003,0.03640669529964269,0.04784708412807914,2.0,12.0,-0.03571428571428581,0.0,1129.94,1114.2,-0.011909934996408467,-0.010857310263398534,-0.007394209354120274,0.15842952994453036,0.002700418496024759,-0.020650566705843754,0.0716975894035844,0.07223168560897819,2.0415407474069855,0.8523223753543834,0.0,0.0,0.0,0.0,0.0,0.0,0.0,0.0
2023-12-14,13.16,13.16,12.69,12.69,5061322,-0.017041053446940402,-0.02609363008442056,-0.032774390243902385,-0.041540785498489496,0.06281407035175879,0.030032467532467466,12.99,12.475,12.299666666666665,12.783699765567853,12.510149871999307,0.2735498935685463,0.23840887268741032,0.03514102088113599,0.021556335190586785,0.0027691899827530335,53.0540788993373,12.475,0.5881594842791233,13.651318968558247,11.298681031441753,0.18858821139210374,0.5913867776286538,0.4722839857052126,0.037217020150134957,14.603905550245665,21.953827888519346,19.764040993761185,58.03108808290152,71.03861128187113,240801133.0,259394705.85,0.4353872108851747,-0.03412056386860727,0.8646298049092852,7309485.85,-0.8623829260897184,0.692432012848072,0.03703703703703709,0.017234468937875835,0.031735277378790894,3.0,12.0,0.0,0.0,1119.62,1110.13,-0.0036528450906478938,-0.010129381447895103,-0.013682442937993589,0.15842662161701326,-0.013388208356292508,-0.031411404050594394,0.043714910470461055,0.04432133460208987,2.0442384515611156,0.8509684974985168,0.0,0.0,0.0,0.0,0.0,0.0,0.0,0.0
2023-12-15,12.74,12.99,12.61,12.74,4992207,0.003940110323089163,-0.013168086754453912,-0.022256331542593988,-0.034848484848484795,0.030744336569579422,0.05726141078838176,12.898,12.5095,12.292833333333332,12.776976724711261,12.527175807406765,0.24980091730449594,0.24068728161082745,0.009113635693668493,0.019607607323743795,0.0007153560199111847,53.79152740480512,12.5095,0.5821238338144681,13.673747667628936,11.345252332371063,0.18613816181764845,0.5989909648990016,0.4656922724405546,0.03655355356676253,13.708005284763319,20.674249829398732,19.839146449099836,57.30337078651685,63.44481962313947,245793340.0,258861651.15,0.4262556779272408,-0.15646542600601662,1.228188362575147,7042705.8,-0.8027757079896747,0.7088478692379853,0.029827315541601316,0.018425996242855458,0.03637620835988464,4.0,12.0,-0.010140405616224757,0.0,1109.51,1102.3,-0.007053228000324374,-0.01968980114545915,0.001008000435891887,0.1402254446844647,0.010993338323413537,-0.015158683703025644,0.056253410352489874,0.05619676398989237,2.0031283519369727,0.8468747023722195,0.0,0.0,0.0,0.0,0.0,0.0,0.0,0.0
2023-12-18,12.82,12.86,12.57,12.69,3638839,-0.00392464678178972,0.0,-0.017041053446940402,-0.032774390243902385,-0.029074215761285438,0.05661948376353032,12.812000000000001,12.5435,12.300333333333333,12.763595690140297,12.539236858709968,0.22435883143032953,0.23742159157472786,-0.013062760144398333,0.017679970955896733,-0.0010293743218596008,52.89668415241588,12.5435,0.5711693914105778,13.685838782821156,11.401161217178844,0.18214035680968724,0.5641228338751656,0.4531428244090864,0.03570865440575937,12.759113917095222,19.729178441689694,19.56276678376309,48.07692307692306,54.470460648780495,242154501.0,258470345.1,0.42638252326071346,-0.15282082896118895,1.2217604099497053,6900957.15,-1.2246071879688791,0.5272948260517746,0.022852639873916402,0.011679355841671013,0.0316793582829733,0.0,12.0,0.016600790513833896,1.0,1103.43,1091.88,-0.009452961988569264,-0.029871168369613454,-0.010673577007411672,0.1439377478578141,0.005528315206779544,-0.0029032218742889304,0.06729306077094199,0.06801906752615472,1.9783201735037048,0.8320371547010372,0.0,0.0,0.0,0.0,0.0,0.0,0.0,0.0
2023-12-19,12.65,12.86,12.57,12.86,3436607,0.013396375098502666,0.009419152276294973,0.013396375098502666,-0.01304681504221028,-0.0038729666924864903,0.0540983606557377,12.777999999999999,12.5765,12.315833333333334,12.778427122426406,12.562997091398119,0.21543003102828706,0.23302327946543971,-0.017593248437152653,0.016751946425216723,-0.0013680597540554162,55.601073176421615,12.5765,0.5693419562600456,13.715183912520091,11.437816087479908,0.18108120900410954,0.6244858194986564,0.441489765522723,0.034330463882015785,11.878000504260562,18.80350389368423,18.644900114665983,58.97435897435896,54.784884279266315,245591108.0,258036274.65,0.42550942834194705,-0.14162755432997393,1.2555337850100412,6858192.75,-1.2605846089468833,0.5010951318042206,0.022550544323483607,0.022542042698683984,0.044184315582921574,1.0,12.0,0.0,0.0,1091.26,1096.3,0.0040480638898046095,-0.027783936220214245,-0.012751472362804717,0.14283237775469024,0.009348311208698057,0.014737121178003965,0.06684983301854241,0.06771327699878738,1.9771723508547832,0.8302225072706406,0.0,0.0,0.0,0.0,0.0,0.0,0.0,0.0
2023-12-20,12.86,12.99,12.82,12.86,3119404,0.0,0.013396375098502666,0.009419152276294973,-0.0038729666924864903,-0.03525881470367598,0.043831168831168776,12.767999999999999,12.6035,12.320833333333331,12.790976795899267,12.58499730685011,0.20597948904915775,0.22761452138218333,-0.021635032333025578,0.016017067577695006,-0.001682350881261709,55.601073176421615,12.6035,0.5693419562600467,13.742183912520094,11.464816087479907,0.18069328559845974,0.6126300271654505,0.4220976394139571,0.03282252250497334,11.46549135860872,20.46246405270689,18.108525737283614,57.89473684210521,54.982006297795756,245591108.0,257154546.25,0.4248390731933825,-0.08210041107515145,1.275331723117584,6566505.0,-1.2356469483856947,0.4750478374721408,0.013219284603421456,0.02035148966556899,0.0437605681433888,2.0,12.0,0.016483516483516425,1.0,1098.1,1100.76,0.004068229499224696,-0.012062466343564893,-0.011725413442028265,0.14323101033991162,-0.004068229499224696,0.008189499651078402,0.05555658227319704,0.05621573500811472,1.9402083229096734,0.8258901602950289,0.0,0.0,0.0,0.0,0.0,0.0,0.0,0.0
2023-12-21,12.74,12.99,12.69,12.95,3863664,0.006998444790046632,0.006998444790046632,0.02048857368006307,0.02048857368006307,-0.021903323262839947,0.12315698178664358,12.819999999999999,12.674499999999998,12.327333333333334,12.815441904222457,12.61203454337973,0.2034073608427267,0.222773089274292,-0.01936572843156531,0.01570713211140747,-0.0014954230449085182,57.112917730802984,12.674499999999998,0.514305612605988,13.703111225211973,11.645888774788023,0.16231192160826466,0.6339184296492711,0.4133763794558174,0.03192095594253416,10.64917646880313,19.40173249098767,19.416127279625005,40.86021505376335,52.57643695674252,249454772.0,257010579.6,0.3443183940718038,0.9884307211074074,0.17087424203100232,6215109.65,-0.885449978231289,0.621656610676209,0.023166023166023224,0.021736557655134492,0.050511059434319217,3.0,12.0,-0.019245573518090864,0.0,1096.22,1102.43,0.001517133616773858,-0.006936124598020066,0.012806732262124587,0.11683486607773258,0.005481311173272774,0.027424698278083137,0.110350249524519,0.10895489337639908,1.9406041079929046,0.8259772708549777,0.0,0.0,0.0,0.0,0.0,0.0,0.0,0.0
2023-12-22,12.99,13.03,12.74,12.74,5203062,-0.01621621621621616,-0.009331259720062102,-0.009331259720062102,0.0,-0.034848484848484795,0.07874682472480954,12.819999999999999,12.721,12.332333333333333,12.803835457419002,12.621513466092344,0.18232199132665805,0.21468286968476524,-0.03236087835810719,0.01431098833019294,-0.0025401003420806273,52.61123739856758,12.721,0.472361369248188,13.665722738496376,11.776277261503624,0.14852963422629914,0.5100558604264361,0.40456378092325895,0.031755398816582334,10.020310691737443,19.114562086877235,18.42199180111716,18.279569892473116,39.011507262780576,244251710.0,256154277.0,0.345870019387314,1.1892591895647115,0.6228780862530224,6023079.9,-0.3180734441447138,0.8638540557962712,0.02276295133437984,0.0014935932709692068,0.03305673432981049,4.0,12.0,0.0,0.0,1103.08,1103.06,0.0005714648549113299,0.0006894674770934195,0.006799864915435272,0.1147538762985353,-0.01678768107112749,-0.0006894674770934195,0.07194695980937427,0.0714610344285429,1.9413330733657117,0.8248267242601519,0.0,0.0,0.0,0.0,0.0,0.0,0.0,0.0
2023-12-25,12.82,12.91,12.74,12.82,6103810,0.006279434850863463,-0.010038610038609952,-0.0031104199066873672,0.010244286840031647,-0.02286585365853655,0.10803802938634388,12.846,12.7835,12.328833333333334,12.80632231012377,12.636216172307726,0.17010613781604356,0.2057675233110209,-0.035661385494977355,0.013268809502031478,-0.002781699336581697,54.095633081186804,12.7835,0.3870437891724574,13.557587578344915,12.009412421655085,0.1211072989940024,0.5235761437213869,0.3878092251430262,0.030250329574339017,9.436363898747876,18.516058024258246,17.845173096906727,26.881720430107535,28.67383512544802,250355520.0,256052994.05,0.3337168229280237,1.2036273222139489,0.7240161435852805,5878441.25,0.09080771084329586,1.038338181911744,0.013260530421216842,0.0028552430867916367,0.039838860124639996,0.0,12.0,0.020217729393467998,1.0,1104.27,1117.66,0.013235907384911094,0.02361065318533173,0.027204382111280845,0.11999734073433045,-0.006956472534047631,-0.013366366345300085,0.08083364727506304,0.07869285673112136,1.90722392272282,0.8337200097748064,0.0,0.0,0.0,0.0,0.0,0.0,0.0,0.0
2023-12-26,12.86,13.33,12.86,13.12,12848042,0.023400936037441422,0.029827315541601118,0.013127413127413057,0.020217729393467998,0.0069071373752878085,0.08789386401326693,12.898,12.836500000000001,12.334166666666668,12.854580416258575,12.672052011396042,0.1825284048625324,0.20111969962132323,-0.018591294758790816,0.013912225980375947,-0.0014170194175907634,59.25044828065682,12.836500000000001,0.3539145748848497,13.5443291497697,12.128670850230302,0.11028382343624805,0.7002601899711522,0.39653713763281,0.030223867197622715,10.201025465410975,24.380543937406475,16.20579534102589,68.74999999999996,37.97043010752689,263203562.0,256289284.95,0.3119158242663239,1.2897230745440227,1.4778683867851754,6216015.1,2.2623458502637344,2.0669258026738064,0.03582317073170737,0.02208545943208806,0.06371191135734056,1.0,12.0,-0.015861027190332444,0.0,1120.11,1122.25,0.004106794552905191,0.023670528140107727,0.02448353614562304,0.1187717626785039,0.01929414148453623,-0.003452798746639729,0.06341032786764389,0.06189492132417307,2.0586678587343563,0.8541280748854226,0.0,0.0,0.0,0.0,0.0,0.0,0.0,0.0
2023-12-27,13.24,13.24,13.03,13.03,5741325,-0.006859756097560954,0.016380655226208907,0.02276295133437989,0.013219284603421366,0.00929512006196731,0.07242798353909463,12.931999999999999,12.880500000000001,12.333499999999999,12.881568044526485,12.698566677218558,0.18300136730792715,0.19749603315864403,-0.014494665850716876,0.01404461759845949,-0.0011124072026643804,57.17610972908449,12.880500000000001,0.316834258514697,13.514168517029395,12.246831482970608,0.09839191289614434,0.6179638848879904,0.38321305637332365,0.02941005804860504,10.911068348740995,23.426223219521464,15.571456489380463,57.499999999999964,51.04390681003583,257462237.0,256014736.55,0.31418616196367877,1.3716426617888466,1.5763906006689212,6279308.3,-0.1851619374707615,0.9143244328360179,0.016116653875671592,0.0116066922867899,0.05647220983500234,2.0,12.0,-0.006120887528691665,0.0,1123.28,1121.99,-0.00023167743372687344,0.01928667466114331,0.017401160681900674,0.11706097986860528,-0.0066280786638340805,-0.006067390057721944,0.05502682285719396,0.05408566943280557,2.0577628522981444,0.8525807514872179,0.0,0.0,0.0,0.0,0.0,0.0,0.0,0.0
2023-12-28,13.07,13.16,12.99,12.99,4509825,-0.003069838833461125,-0.009908536585365724,0.013260530421216776,0.003088803088803216,0.023640661938534313,0.0879396984924623,12.940000000000001,12.932999999999998,12.332833333333333,12.898249883830102,12.720154330757925,0.17809555307217728,0.1936159371413507,-0.015520384069173415,0.013710204239582547,-0.0011947947705291313,56.233812973742666,12.932999999999998,0.22706595378559197,13.387131907571183,12.478868092428813,0.07022839365517433,0.5627570966163256,0.3679835523466577,0.028328218040543317,11.397271942242712,22.653196055298217,15.834056036129999,55.26315789473685,60.504385964912274,252952412.0,255732804.65,0.30553626505590176,1.441416072858135,1.805860654496595,6286691.8,-0.6126008094134654,0.7173605997354603,0.013086989992301765,0.004407330085827166,0.053285944024757725,3.0,12.0,0.003079291762894565,1.0,1122.77,1128.93,0.006185438372890983,0.024037807389131194,0.03180609251185862,0.11370546646064997,-0.009255277206352108,-0.020949004300327978,0.056133605980603685,0.054403251141840414,2.081396922151486,0.8559755027837586,0.0,0.0,0.0,0.0,0.0,0.0,0.0,0.0
2023-12-29,12.99,13.16,12.99,13.03,4726599,0.003079291762894565,0.0,-0.006859756097560954,0.02276295133437989,0.02276295133437989,0.05420711974110026,12.998000000000001,12.9665,12.328833333333334,12.918519132471625,12.743105861812893,0.1754132706587317,0.18997540384482692,-0.014562133186095227,0.013462261754315556,-0.0011175850488177458,56.99704412022446,12.9665,0.18328220977823767,13.333064419556475,12.599935580443525,0.056540225898503875,0.5866150621994782,0.35384187003618217,0.02715593783854046,11.848746707637165,21.875802120825476,15.290675795631435,60.52631578947358,57.763157894736814,257679011.0,255393258.65,0.283065950917771,1.8126936918808891,3.8140025332468035,6229077.7,-0.5144713472744086,0.7587959610778334,0.013046815042210278,0.004897235182971471,0.056872101983155954,4.0,12.0,-0.006042296072507614,0.0,1131.75,1129.93,0.0008857945133888823,0.024359509002230162,0.025195978805255148,0.11166777619016195,0.0021934972495056826,-0.0015965576678502735,0.029011140935845114,0.028298141560849865,2.0940927758658194,0.8558839207484902,0.0,0.0,0.0,0.0,0.0,0.0,0.0,0.0
2024-01-02,13.24,13.33,12.99,13.16,9420075,0.009976976208749155,0.013086989992301845,0.009976976208749155,0.026521060842433775,0.03703703703703698,0.0068859984697779986,13.065999999999999,12.971,12.322333333333331,12.955670035168298,12.773986909086013,0.18168312608228554,0.18831694829231865,-0.0066338222100331135,0.013805708668866682,-0.0005040898335891424,59.47078179801532,12.971,0.18702378120705299,13.345047562414106,12.596952437585895,0.05767443719283101,0.7526416677871027,0.3528531650335977,0.026812550534467912,12.799533043139089,23.81149748051848,14.238269241270974,77.63157894736842,64.4736842105263,267099086.0,254960046.95,0.19925182006353503,1.0188975956379749,1.109427667266378,6135412.0,1.183268404695444,1.5353614394599744,0.025835866261398166,0.014570966001079322,0.06797954932777905,1.0,1.0,0.03799392097264431,1.0,1136.39,1131.72,0.0015841689308186968,0.012579854338528706,0.010022400913885843,0.09586790331913851,0.008392807277930459,0.013941206503905068,-0.003136402444107844,-0.0031052800821743665,2.0911241980533504,0.8546477212142632,0.0,0.0,0.0,0.0,0.0,0.0,0.0,0.0
2024-01-03,13.16,13.75,13.12,13.66,18831892,0.03799392097264431,0.04834996162701466,0.05157813702848335,0.041158536585365946,0.06220839813374801,0.05809450038729658,13.174000000000001,13.008499999999998,12.328833333333332,13.064028491296252,12.839617508412974,0.22441098288327765,0.19553575521051048,0.02887522767276718,0.01642832964006425,0.0021138526846828094,67.26944319106676,13.008499999999998,0.24142722560494578,13.49135445120989,12.525645548790106,0.07423676076563666,1.1746339382059474,0.37264936753119793,0.027280334372708485,14.719272554569159,28.986556883283235,12.518899314248213,92.37288135593221,76.84359203092475,285930978.0,255789395.75,0.2337300182714219,1.0660468546340565,0.8016034887998111,6756040.7,3.0399057462859376,2.7874154162511187,0.04612005856515379,0.05008263827497417,0.10797182755870405,2.0,1.0,-0.021818181818181848,0.0,1130.53,1144.17,0.01100095429965009,0.019532189797282218,0.02526949649184118,0.1011148882135824,0.026992966672994223,0.021626346788083728,0.032825003895455396,0.03201597629479136,2.128563321788034,0.8665629672876991,0.0,0.0,0.0,0.0,0.0,0.0,0.0,0.0
2024-01-04,13.75,13.75,13.37,13.45,10796866,-0.015373352855051259,0.02203647416413368,0.03223330775134303,0.03223330775134303,0.04587869362363928,0.00900225056264059,13.258,13.014500000000002,12.323333333333332,13.123408723404522,12.88483102630831,0.23857769709621124,0.20414414358765065,0.03443355350856059,0.01773811874321273,0.002560115502495211,61.88351241437966,13.014500000000002,0.25113374503415625,13.516767490068315,12.512232509931689,0.07718582966204046,0.9335339322287868,0.373174412707541,0.027745309494984462,16.501887815182794,26.878218407346882,11.608336628004356,74.57627118644061,81.52691049658041,275134112.0,255575336.4,0.2143061994346117,1.2185705149897035,1.983812326591066,6792319.15,0.9992701872395038,1.5895698893948467,0.02825278810408928,0.03346267624572574,0.09142548011901552,3.0,1.0,0.002954209748892156,1.0,1145.49,1150.72,0.00572467378099395,0.025606288826103718,0.021563701250854495,0.09801803588845555,-0.02109802663604521,0.006627018925239314,-0.012561450688213904,-0.01229629701293522,2.0944692251062547,0.8617731674112352,0.0,0.0,0.0,0.0,0.0,0.0,0.0,0.0
2024-01-05,13.54,13.66,13.45,13.58,8852682,0.009665427509293778,-0.005856515373352855,0.03191489361702127,0.04541955350269444,0.04864864864864882,0.025679758308157163,13.376,13.0315,12.318666666666667,13.193653535188442,12.936325024359547,0.25732851082889496,0.21478101703589952,0.04254749379299544,0.018949080326133648,0.00313309969020585,63.81495073418406,13.0315,0.2773421789246471,13.586184357849294,12.476815642150704,0.08512977905065343,0.994425335993543,0.3615190975141453,0.02662143575214619,18.157173414324028,25.762998550685147,11.126688353771062,85.59322033898304,84.18079096045197,283986794.0,256372991.95,0.21482633373032162,1.034382313181156,1.5990845832981149,6665872.45,0.5616829080575323,1.3280605151693234,0.015463917525773259,0.0420903196101754,0.10239203376988848,4.0,1.0,-0.009482129832239283,0.0,1152.37,1154.68,0.0034413236929922153,0.02280920871976111,0.029594557240813613,0.09614335088432856,0.006224103816301563,0.022610344782933334,-0.003914798932656449,-0.0038022723654907997,2.0951244823563626,0.862081306779163,0.0,0.0,0.0,0.0,0.0,0.0,0.0,0.0
2024-01-08,13.71,13.83,13.58,13.58,8172677,0.0,0.009665427509293778,-0.005856515373352855,0.04221028396009219,0.06593406593406592,0.028787878787878807,13.486,13.0505,12.315333333333333,13.25309145285176,12.984004652184765,0.26908680066699375,0.22564217376211837,0.04344462690487538,0.019814933775183632,0.0031991625114046675,63.81495073418406,13.0505,0.3014609165558147,13.65342183311163,12.44757816688837,0.09239827333996854,0.9391116484099562,0.3535534476917064,0.02603486360027293,20.079000536743543,27.896288930575444,10.564705816880478,80.15873015873015,80.10940722805128,283986794.0,257455283.8,0.2142770959190823,1.0069852656836271,1.5944651038090503,6789870.0,0.3545497345153133,1.2036573601556437,0.018409425625920472,0.04057315811654738,0.10269041303524062,0.0,1.0,-0.01541850220264307,0.0,1159.42,1160.19,0.004771884851214159,0.026780420026019325,0.03179360392728814,0.09678254140142162,-0.004771884851214159,0.015429863934072863,-0.003005725139409332,-0.0029131069702009738,2.0933028866156262,0.8623157307787079,0.0,0.0,0.0,0.0,0.0,0.0,0.0,0.0
2024-01-09,13.62,13.62,13.33,13.41,10459445,-0.012518409425625876,-0.012518409425625876,-0.0029739776951672736,0.018996960486322267,0.046021840873635034,0.02210365853658547,13.536000000000001,13.065000000000001,12.317666666666668,13.277231229336104,13.015559863134042,0.2616713662020622,0.23284801225010715,0.028823353951955066,0.019513151842062804,0.0021493925392956797,59.26077064276866,13.065000000000001,0.3117775860417824,13.688555172083566,12.441444827916436,0.09545429346859009,0.7766395143890845,0.3490139157137273,0.02602639192496102,20.579740016183273,26.24061941924806,15.05413698392096,63.157894736842124,76.30328174485179,273527349.0,258237806.6,0.2184863254671325,0.9759630303106294,1.390018494956791,7089639.05,0.8548067972828653,1.4753141769608145,0.021625652498135656,0.02640642939150384,0.08868021540876247,1.0,1.0,-0.0251851851851852,0.0,1161.71,1158.59,-0.001379084460303992,0.02374262184992748,0.029400266548200715,0.09733585289158332,-0.011139324965321884,-0.004745661363605214,-0.0072966080116152465,-0.007088212669773553,2.078278576791104,0.8596453060860357,0.0,0.0,0.0,0.0,0.0,0.0,0.0,0.0
2024-01-10,13.5,13.5,13.16,13.16,8734726,-0.01864280387770323,-0.030927835051546393,-0.030927835051546393,-0.03660322108345537,0.0030487804878049918,0.009976976208749155,13.436000000000002,13.0715,12.330333333333334,13.25919565559209,13.026259132531521,0.23293652306056778,0.23286571441219928,7.080864836850331e-05,0.017700343697611535,5.380596380585358e-06,53.24311926980298,13.0715,0.31236407570272917,13.696228151405458,12.446771848594542,0.09558629865056927,0.5708308084091459,0.3483700645913182,0.02647188940663512,20.28956734307423,24.411322787105963,17.490297064643798,41.22807017543863,61.51489835700365,264792623.0,258780530.25,0.22803395870934012,0.8517497003395251,1.0286703274545375,7329438.2,0.36163800366200843,1.1917319938655053,0.025835866261398166,0.006770454806257931,0.06728663729015172,2.0,1.0,0.003030303030303161,1.0,1158.79,1161.54,0.0025461983963266377,0.01518131046959792,0.030071920754147996,0.09740132544586658,-0.021189002274029867,-0.05178453155305329,-0.02009494454539884,-0.01950829271288812,2.0119401511072996,0.8510069414801693,0.0,0.0,0.0,0.0,0.0,0.0,0.0,0.0
2024-01-11,13.2,13.33,13.12,13.24,5869791,0.006079027355623046,-0.012677106636838187,-0.025036818851251863,-0.015613382899628214,0.016116653875671627,0.025561580170410547,13.394,13.088,12.3535,13.25624247780869,13.042091789381038,0.21415068842765272,0.22912270921529,-0.014972020787637264,0.016174523295139933,-0.001130817280033026,54.8240107603926,13.088,0.31209984907016725,13.712199698140333,12.463800301859665,0.09538503944687256,0.6217559063652639,0.33848648854908125,0.02556544475446233,19.848311376676723,23.32953709050054,17.559309656090992,45.87155963302753,50.08584151510278,270662414.0,260020528.2,0.22576291986902122,0.7208723567144646,0.9852893571995891,7219143.0,-0.34644114186740965,0.8130869550582389,0.015861027190332392,0.011613691931540382,0.07176103938155176,3.0,1.0,-0.006120887528691665,0.0,1162.49,1162.22,0.0005854296881726562,0.00999374304783096,0.04309818704002866,0.08372196569061435,0.0054935976674503895,-0.025607125947459175,-0.01753660686961811,-0.016812038490241488,1.9877337420507866,0.8451606514159302,0.0,0.0,0.0,0.0,0.0,0.0,0.0,0.0
2024-01-12,13.07,13.16,12.86,12.99,9217006,-0.018882175226586084,-0.01291793313069911,-0.031319910514541416,-0.04344624447717227,0.0,0.023640661938534313,13.276,13.103,12.379166666666666,13.215282096607353,13.038233138315777,0.17704895829157685,0.21870795903054738,-0.041659000738970525,0.013629634972407764,-0.003207005445648231,49.22308211426722,13.103,0.29889445417570126,13.700788908351402,12.505211091648597,0.09124458648422537,0.40548503123649965,0.34145173936700407,0.026285738211470674,18.451703558579535,21.475013538708566,21.602437467299886,22.935779816513765,36.67846987499332,261445408.0,261052741.95,0.22783808343749715,0.6819244257676185,0.9345791595204874,7426927.2,0.4608193786163915,1.2410254943659607,0.023094688221709063,-0.008623979241395019,0.049343655334904035,4.0,1.0,-0.009209516500383708,0.0,1159.25,1154.7,-0.006470375660374117,1.732081615690717e-05,0.04014845108230558,0.0868402828272019,-0.012411799566211967,-0.043463565293329176,-0.016507789143771268,-0.015870608783385087,1.982310461618183,0.8419450607420005,0.0,0.0,0.0,0.0,0.0,0.0,0.0,0.0
2024-01-15,13.03,13.12,12.91,12.91,3502302,-0.006158583525789019,-0.024924471299093698,-0.018996960486322156,-0.04933726067746691,-0.009209516500383708,0.013343799058084693,13.142000000000001,13.111500000000001,12.396833333333332,13.168315620206222,13.028734387329422,0.13958123287680024,0.20288261379979797,-0.06330138092299772,0.010811869316560824,-0.00490328279806334,47.54904271356359,13.111500000000001,0.2903224160537843,13.69214483210757,12.530855167892433,0.08857031340541785,0.3264860127415446,0.332062329412218,0.025721326832859645,17.154853441775003,20.50493902393051,20.626606927945804,5.154639175257802,24.65399287493305,257943106.0,261660230.25,0.22908269007413312,0.7792165249774415,0.9677562689179389,7352431.95,-0.9753383059279391,0.4763460612512027,0.016266460108442994,-0.015368188231705049,0.04139497990078134,0.0,1.0,0.01950078003120126,1.0,1159.37,1154.12,-0.0005022949683901601,-0.005231901671278072,0.047010795609180756,0.08069379592038634,-0.005656288557398859,-0.04410535900618884,-0.03366699655109606,-0.03215534805589815,1.988174498371606,0.8376875552636153,0.0,0.0,0.0,0.0,0.0,0.0,0.0,0.0
2024-01-16,12.82,13.07,12.78,13.07,3770948,0.012393493415956636,0.00615858352578913,-0.012839879154078582,-0.025354213273676374,-0.006838905775075954,0.029944838455476797,13.074000000000002,13.130500000000001,12.4205,13.153190140174496,13.031791099379094,0.12139904079540287,0.18658589919891896,-0.0651868584035161,0.009288373434996394,-0.004987517857958385,51.12888426784982,13.130500000000001,0.27321622437788656,13.676932448755775,12.584067551244228,0.08323101919283701,0.4446409156907138,0.3290578773113454,0.025176578218159554,16.43648711391862,19.21414735844541,22.150065364637104,27.619047619047688,18.56982220360643,261714054.0,262638207.9,0.23196058046923135,0.5956741171654887,0.5864251975118251,7359037.4,-0.910440956092006,0.5124240841607898,0.02218821729150734,-0.004607593008644106,0.05229258081397692,1.0,1.0,-0.009908536585365724,0.0,1150.31,1163.12,0.007798149239247154,0.003909924995036951,0.06524526504744088,0.06983967844998328,0.004595344176709482,-0.029264138268713324,-0.035300426591964085,-0.03313830884795532,2.001346705856947,0.8376218748144842,0.0,0.0,0.0,0.0,0.0,0.0,0.0,0.0
2024-01-17,13.12,13.24,12.99,12.99,4062005,-0.006120887528691665,0.006196746707978207,0.0,-0.01291793313069911,-0.04904831625183015,0.010108864696734221,13.040000000000001,13.137,12.4355,13.128083964763036,13.02869546238805,0.09938850237498542,0.16914641983413226,-0.06975791745914683,0.007651154917242911,-0.005370124515715692,49.31647167375224,13.137,0.2679375418188716,13.672875083637743,12.601124916362258,0.08158256582747093,0.36284116906303693,0.3234108860748207,0.02489691193801545,15.426005683342407,21.90785983856958,20.9270487670453,20.000000000000068,17.5912289314352,257652049.0,263241254.95,0.22909880990140588,0.8030362013770427,1.000433743175713,7390307.3,-0.8510868686187696,0.5496395258151173,0.01924557351809084,-0.011189769353733725,0.044590084837762944,2.0,1.0,0.0030487804878049918,1.0,1161.95,1162.53,-0.0005072563450030376,0.000852316751898341,0.06041229590440578,0.07094697809104551,-0.005613631183688628,-0.013770249882597452,-0.050303431207671556,-0.047437615917843234,1.9818368257069354,0.8354619732284235,0.0,0.0,0.0,0.0,0.0,0.0,0.0,0.0
2024-01-18,13.12,13.2,12.99,13.16,4168767,0.013086989992301845,0.0068859984697779986,0.01936483346243212,-0.006042296072507614,-0.02156133828996276,0.023328149300155587,13.024000000000001,13.152000000000001,12.457333333333334,13.132994124030262,13.03842172443338,0.09457239959688124,0.15423161578668207,-0.05965921618980083,0.007186352552954502,-0.004533375090410397,53.11947609124313,13.152000000000001,0.2598906652707782,13.671781330541558,12.632218669458444,0.07904217313588151,0.5076955438084549,0.31531010849804775,0.0239597346883015,14.487701497807352,20.86565443911732,19.931502721912334,36.19047619047624,27.93650793650801,261820816.0,264052740.35,0.23331424191305283,0.6476400628071888,0.5599577276740179,7442775.45,-0.8488476867873475,0.5601091995862915,0.015957446808510568,0.0006082725060827521,0.0564058653537407,3.0,1.0,-0.009848484848484773,0.0,1164.32,1169.06,0.005617059344705133,0.005885288499595465,0.06204803953632032,0.07148272251591566,0.007469930647596712,-0.011927584572103078,-0.03871989023616473,-0.036457757836518834,1.975445953121399,0.8360223685965288,0.0,0.0,0.0,0.0,0.0,0.0,0.0,0.0
2024-01-19,13.2,13.33,13.07,13.07,3720102,-0.006838905775075954,0.00615858352578913,0.0,0.00615858352578913,-0.03755522827687774,0.009266409266409426,13.040000000000001,13.158000000000001,12.4915,13.123302720333298,13.040760855956833,0.0825418643764646,0.13989366550463858,-0.05735180112817398,0.0063153683532107575,-0.004388049053418055,50.940264230081716,13.158000000000001,0.2563426982527872,13.670685396505576,12.645314603494427,0.07792755684839252,0.4141773877315383,0.3113593864624729,0.023822447319240467,14.119839884347885,22.60340971833537,18.74266276649367,27.619047619047688,27.93650793650801,258100714.0,264485037.45,0.23396613185429924,0.7856918756070892,0.6834592748691678,7435597.35,-0.9615318018155115,0.5003097700011957,0.019892884468247878,-0.006687946496428121,0.046311491814433836,4.0,1.0,-0.006838905775075954,0.0,1171.5,1181.5,0.01064102783432852,0.02320949164285091,0.07172337472674006,0.07611803367124167,-0.017479933609404474,-0.01705090811706178,-0.06245696546033064,-0.05827713282474167,2.029961884116282,0.8013141108836878,0.0,0.0,0.0,0.0,0.0,0.0,0.0,0.0
2024-01-22,13.16,13.16,12.95,13.07,4026648,0.0,-0.006838905775075954,0.00615858352578913,0.012393493415956636,-0.03755522827687774,0.02590266875981162,13.072,13.1745,12.525,13.115102301820484,13.04292671847855,0.07217558334193441,0.12635004907209776,-0.05417446573016335,0.005522232849421148,-0.004144947645766133,50.940264230081716,13.1745,0.23798440904294627,13.650468818085892,12.698531181914108,0.07225607318469654,0.39022390119982403,0.30411943028658206,0.02326851035092441,13.25572727887268,21.488547884431718,20.636665116500282,27.619047619047688,30.47619047619055,258100714.0,265177487.65,0.2254673290733672,0.7838531535567685,0.9683570985732333,7376776.65,-0.8571145424580252,0.5458546721758208,0.016067329762815673,-0.007931989828836028,0.04351297405189625,0.0,1.0,0.006079027355623046,1.0,1186.29,1182.86,0.001151079136690658,0.024902089903996227,0.07234420611752768,0.07585159816701571,-0.001151079136690658,-0.012508596488039592,-0.046441537357716056,-0.0433084238183743,2.0330381616242703,0.8018473889085131,0.0,0.0,0.0,0.0,0.0,0.0,0.0,0.0
2024-01-23,13.16,13.45,13.16,13.24,6310860,0.013006885998469775,0.013006885998469775,0.006079027355623046,0.013006885998469775,-0.012677106636838187,0.032761310452418035,13.106,13.195500000000001,12.573833333333335,13.13431733230964,13.05752473933199,0.07679259297765029,0.11643855785320828,-0.03964596487555799,0.005800044786831593,-0.002994408223229456,54.9857567558786,13.195500000000001,0.22312316636462032,13.641746332729241,12.74925366727076,0.0676361384910371,0.5498603537286655,0.3095394709803976,0.023379114122386524,13.491229387357249,26.296231961943867,18.827079891753222,43.80952380952386,33.01587301587309,264411574.0,265880290.35,0.22865055321851174,0.7022031137844106,0.6667736970397107,7387129.15,-0.2755893656938575,0.8543048147466056,0.021903323262839815,0.003372361790004108,0.05298039579550107,1.0,1.0,-0.009063444108761365,0.0,1183.96,1177.5,-0.004531390020796944,0.01236329871380426,0.053540432689726636,0.07174130719151361,0.01753827601926672,0.0006435872846655144,-0.0207791222373086,-0.019723136950955733,1.8931026766525536,0.779855406977873,0.0,0.0,0.0,0.0,0.0,0.0,0.0,0.0
2024-01-24,13.24,13.29,13.12,13.12,2354195,-0.009063444108761365,0.0038255547054322214,0.0038255547054322214,0.010007698229407058,-0.003039513677811634,0.0,13.132,13.195500000000001,12.625333333333334,13.132114665800465,13.062152536418509,0.06996212938195612,0.10714327215895786,-0.03718114277700174,0.005332479373624704,-0.002833928565320255,51.742294208798775,13.195500000000001,0.22312316636462032,13.641746332729241,12.74925366727076,0.0676361384910371,0.4154054672693397,0.2995723659103692,0.02283325959682692,13.530465137852763,25.230341297633213,19.017684068470437,32.380952380952344,34.603174603174644,262057379.0,265822981.2,0.21652269829500476,0.9616026248665664,1.7059907413850626,6862436.8,-1.1748229276262618,0.3430552540753454,0.012957317073170728,-0.0057216475313555115,0.03918048368359894,2.0,1.0,-0.003810975609755962,0.0,1175.58,1172.97,-0.0038471337579617515,0.008980413408686383,0.045194920917799086,0.07503629945408635,-0.005216310350799613,0.0010272848207206753,-0.045194920917799086,-0.043240662591541135,1.8901612370159648,0.7732724485986245,0.0,0.0,0.0,0.0,0.0,0.0,0.0,0.0
2024-01-25,13.12,13.16,13.03,13.07,2379765,-0.003810975609755962,-0.012839879154078582,0.0,-0.006838905775075954,-0.012839879154078582,0.003069838833461347,13.114,13.1975,12.6655,13.122558563369624,13.062733830017137,0.05982473335248706,0.0976795643976637,-0.037854831045176646,0.0045772558035567755,-0.002896314540564395,50.40805989634692,13.1975,0.22173656726690563,13.64097313453381,12.754026865466189,0.06720562751033314,0.3562483383192643,0.2874600540596286,0.021993883248632638,13.162578688887315,24.415335047852558,20.63969852104069,27.619047619047688,34.603174603174644,259677614.0,265933750.05,0.2154932393997037,0.9444704234303265,1.749032088281142,6694358.8,-1.0893496827255467,0.3554881163525325,0.009946442234124008,-0.009660920628907,0.03193715210611514,3.0,1.0,-0.006838905775075954,0.0,1173.58,1170.37,-0.002216595479850425,0.0011205583973448174,0.043119813902084525,0.0762190558810229,-0.0015943801299055371,-0.007959464172420772,-0.04004997506862318,-0.038394415037333984,1.818347489249724,0.7823287936718173,0.0,0.0,0.0,0.0,0.0,0.0,0.0,0.0
2024-01-26,13.16,13.2,13.03,13.07,2283352,0.0,-0.003810975609755962,-0.012839879154078582,0.0,0.00615858352578913,0.00615858352578913,13.114,13.2015,12.693666666666667,13.114472630543528,13.063272064830683,0.05120056571284515,0.0883837646607,-0.03718319894785485,0.003917411301671396,-0.0028449272339598204,50.40805989634692,13.2015,0.2184942489912687,13.638488497982538,12.764511502017461,0.0662028554304493,0.34953837388501047,0.27907005019822656,0.021351954873621005,12.972835939164398,24.376786877387307,19.741626834614234,34.52380952380964,31.507936507936574,259677614.0,266270010.15,0.21514307234013488,0.9121877221729361,1.7311841710210667,6583035.15,-1.0602119730877189,0.3468539887714256,0.013006885998469773,-0.009960989281521004,0.029647330689845264,4.0,1.0,-0.006120887528691665,0.0,1173.43,1175.67,0.004528482445722348,-0.00493440541684298,0.041402035555791805,0.07526900816543386,-0.004528482445722348,0.00493440541684298,-0.035243452030002675,-0.033842311448136764,1.7734414218171048,0.737625804754356,0.0,0.0,0.0,0.0,0.0,0.0,0.0,0.0
2024-01-29,13.07,13.16,12.99,12.99,2989356,-0.006120887528691665,-0.006120887528691665,-0.009908536585365724,-0.006120887528691665,0.006196746707978207,-0.003069838833461125,13.098000000000003,13.1995,12.719333333333333,13.095322995075293,13.057844504472854,0.037478490602438796,0.07820270984904776,-0.04072421924660896,0.00288518018494525,-0.0031350438219098506,48.106210422545196,13.1995,0.22032213258185462,13.640144265163709,12.758855734836292,0.0667668116464576,0.2622798972293823,0.2712793323269247,0.020883705336945703,12.6041944321607,23.285646471979394,19.911173592560893,29.16666666666676,30.436507936508047,256688258.0,266220472.5,0.2160963171781883,1.0059975258164757,1.8010516418656648,6496173.0,-0.8520980285298289,0.4601718581078429,0.013086989992301765,-0.01587181332626242,0.021279941296713734,0.0,1.0,0.01304681504221028,1.0,1177.23,1175.69,1.701157637779005e-05,-0.006061579561401853,0.04049808395210319,0.07550866636539223,-0.006137899105069455,-5.930796728981225e-05,-0.04356792278556432,-0.041872179735383264,1.7758413637219834,0.7379168119994344,0.0,0.0,0.0,0.0,0.0,0.0,0.0,0.0
2024-01-30,13.03,13.2,12.95,13.2,3669589,0.016166281755196188,0.009946442234123776,0.009946442234123776,-0.0030211480362538623,0.009946442234123776,0.003039513677811412,13.09,13.2015,12.7485,13.111427149679093,13.068374541178569,0.04305260850052406,0.07117268957934302,-0.028120081078818956,0.0032615612500397017,-0.0021303091726378,54.03925956134932,13.2015,0.22012615999908494,13.641752319998169,12.76124768000183,0.06669731772876861,0.49829643146456754,0.26975938001785865,0.020436316668019597,12.064855337795906,21.74421678918752,19.652267357023078,62.6865671641791,42.125681118218516,260357847.0,265883410.55,0.22097331654610558,0.9375024480849665,1.3519389662621353,6208648.7,-0.6190814725236866,0.5910447147702205,0.01893939393939394,-0.00011362345188048462,0.0354159312860336,1.0,1.0,-0.015909090909090873,0.0,1176.02,1179.65,0.0033682348238055493,0.0018259023354565418,0.04235146502668519,0.07564452735769235,0.012798046931390639,-0.004847050371710404,-0.039311951348873775,-0.037714679422326425,1.835441751565021,0.7500154168378459,0.0,0.0,0.0,0.0,0.0,0.0,0.0,0.0
2024-01-31,13.2,13.37,12.99,12.99,5194691,-0.015909090909090873,0.0,-0.006120887528691665,-0.009908536585365724,0.0,-0.04904831625183015,13.064000000000002,13.168000000000001,12.776,13.092746049728463,13.062569019609786,0.03017703011867745,0.0629735576872099,-0.03279652756853245,0.0023230970068265936,-0.002524751929833137,48.11507707407505,13.168000000000001,0.19637772410960316,13.560755448219208,12.775244551780794,0.059653014614095806,0.2733958869226755,0.277633710016583,0.021372879908897843,12.274965426086224,23.99209059477188,17.73096361702317,31.343283582089683,41.06550580431186,255163156.0,264345019.45,0.1773723977033446,0.20110870969368963,-1.099100743714658,5526788.65,-0.11742158966172889,0.9399112810293551,0.029253271747498,-0.01351761846901589,0.01675015654351908,2.0,1.0,0.0,0.0,1181.62,1164.31,-0.013003857076251513,-0.007382968021347636,0.017602279381560226,0.08547794331793886,-0.00290523383283936,-0.002525568564018088,-0.06665059563339037,-0.06549768704714065,1.822921854395634,0.7516430083683794,0.0,0.0,0.0,0.0,0.0,0.0,0.0,0.0
2024-02-01,12.99,13.07,12.95,12.99,4419878,0.0,-0.015909090909090873,0.0,-0.006120887528691665,-0.01291793313069911,-0.0342007434944237,13.048000000000002,13.145000000000001,12.790333333333333,13.076938965154854,13.057193536675728,0.019745428479126304,0.05432793184559318,-0.03458250336646688,0.0015200483817649193,-0.002662240443915849,48.11507707407505,13.145000000000001,0.18838650080183844,13.521773001603679,12.768226998396324,0.05732567540565647,0.29430585612521715,0.26637415930111286,0.02050609386459683,12.257509907594393,23.220069422178085,18.23301906384,31.343283582089683,41.791044776119506,255163156.0,263346471.65,0.17079102073611557,0.08868374558677665,-0.9241597797604753,5207939.25,-0.3092292294065003,0.8486807905833387,0.009237875288683679,-0.011791555724610214,0.01561074770008597,3.0,2.0,-0.006120887528691665,0.0,1162.78,1173.02,0.007480825553332071,0.002264241222861285,0.019379171301445952,0.08700985413307936,-0.007480825553332071,-0.00838512875155295,-0.053579914795869654,-0.052561319972296405,1.6745585901325186,0.6849444231790933,0.0,0.0,0.0,0.0,0.0,0.0,0.0,0.0
2024-02-02,13.07,13.29,12.99,12.99,4877513,0.0,0.0,-0.015909090909090873,-0.006120887528691665,-0.006120887528691665,-0.04344624447717227,13.032,13.1155,12.805333333333332,13.063563739746415,13.05221623766271,0.011347502083705052,0.04573184589321556,-0.034384343809510505,0.0008735567423945383,-0.0026469856666289844,48.11507707407505,13.1155,0.16086853082773958,13.43723706165548,12.793762938344521,0.04906211149486936,0.3049649621429257,0.268776005065319,0.02069099346153341,13.0763398366239,27.215424792454023,16.77936418392225,31.343283582089683,31.343283582089683,255163156.0,261905289.75,0.16564107259610972,0.17672018259249736,-0.6617273742642206,5009180.8,-0.05486304481381515,0.9737147040090867,0.023094688221708924,-0.009568830772749837,0.01442107455226993,4.0,2.0,0.0,0.0,1173.93,1172.55,-0.0004006751803038444,-0.0026538059149252557,0.015476149236151926,0.0866330893437555,0.0004006751803038444,-0.0034670816137664096,-0.058922393713324195,-0.05802439944812687,1.6736924892625098,0.6850749842070659,0.0,0.0,0.0,0.0,0.0,0.0,0.0,0.0
2024-02-05,13.07,13.16,12.95,13.07,4377863,0.00615858352578913,0.00615858352578913,0.00615858352578913,0.00615858352578913,0.0,-0.03755522827687774,13.047999999999998,13.09,12.823,13.064553933631583,13.053533553391398,0.01102038024018448,0.03878955276260934,-0.027769172522424862,0.0008431813496698148,-0.0021246497721824683,50.68726598792736,13.09,0.11809897722334606,13.326197954446691,12.853802045553309,0.03608830472829507,0.45766263080717434,0.2645777189892249,0.020243130756635416,13.612559923110995,25.672470331109384,16.90796088921338,24.0000000000002,28.89552238805987,259541019.0,260683001.0,0.16813333208357037,0.0999375997757026,-0.8224526376584926,4819440.1,-0.19334617133429924,0.9083758505474526,0.016067329762815673,-0.0015278838808250317,0.01926226312095447,0.0,2.0,-0.003810975609755962,0.0,1174.22,1186.06,0.011521896720822156,0.008820352303753554,0.022298071867538738,0.09377484825664159,-0.005363313195033026,-0.002661768777964424,-0.05985330014441648,-0.058547797155751424,1.6770824644726685,0.6835469835939506,0.0,0.0,0.0,0.0,0.0,0.0,0.0,0.0
2024-02-06,13.12,13.12,12.99,13.07,3419357,0.0,0.00615858352578913,0.00615858352578913,-0.009848484848484773,-0.012839879154078582,-0.025354213273676374,13.022,13.072999999999999,12.838,13.065391789995955,13.05475329017722,0.010638499818734104,0.033159342173834296,-0.02252084235510019,0.0008139632608059758,-0.001723094288837046,50.68726598792736,13.072999999999999,0.09096558053600358,13.254931161072006,12.89106883892799,0.027833115745736683,0.49175512325013154,0.25496502477570876,0.019507653005027447,14.11047857484901,24.737490230552982,16.292180375359063,24.0000000000002,26.44776119403004,259541019.0,259983684.5,0.163412499009778,-0.028812955872556823,-0.599442354342263,4467435.7,-0.5590566928205404,0.765395907097219,0.009946442234123871,-0.00022948060888838828,0.018071350677675735,1.0,2.0,0.0038255547054322214,1.0,1189.08,1188.48,0.0020403689526669044,0.007485271054973763,0.025798600022441054,0.0933508640358537,-0.0020403689526669044,-0.017333755903458536,-0.05115281329611743,-0.04986633174874522,1.690168645123209,0.6905563121345674,0.0,0.0,0.0,0.0,0.0,0.0,0.0,0.0
2024-02-07,13.07,13.16,12.99,13.12,5223569,0.0038255547054322214,0.0038255547054322214,0.010007698229407058,0.010007698229407058,0.0,-0.003039513677811634,13.048000000000002,13.071000000000002,12.853333333333332,13.0737930530735,13.059586379793723,0.014206673279776538,0.029368808395022747,-0.015162135115246209,0.0010828257073000412,-0.0011556505423205952,52.397824260371785,13.071000000000002,0.08937796737887006,13.249755934757742,12.892244065242261,0.027351531597848717,0.637058386526873,0.2488960944345867,0.018970738905075207,14.734912392233793,24.67855188416607,15.49733616820884,33.999999999999986,27.333333333333474,264764588.0,259982282.75,0.150625598098343,-0.06328502419504631,-0.358387313691983,4291877.85,0.5830086552425736,1.2170824013549222,0.012957317073170728,0.003748756789839991,0.020746887966805128,2.0,2.0,0.022727272727272707,1.0,1190.51,1198.53,0.008456179321486124,0.029390797983354977,0.031845653184565226,0.09670202901507903,-0.004630624616053902,-0.01938309975394792,-0.03488516686237686,-0.03380851269248597,1.6954409547726335,0.6921274557738414,0.0,0.0,0.0,0.0,0.0,0.0,0.0,0.0
2024-02-15,13.2,13.62,13.2,13.5,14396624,0.028963414634146423,0.03289977046671755,0.03289977046671755,0.03926096997690531,0.03289977046671755,0.01963746223564944,13.15,13.084,12.876166666666666,13.139363352600654,13.092209610920113,0.04715374168054076,0.03292579505212635,0.014227946628414409,0.0034928697541141305,0.0010539219724751414,62.92398725259839,13.084,0.12646613859319733,13.336932277186394,12.831067722813605,0.0386628366228056,1.3223545144723385,0.2668320876892591,0.019765339828834008,16.755036728918284,33.6892276748091,13.423086790951416,82.08955223880608,46.696517412935435,279161212.0,260407222.65,0.1817780176292241,0.5775845835341564,0.5882951426939929,4718219.5,3.509466026638741,3.0512832224104876,0.031111111111111107,0.031794558239070625,0.0484486842616203,3.0,2.0,-0.01541850220264307,0.0,1203.08,1202.5,0.00331239101232339,0.025131711309270166,0.03465781005317403,0.09681208721018103,0.025651023621823033,0.014129258667635147,-0.015020347817524593,-0.014517213006638996,1.7904938901179073,0.707408479864405,0.0,0.0,0.0,0.0,0.0,0.0,0.0,0.0
2024-02-16,13.62,13.62,13.37,13.41,5053791,-0.00666666666666671,0.02210365853658547,0.02601377199693955,0.0323325635103926,0.02601377199693955,0.0323325635103926,13.234,13.105,12.894333333333334,13.180999759892861,13.115749639740846,0.06525012015201526,0.039390660072104136,0.02585946007991112,0.0048657807719623605,0.001928371370612313,59.56448984781312,13.105,0.14372854531021556,13.392457090620432,12.817542909379569,0.04386983450903196,1.0305139618259271,0.2656297957114549,0.01980833674209209,18.630866470125312,31.42444653561277,12.520710693541684,68.65671641791059,61.5820895522389,274107421.0,261040323.3,0.1687295247758232,0.8929735268573497,0.8694784699402688,4510058.75,0.2132601491888726,1.1205599040145542,0.018642803877703205,0.02327355971003442,0.039991727632293195,4.0,2.0,-0.005947955390334547,0.0,1204.9,1209.7,0.0059875259875259434,0.031683083877020346,0.04763141941629856,0.09284720737412427,-0.012654192654192653,0.0006494796333722519,-0.015298855905905961,-0.014603280908117355,1.7599836688584891,0.6996828334426775,0.0,0.0,0.0,0.0,0.0,0.0,0.0,0.0
2024-02-19,13.45,13.5,13.24,13.37,6505541,-0.002982848620432632,-0.009629629629629655,0.019054878048780477,0.02295332823259355,0.029253271747498033,0.03563129357087513,13.294,13.128,12.916333333333334,13.210076719909344,13.134582999760042,0.07549372014930178,0.04661127208754367,0.02888244806175811,0.005646501133081659,0.0021602429365563283,58.080301215834744,13.128,0.14763397127298974,13.42326794254598,12.83273205745402,0.04498292848049663,0.9097972809261443,0.26522766744635096,0.01983752187332468,19.56663563198363,29.22408459806772,15.145036997672767,62.6865671641791,71.14427860696527,267601880.0,261523262.0,0.16715052953768522,0.8870918287537389,0.9513653507546932,4660220.7,0.7165036551457503,1.3959727272143998,0.019446522064323096,0.01843388177940275,0.035123487057730385,0.0,2.0,-0.008948545861297563,0.0,1213.24,1224.97,0.012622964371331813,0.032806097499283426,0.0613887637334074,0.09899351879142639,-0.015605812991764445,-0.009852769266689876,-0.02575747016253227,-0.02426770571032899,1.8046801550547613,0.6789498284482242,0.0,0.0,0.0,0.0,0.0,0.0,0.0,0.0
2024-02-20,13.41,13.45,13.24,13.29,7284935,-0.005983545250560995,-0.008948545861297563,-0.015555555555555656,0.016832440703901996,0.006818181818181834,0.016832440703901996,13.338,13.139000000000001,12.937666666666667,13.22237260915406,13.146095370148187,0.07627723900587391,0.05254446547120972,0.023732773534664187,0.005739446125347924,0.0017857617407572753,55.12200692977369,13.139000000000001,0.1512370046618806,13.441474009323763,12.83652599067624,0.04604216596754113,0.7496082230959074,0.26128283405732583,0.01966010790499066,20.435564139423494,27.546357584149778,14.275574769950422,50.7462686567164,60.69651741293537,260316945.0,261453406.55,0.16441588580164587,1.141274255573185,1.63720877551546,4835920.05,0.9308803718842988,1.5064217201026722,0.0158013544018058,0.011492503234644902,0.027233143534382664,1.0,2.0,-0.01275318829707428,0.0,1227.75,1230.06,0.0041552038009093906,0.03498586429725359,0.05755210124492738,0.09748560596817314,-0.010138749051470386,-0.018153423593351592,-0.04071966054102538,-0.038503692151990454,1.795532039472794,0.6755520511977163,0.0,0.0,0.0,0.0,0.0,0.0,0.0,0.0
2024-02-21,13.33,13.33,13.16,13.16,6226879,-0.009781790820165503,-0.015706806282722474,-0.01864280387770323,0.0030487804878049918,0.013086989992301845,0.013086989992301845,13.346,13.147499999999999,12.953666666666667,13.212776823130358,13.147125342729803,0.06565148040055568,0.055165868457078916,0.010485611943476768,0.004988714316151647,0.0007967790230605446,50.6107903020784,13.147499999999999,0.1471438608628456,13.44178772172569,12.853212278274308,0.04476709971107685,0.5212377192067368,0.25476263162465973,0.019358862585460466,20.74077743413151,26.233404099499037,15.838136374163165,31.343283582089683,48.25870646766174,254090066.0,261275307.4,0.1669785790021412,1.1038308615204573,1.48128047461543,4944163.75,0.4855360348657586,1.2594402845172756,0.012917933130699083,0.0009507510933637331,0.01592856591441283,2.0,2.0,0.0,0.0,1231.78,1230.04,-1.62593694615909e-05,0.026290539243907007,0.05807161965712715,0.09727872310350456,-0.009765531450703913,-0.023241758756102016,-0.044984629664825304,-0.042515675526201835,1.7909054324759863,0.6730927392851753,0.0,0.0,0.0,0.0,0.0,0.0,0.0,0.0
2024-02-22,13.16,13.37,13.12,13.16,5293931,0.0,-0.009781790820165503,-0.015706806282722474,-0.0251851851851852,0.013086989992301845,0.0,13.278,13.147499999999999,12.967666666666666,13.204657311879535,13.148079021046113,0.05657829083342136,0.05544835293234741,0.001129937901073956,0.004299262221384602,8.586154263479908e-05,50.6107903020784,13.147499999999999,0.1471438608628456,13.44178772172569,12.853212278274308,0.04476709971107685,0.5212377192067368,0.25442244365146977,0.019333012435522018,20.77560824312464,24.392160701665627,15.84949709316447,31.343283582089683,37.81094527363194,254090066.0,260888769.9,0.1604386496032231,1.3529050892172372,2.5866967921949655,5000421.95,0.11132748211167097,1.0586968565722739,0.018996960486322188,0.0009507510933637331,0.014831761046705916,3.0,2.0,-0.02583586626139811,0.0,1229.85,1227.31,-0.0022194400182108387,0.020632016632016636,0.04982635621781606,0.09828796846942754,0.0022194400182108387,-0.045817201817201836,-0.04982635621781606,-0.04746152153897554,1.7801439101203798,0.6718510927524273,0.0,0.0,0.0,0.0,0.0,0.0,0.0,0.0
2024-02-23,13.16,13.24,12.82,12.82,10105388,-0.02583586626139811,-0.02583586626139811,-0.03536493604213686,-0.0439970171513796,-0.013086989992301734,-0.01912777352716144,13.16,13.135,12.989166666666668,13.145479263898068,13.123776871338993,0.021702392559074468,0.048699160857692825,-0.026996768298618357,0.0016928543337811598,-0.0021058321605786547,40.54568664152973,13.135,0.16375527311764443,13.462510546235288,12.807489453764711,0.04986837399852125,0.019099455542877453,0.2662494119620791,0.020768284864436746,19.368067059514978,21.6437421581002,22.11194183538865,0.0,20.895522388059803,243984678.0,260182968.1,0.1837340876351847,0.5332367191572296,1.9809816568004317,5319686.25,1.678532398315994,1.8996210537792524,0.03276131045241809,-0.023981728207080333,-0.013023673574132366,4.0,2.0,0.013260530421216776,1.0,1230.3,1212.0,-0.012474435961574493,0.0019012978424401972,0.025814642403723997,0.10663960498034752,-0.013361430299823618,-0.0458983149938198,-0.04494241593088544,-0.04381143929236064,1.5679461474213015,0.6058553723269697,0.0,0.0,0.0,0.0,0.0,0.0,0.0,0.0
2024-02-26,12.82,12.99,12.69,12.99,6234540,0.013260530421216776,-0.01291793313069911,-0.01291793313069911,-0.02842183994016445,-0.006120887528691665,-0.006120887528691665,13.084,13.131,13.008833333333333,13.12155937714452,13.113867473462031,0.007691903682488288,0.04049770942265192,-0.03280580574016363,0.000592140391261608,-0.0025254661847701025,46.296537540932206,13.131,0.166382564876512,13.463765129753025,12.798234870246976,0.05068389760917288,0.288138859223848,0.26866016825050204,0.020682076077790764,18.61967861335674,19.91741823804672,23.80457869513848,32.25806451612912,21.20044936607295,250219218.0,259788893.3,0.1905019753433897,0.39012874819047466,1.245811104574153,5430080.85,0.2831457534992768,1.1481486504938505,0.023094688221709063,-0.010737948366461025,-0.0014477342318680586,0.0,2.0,0.009976976208749155,1.0,1212.93,1224.17,0.01004125412541268,-0.0006530772182175015,0.0349238286864042,0.11105641502167747,0.0032192762958040966,-0.02776876272194695,-0.04104471621509587,-0.03965964941322553,1.5343522901792848,0.6054523596030186,0.0,0.0,0.0,0.0,0.0,0.0,0.0,0.0
2024-02-27,13.03,13.16,12.99,13.16,5626850,0.013086989992301845,0.026521060842433775,0.0,-0.009781790820165503,0.0068859984697779986,-0.006042296072507614,13.057999999999998,13.127,13.035333333333334,13.127473319122286,13.117284697650028,0.010188621472257964,0.03443589183257313,-0.024247270360315168,0.0007742113580743134,-0.0018424977477443137,51.3629511214132,13.127,0.16457601027502278,13.456152020550046,12.797847979449955,0.050148856638995314,0.5501288127365179,0.26161301337546616,0.019879408311205635,17.433809609269925,23.634478553280143,22.699681065194838,50.53763440860224,27.5985663082438,255846068.0,259360618.0,0.19057604390854127,0.38999561258776183,1.24034586255584,5395880.35,0.0814967555599794,1.0428048131200687,0.012917933130699083,0.0025139026434066736,0.009563749808213506,1.0,2.0,-0.009848484848484773,0.0,1228.93,1237.46,0.010856335312905863,0.006015966700811504,0.050921443736730465,0.11294541844536483,0.0022306546793959825,-0.015797757520977007,-0.05696373980923808,-0.054203613551450425,1.4940785578845286,0.5965401184283029,0.0,0.0,0.0,0.0,0.0,0.0,0.0,0.0
2024-02-28,13.2,13.2,12.99,13.07,4458352,-0.006838905775075954,0.00615858352578913,0.01950078003120126,-0.006838905775075954,-0.003810975609755962,-0.003810975609755962,13.040000000000001,13.124500000000001,13.052166666666666,13.11863127002655,13.11378212745373,0.0048491425728194315,0.028518541980622394,-0.023669399407802962,0.00037101320373522813,-0.0018109716455855364,48.7413066759146,13.124500000000001,0.16506697205470094,13.454633944109403,12.794366055890599,0.05030804131348275,0.41745774560228155,0.2579263695629328,0.019734228734730894,16.505902216448256,23.367724546307105,21.379555416332707,40.86021505376354,41.218637992831646,251387716.0,258827134.85,0.18936896827822497,0.380204122482457,1.330259236417722,5501088.2,-0.37874454150778036,0.8104491035064662,0.016067329762815538,-0.004152539144348433,0.0013663121065468076,2.0,2.0,-0.012957317073170715,0.0,1241.77,1254.55,0.013810547411633456,0.01992618126239787,0.06954994586391794,0.11707855969391724,-0.02064945318670941,-0.026765087037473823,-0.0733609214736739,-0.0685904587788253,1.3170832410218851,0.5674721293859176,0.0,0.0,0.0,0.0,0.0,0.0,0.0,0.0
2024-02-29,13.12,13.16,12.91,12.95,5304404,-0.009181331293037553,-0.015957446808510745,-0.003079291762894565,-0.015957446808510745,-0.040740740740740744,-0.009181331293037553,12.998,13.118500000000001,13.065499999999998,13.092687997714773,13.101650118012714,-0.008962120297940857,0.021022409524909746,-0.029984529822850603,-0.0006920556214626145,-0.002315407708328232,45.4129707325667,13.118500000000001,0.16927943264300802,13.457058865286017,12.779941134713985,0.051615484283419,0.25115110357891224,0.2573602003084376,0.019873374541192094,15.387182714186055,21.74633633255194,22.116463438278704,27.956989247311814,39.784946236559215,246083312.0,258147419.75,0.19170108728394397,0.41761486396436676,1.1616407197166414,5647320.15,-0.1291815148320767,0.939278075106119,0.019305019305019305,-0.012844456302168794,-0.008840075006696924,3.0,2.0,0.019245573518090753,1.0,1259.59,1252.73,-0.0014507193814514707,0.020711963562588087,0.07037090834522419,0.11662250199078353,-0.007730611911586083,-0.03666941037109883,-0.07955223963826175,-0.07432212424499485,1.3248384826786601,0.5685590300062866,0.0,0.0,0.0,0.0,0.0,0.0,0.0,0.0
2024-03-01,12.99,13.29,12.91,13.24,10187198,0.022393822393822482,0.013006885998469775,0.006079027355623046,0.032761310452418035,-0.012677106636838187,0.013006885998469775,13.081999999999999,13.126999999999999,13.087166666666667,13.11535138268173,13.11189825741918,0.0034531252625509268,0.017508552672437984,-0.014055427409887057,0.00026081006514735094,-0.0010615881729521947,53.650169934473396,13.126999999999999,0.17097552918209394,13.468951058364187,12.78504894163581,0.05209888906287622,0.665228323229304,0.266120186000692,0.02009971193358701,14.813991286369857,23.01761805379484,19.860700669463945,59.13978494623665,42.65232974910402,256270510.0,257977064.55,0.20808854297464516,0.3482105864479742,0.2991567382713787,6042512.45,1.5265799851325526,1.6859208953719242,0.0287009063444108,0.008608212081968603,0.011678107051437125,4.0,3.0,-0.009752438109527417,0.0,1256.72,1258.28,0.004430324172008282,0.03818481848184807,0.07026631622819313,0.11661077811812993,0.0179634982218142,-0.005423508029430035,-0.05725943022972335,-0.05350017034219634,1.318618179241572,0.5533635995633758,0.0,0.0,0.0,0.0,0.0,0.0,0.0,0.0
2024-03-04,13.33,13.37,13.16,13.2,6690959,-0.0030211480362538623,0.019305019305019266,0.009946442234123776,0.016166281755196188,-0.012715033657441976,0.016166281755196188,13.124,13.1375,13.101166666666668,13.12837424688454,13.118424312425166,0.009949934459374532,0.015996829029825296,-0.006046894570450764,0.0007537829135889798,-0.00045809807351899725,52.47397117203045,13.1375,0.16855032045791563,13.474600640915831,12.800399359084167,0.05131884162372322,0.5927022859259486,0.2621116012863568,0.01985693949139067,14.620335158517445,23.88047303431349,18.724121790162485,54.838709677419345,47.31182795698928,249579551.0,257621629.2,0.20702363034861565,0.321075525958847,0.35372682232602803,6227592.6,0.17682709698147756,1.0744053809814085,0.01590909090909084,0.004757373929590969,0.007543857417278144,0.0,3.0,-0.003762227238525151,0.0,1264.07,1261.41,0.002487522649966767,0.03042061151637432,0.0729103760344989,0.11598069764116642,-0.005508670686220629,-0.01425432976117813,-0.056744094279302715,-0.05288800961085882,1.2625655254906938,0.5494078453341598,0.0,0.0,0.0,0.0,0.0,0.0,0.0,0.0
2024-03-05,13.29,13.45,13.2,13.24,8423955,0.003030303030303161,0.0,0.022393822393822482,0.006079027355623046,-0.003762227238525151,0.003030303030303161,13.14,13.139499999999998,13.104000000000001,13.145547439671533,13.12742991891219,0.018117520759343364,0.01642096737572891,0.0016965533836144527,0.0013683928065969307,0.0001281384730826626,53.57017507897557,13.139499999999998,0.16956523352740388,13.478630467054806,12.80036953294519,0.05161999574638428,0.6481730628226922,0.2612464869087599,0.019731607772564948,14.768421544072977,24.435472087791005,17.44426030135231,59.13978494623665,57.706093189964236,258003506.0,257503912.15,0.19926718805776458,0.4293658989002846,0.9259289228412821,6465310.9,0.7557446939572203,1.302946622412234,0.0188821752265861,0.0076486928726360315,0.010378510378510342,1.0,3.0,-0.015861027190332444,0.0,1262.89,1269.98,0.006793984509398054,0.026279637321610316,0.07657355995422366,0.11654547284679172,-0.0037636814790948936,-0.02020060996598727,-0.0735432569239205,-0.0683123380134355,1.008626129403045,0.4866836518095731,0.0,0.0,0.0,0.0,0.0,0.0,0.0,0.0
2024-03-06,13.24,13.24,12.95,13.03,5895047,-0.015861027190332444,-0.012878787878787823,-0.015861027190332444,-0.003060443764345888,-0.009878419452887588,0.003079291762894565,13.132,13.141499999999999,13.106,13.127770910491298,13.120212887881657,0.007558022609641668,0.014648378422511463,-0.007090355812869795,0.0005800477827814021,-0.000544156240435134,47.39012921506965,13.141499999999999,0.16793717497026261,13.477374349940524,12.805625650059474,0.05111659246517141,0.33401530956480696,0.26330030927242,0.020207237856670758,13.76719863127006,22.513091700967138,22.853934515916176,36.55913978494623,50.179211469534096,252108459.0,257351177.3,0.19921563689235278,0.43016841015765234,0.9278035110267617,6500328.7,-0.23476004157287256,0.906884447243414,0.022256331542594085,-0.008484571776433358,-0.005798870746223095,2.0,3.0,0.00617760617760621,1.0,1269.8,1262.73,-0.005708751318918459,0.0065202662309196135,0.08453075211928107,0.1049610427332605,-0.010152275871413985,-0.009580709995265502,-0.08145146035638651,-0.07510295138908896,1.0199049934498892,0.49203982391134393,0.0,0.0,0.0,0.0,0.0,0.0,0.0,0.0
2024-03-07,12.95,13.07,12.95,13.03,5548825,0.0,-0.015861027190332444,-0.012878787878787823,0.00617760617760621,-0.009878419452887588,0.003079291762894565,13.148,13.1435,13.100999999999999,13.112729231954175,13.113530451742275,-0.0008012197880997718,0.011558458780389217,-0.01235967856848899,-6.14903904911567e-05,-0.0009485555309661542,47.39012921506965,13.1435,0.16626785618438286,13.476035712368764,12.810964287631235,0.050600785539432404,0.3293416379379209,0.25306457289581863,0.019421686331221693,12.837491640810208,21.750561587689276,22.07985987940067,41.97530864197527,45.89141112438606,252108459.0,257198442.45,0.19921563689235278,0.43016841015765234,0.9278035110267617,6556776.05,-0.3964466081993822,0.8462733754647607,0.009209516500383806,-0.00863544717921405,-0.005419433631020487,3.0,3.0,-0.02583586626139811,0.0,1263.23,1268.46,0.004537787175405761,0.012556576437061429,0.08136263661318655,0.10421590781572548,-0.004537787175405761,-0.006378970259455219,-0.07828334485029198,-0.07239323997310876,0.934473982575606,0.4724659394989301,0.0,0.0,0.0,0.0,0.0,0.0,0.0,0.0
2024-03-08,13.16,13.16,12.78,12.82,8252749,-0.016116653875671405,-0.016116653875671405,-0.031722054380664666,-0.031722054380664666,0.0,-0.013086989992301734,13.063999999999998,13.135,13.094,13.067693965499686,13.09178745531692,-0.02409348981723447,0.00442806906086448,-0.02852155887809895,-0.0018793673804395061,-0.002224770583315051,41.797814847309226,13.135,0.17842881523289128,13.491857630465782,12.778142369534217,0.05433690604732127,0.058647520596867966,0.2621313891175459,0.020447066233817934,12.721834840976625,19.498361315379157,24.42591707581322,17.105263157894843,31.87990386160546,243855710.0,256633070.15,0.20750248079285225,0.4720936494543196,0.5449402815295529,6725537.85,0.6019405879184377,1.2270764337457414,0.029641185647425957,-0.023981728207080333,-0.020925614785397784,4.0,3.0,-0.0031201248049922414,0.0,1272.62,1247.35,-0.01664222758305356,-0.008686460883110314,0.0637925888021833,0.12670606443512417,0.0005255737073821543,-0.023035593497554352,-0.07687957879448504,-0.07226933107425615,0.9215744508606593,0.49095585507875944,0.0,0.0,0.0,0.0,0.0,0.0,0.0,0.0
2024-03-11,12.82,13.03,12.74,12.78,4273388,-0.0031201248049922414,-0.019186492709132752,-0.019186492709132752,-0.03181818181818186,-0.01616628175519641,-0.02218821729150733,12.979999999999999,13.120500000000002,13.087,13.02343335542281,13.068692088256407,-0.04525873283359694,-0.005509291318027804,-0.03974944151556913,-0.003541371896212593,-0.003110284938620433,40.80995534076423,13.120500000000002,0.19500269903703432,13.51050539807407,12.730494601925933,0.0594497767728468,0.06346758060085131,0.2641220041805783,0.020666823488308162,12.77949661082632,17.96916412296728,23.592017832503753,11.84210526315788,23.64089235434268,239582322.0,255635135.3,0.20611673936881236,0.5922312810451535,0.7448023901141024,6720314.1,-0.9624714540849929,0.6358911111014885,0.022691705790297275,-0.0259517548873901,-0.023458393825934176,0.0,3.0,-0.00312989045383405,0.0,1248.32,1235.49,-0.009508157293462105,-0.02054843389540284,0.04167580054971931,0.13016881043631645,0.006388032488469864,-0.011269747922779016,-0.06386401784122664,-0.0613089195386165,0.8904381855842061,0.4858908845737101,0.0,0.0,0.0,0.0,0.0,0.0,0.0,0.0
2024-03-12,12.78,12.82,12.69,12.74,3444891,-0.00312989045383405,-0.006240249609984372,-0.022256331542593988,-0.03776435045317217,-0.03191489361702127,-0.025248661055853105,12.88,13.104,13.080666666666668,12.9798282238193,13.04434452616334,-0.06451630234403893,-0.01731069352323003,-0.0472056088208089,-0.005064073967349995,-0.003705306814820165,39.79703110223616,13.104,0.21266232190504025,13.52932464381008,12.678675356189919,0.06491523867675224,0.0720915713473974,0.2545418610248228,0.019979737914036327,13.042123298878256,17.313647095916426,24.134459533726677,6.578947368421148,11.84210526315797,236137431.0,254464955.9,0.20620639054849782,0.6313464184845207,0.7737903946300355,6721590.8,-1.2897360540703506,0.5125112644465057,0.010204081632653123,-0.02777777777777768,-0.026043524794862716,1.0,3.0,0.0,0.0,1235.4,1245.0,0.0076973508486510855,-0.01966960109608029,0.047556542810985425,0.13168844934133805,-0.010827241302485135,-0.018094749357091877,-0.07280520386683853,-0.06950002304551028,0.8709865293761481,0.4791484014622514,0.0,0.0,0.0,0.0,0.0,0.0,0.0,0.0
2024-03-13,12.91,12.91,12.78,12.91,4821598,0.013343799058084693,0.010172143974960912,0.0070202808112325155,-0.009209516500383708,-0.01224177505738333,-0.016006097560975485,12.856,13.0935,13.078666666666665,12.969085420154792,13.03439307978087,-0.0653076596260771,-0.026910086743799445,-0.03839757288227765,-0.005058687809920767,-0.0029742504169076416,45.938503711304755,13.0935,0.21697137817582304,13.527442756351647,12.659557243648354,0.06628369135092164,0.2885665824419236,0.2485031566659069,0.019248888974895965,12.773757666277616,19.05455053293477,22.955153410335626,28.947368421052722,15.789473684210597,240959029.0,253274677.95,0.21196922902765933,0.5348017884983268,0.31905893256438345,6701492.25,-0.7358793329640422,0.7194812468819911,0.010069713400464817,-0.014014587390690059,-0.012896319706391934,2.0,3.0,-0.006971340046475594,0.0,1250.2,1270.51,0.02048995983935753,0.006161253791388432,0.0600569030395568,0.14530292071026754,-0.007146160781272837,-0.01537077029177214,-0.07606300060053228,-0.07175369584635771,0.8549066652283105,0.4957853366104728,0.0,0.0,0.0,0.0,0.0,0.0,0.0,0.0
2024-03-14,12.91,12.99,12.82,12.82,5155377,-0.006971340046475594,0.006279434850863463,0.003129890453834161,-0.016116653875671405,-0.010038610038609952,-0.0503703703703704,12.813999999999998,13.0595,13.077166666666667,12.94614920166944,13.018512110908212,-0.07236290923877142,-0.03600065124279384,-0.03636225799597758,-0.005644532701932248,-0.00283636957846939,43.41352384010233,13.0595,0.2027307002953694,13.464961400590738,12.654038599409262,0.06209447537665886,0.20465745980867803,0.24289578833262782,0.018946629355119173,12.090027541996436,20.454541404411376,21.807578351634486,17.105263157894843,17.54385964912292,235803652.0,251106799.95,0.181396639590319,0.347154669928461,0.436139969869113,6239429.9,-0.5957960296084305,0.8262577002427738,0.013260530421216842,-0.018339140089589923,-0.019665319959726202,3.0,3.0,0.0,0.0,1276.0,1264.26,-0.004919284381862399,-0.0033111016508207136,0.05135966735966746,0.14795204836871467,-0.002052055664613195,-0.012805552224850691,-0.10173003773003786,-0.09676045304792569,0.8707264115239026,0.4936088420408212,0.0,0.0,0.0,0.0,0.0,0.0,0.0,0.0
2024-03-15,12.82,13.03,12.78,12.82,5861075,0.0,-0.006971340046475594,0.006279434850863463,0.0,-0.031722054380664666,-0.0439970171513796,12.813999999999998,13.030000000000001,13.079333333333333,12.926741632181834,13.003807510100197,-0.07706587791836306,-0.044213696577907684,-0.03285218134045537,-0.00601137893278963,-0.0025625726474614173,43.41352384010233,13.030000000000001,0.1916685735988222,13.413337147197646,12.646662852802356,0.058839163038779,0.22608968171335778,0.24340323202315442,0.018986211546267895,11.65634990122927,18.953905340954453,21.381508593163424,17.105263157894843,21.052631578947484,235803652.0,249191611.5,0.18091771797436734,0.2558465221351358,0.43328522550249843,6279794.1,-0.2325346945638464,0.9333227979560668,0.01950078003120125,-0.016116653875671627,-0.019827718028441743,4.0,3.0,-0.013219284603421477,0.0,1263.76,1263.78,-0.00037966873902517406,0.013171924479897346,0.04470529883442165,0.14771524809841682,0.00037966873902517406,-0.013171924479897346,-0.08870231598580125,-0.08490654358197136,0.8443489400291769,0.48435985761529315,0.0,0.0,0.0,0.0,0.0,0.0,0.0,0.0
2024-03-18,12.86,12.99,12.4,12.69,9919901,-0.010140405616224757,-0.010140405616224757,-0.017041053446940402,-0.007042253521126751,-0.03863636363636358,-0.05086013462976813,12.796,12.996,13.0785,12.890319842615398,12.980562509352033,-0.09024266673663561,-0.05341949060965327,-0.03682317612698234,-0.00711132125584205,-0.0029017475277369853,39.7531701505615,12.996,0.1884675038306127,13.372935007661226,12.619064992338775,0.058007849747803306,0.09409448077183973,0.2681601440215005,0.021131611034003194,12.793774664222619,15.975193765460084,28.143169088094655,27.619047619047567,20.6098579782791,225883751.0,247105705.05,0.18310686290014813,0.33107235376443284,0.30585824703144515,6450512.1,1.755341704879827,1.5378470493838776,0.04649330181245074,-0.023545706371191244,-0.029705241426769113,0.0,3.0,0.003162055335968361,1.0,1266.11,1243.56,-0.015999620187057917,0.006531821382609326,0.015175881858331186,0.15572944781197834,0.00585921457083316,-0.013574074903736078,-0.06603601648809931,-0.06504884293273105,0.8491224260607334,0.5047927469773209,0.0,0.0,0.0,0.0,0.0,0.0,0.0,0.0
2024-03-19,12.65,12.91,12.61,12.69,12232394,0.0,-0.010140405616224757,-0.010140405616224757,-0.00392464678178972,-0.041540785498489496,-0.04514672686230248,12.785999999999998,12.966,13.078499999999998,12.859501405289953,12.959039360511142,-0.09953795522118902,-0.06264318353196043,-0.0368947716892286,-0.007843810498123643,-0.002907389416014862,39.7531701505615,12.966,0.18695341384288408,13.339906827685768,12.59209317231423,0.057674969564363514,0.13092409717648934,0.27043441944853625,0.02131082895575542,13.849954801287872,14.709357924791234,25.913172217650565,27.619047619047567,24.11445279866334,225883751.0,245384045.35,0.18284748495282557,0.24807024990190552,0.28992471661108005,6697885.05,2.346126128223802,1.826306947444552,0.023640661938534337,-0.021286441462285977,-0.029705241426769002,1.0,3.0,0.007092198581560183,1.0,1246.54,1242.46,-0.0008845572388946898,-0.002040160642570288,0.01008080906622455,0.15531588355140635,0.0008845572388946898,-0.0018844861392194323,-0.05522753592852703,-0.054676354042982434,0.8692874701433102,0.5067624227666827,0.0,0.0,0.0,0.0,0.0,0.0,0.0,0.0
2024-03-20,12.69,12.78,12.61,12.78,6004436,0.007092198581560183,0.007092198581560183,-0.0031201248049922414,-0.010069713400464808,-0.019186492709132752,-0.028875379939209744,12.76,12.947,13.077166666666667,12.84727041986073,12.945777185658464,-0.09850676579773499,-0.06981589998511534,-0.028690865812619648,-0.007707884647710093,-0.0022449816754788457,43.57307809846818,12.947,0.18550358203416856,13.318007164068336,12.575992835931663,0.057311680554311635,0.27493696055793704,0.26326053234506935,0.020599415676453,14.830693499991321,14.0308907411506,24.717930585514296,36.19047619047613,30.47619047619044,231888187.0,244273951.4,0.18343101364443218,0.04895000520769036,0.1975341829269088,6686762.9,-0.28889398861570287,0.8979585622813094,0.013302034428794988,-0.012898741021085902,-0.022724086512114106,2.0,3.0,0.01950078003120126,1.0,1243.79,1260.08,0.014181543067784741,-0.008209301776452071,0.02442197001723523,0.1626368119551008,-0.007089344486224558,-0.0018604116240127366,-0.05329734995644497,-0.052026754127059816,0.8499930873196037,0.5106707910314717,0.0,0.0,0.0,0.0,0.0,0.0,0.0,0.0
2024-03-21,12.82,13.07,12.74,13.07,16997709,0.022691705790297334,0.029944838455476797,0.029944838455476797,0.01950078003120126,0.003069838833461347,-0.006838905775075954,12.809999999999999,12.942499999999999,13.080666666666668,12.881536509112925,12.954978875609688,-0.07344236649676361,-0.070541193287445,-0.002901173209318611,-0.005619155814595532,-0.00022197193644365806,53.749119682037126,12.942499999999999,0.18110407011071047,13.30470814022142,12.580291859778578,0.05597189727199861,0.6760037749594189,0.2680276371775644,0.020507087771810588,14.10615998774051,20.52537187324684,22.54413634039325,63.809523809523874,42.53968253968254,248885896.0,244013742.9,0.20242978456032104,0.1333137519012437,-0.22336779024025608,7271951.8,2.971673234778697,2.337434222267535,0.025248661055853102,0.009851265211512583,-0.000815452831150365,3.0,3.0,-0.009848484848484773,0.0,1269.96,1276.42,0.012967430639324595,0.009618274721971742,0.04001434030522044,0.16720145018091911,0.009724275150972739,0.009882505309229517,-0.046853246080296396,-0.045050576962761935,0.8950676690710978,0.5316323389789112,0.0,0.0,0.0,0.0,0.0,0.0,0.0,0.0
2024-03-22,13.2,13.33,13.03,13.07,14831065,0.0,0.022691705790297334,0.029944838455476797,0.01950078003120126,0.01950078003120126,0.01950078003120126,12.86,12.954999999999998,13.082666666666666,12.910530892326321,12.96349895889786,-0.052968066571539296,-0.06702656794426386,0.01405850137272456,-0.004052644726208057,0.0010756313215550544,53.749119682037126,12.954999999999998,0.1808314132006372,13.316662826401272,12.593337173598725,0.055833705349482614,0.6589878632873465,0.270311377379167,0.020681819233295103,13.867992623018807,25.768634193910913,20.756980207531186,63.809523809523874,54.603174603174644,248885896.0,244258803.8,0.17850579924431553,0.49732370604019444,-0.3781072063922947,7508235.65,2.0126910267061735,1.9753062758492401,0.02295332823259378,0.008876881512929424,-0.0009682022013860481,4.0,3.0,-0.009063444108761365,0.0,1281.56,1281.8,0.004214913586436886,0.014258810868980287,0.057590759075907494,0.1582741133267467,-0.004214913586436886,0.005241969162220972,-0.038089979044706235,-0.03601580168683416,0.8964817392420343,0.5339376734557387,0.0,0.0,0.0,0.0,0.0,0.0,0.0,0.0
2024-03-25,13.24,13.41,13.07,13.12,17488590,0.0038255547054322214,0.0038255547054322214,0.026604068857589924,0.03388494877856574,0.026604068857589924,0.010007698229407058,12.946000000000002,12.961499999999997,13.089,12.942756908891502,12.97509162860913,-0.032334719717628246,-0.06008819829893674,0.027753478581308492,-0.0024645365638436166,0.0021153565991850988,55.358907729334845,12.961499999999997,0.18445581413596326,13.330411628271923,12.592588371728072,0.056924218380885835,0.7148210951528629,0.27528913613779793,0.020982403669039477,13.944152336518599,25.571092376966075,18.92582152896278,71.2871287128712,66.30205877730633,266374486.0,245066567.2,0.17298537352324903,0.6090984516219632,0.04552048217955761,8070938.15,2.2159951827123168,2.166859623376001,0.025914634146341455,0.012228522933302566,0.0023684009473603496,0.0,3.0,-0.003039513677811634,0.0,1278.86,1267.86,-0.010875331564986768,0.019540673550130228,0.03568948757117063,0.16301437849985623,0.014700886270418989,0.01434427522843551,-0.025681789341763572,-0.02479680410968621,0.8281596483707162,0.5138423027272314,0.0,0.0,0.0,0.0,0.0,0.0,0.0,0.0
2024-03-26,13.16,13.16,12.99,13.12,7330318,0.0,0.0038255547054322214,0.0038255547054322214,0.03388494877856574,0.029827315541601118,-0.003039513677811634,13.032,12.9595,13.094,12.970025076754347,12.985825582045491,-0.015800505291144518,-0.0512306596973783,0.03543015440623378,-0.0012043068057274785,0.0027004690858409897,55.358907729334845,12.9595,0.18239560821159229,13.324291216423184,12.594708783576817,0.05629711276255776,0.7199888494763093,0.26776848355652666,0.020409183197905998,13.622171515134136,24.411485698853213,20.201606564429998,71.2871287128712,68.79459374508876,266374486.0,245592988.1,0.16652678898622528,0.7912281924576821,0.6994715819781762,8156111.55,-0.19590758959554264,0.8987515625629225,0.012957317073170728,0.01238473706547305,0.0019856422789064077,1.0,3.0,0.003030303030303161,1.0,1267.95,1282.21,0.011318284353162067,0.03199298166540565,0.03616278505971904,0.1633624500484225,-0.011318284353162067,0.0018919671131600868,-0.03920229873753067,-0.037834111881629884,0.8175075192030401,0.505330576810735,0.0,0.0,0.0,0.0,0.0,0.0,0.0,0.0
2024-03-27,13.2,13.41,13.16,13.24,9742041,0.009146341463414753,0.009146341463414753,0.013006885998469775,0.03599374021909241,0.025561580170410547,0.013006885998469775,13.124,12.968,13.096,13.0115596803306,13.004653316708788,0.006906363621812517,-0.03960325503354014,0.04650961865535266,0.0005216286723423351,0.003512811076688267,59.301713870572925,12.968,0.19154771289663017,13.351095425793261,12.584904574206739,0.05908319336725186,0.8550029335860383,0.2693564490167748,0.020344142674982992,14.220153846822308,29.163730543595435,18.648044911123776,83.16831683168317,75.2475247524752,276116527.0,246829428.65,0.16761086654359242,0.5776185053614138,0.3580834334589778,8420296.0,0.31956300792955444,1.1569713226233378,0.0188821752265861,0.020974706971005563,0.010995723885155684,2.0,3.0,-0.015753938484621255,0.0,1286.34,1283.09,0.0006863150341986923,0.018260745349501617,0.02274919293770683,0.1571178912429966,0.008460026429216061,0.01773299486959079,-0.009742306939237055,-0.009525607066238395,0.8010580728869835,0.508376923031751,0.0,0.0,0.0,0.0,0.0,0.0,0.0,0.0
2024-03-28,13.33,13.33,13.07,13.12,5754389,-0.009063444108761365,0.0,0.0,0.0038255547054322214,0.023400936037441422,0.013127413127413057,13.134,12.976500000000001,13.0975,13.028242806433585,13.0131975154711,0.01504529096248497,-0.02867354583433512,0.04371883679682009,0.0011467447379942812,0.0033322284143917757,54.15106117076575,12.976500000000001,0.19445673311246506,13.36541346622493,12.587586533775072,0.05994119619696056,0.6844883405464341,0.2686881312298623,0.02047927829495902,14.330887597420304,27.14796551449773,19.7516898969893,71.2871287128712,75.2475247524752,270362138.0,248043369.95,0.16751919442058005,0.5784031110207533,0.3624199372247821,8442795.25,-0.6526128953939329,0.681573913568495,0.019817073170731694,0.011058451816745585,0.0017178850925747557,3.0,3.0,-0.009908536585365724,0.0,1293.03,1290.18,0.005525723059177645,0.010780150734084337,0.029894709953461662,0.15752444694446172,-0.01458916716793901,-0.006954596028652116,-0.016767296826048605,-0.016280593214044403,0.7859810570056566,0.49802498158388925,0.0,0.0,0.0,0.0,0.0,0.0,0.0,0.0
2024-03-29,13.12,13.16,12.95,12.99,5857590,-0.009908536585365724,-0.018882175226586084,-0.009908536585365724,-0.006120887528691665,0.013260530421216776,-0.018882175226586084,13.118,12.963999999999999,13.097499999999998,13.022359297751494,13.01147918099176,0.010880116759734548,-0.020762813315521187,0.03164293007525573,0.0008375763479395341,0.0024359453483645674,49.16874863279898,12.963999999999999,0.1844023061852967,13.332804612370593,12.595195387629404,0.05689673131295807,0.5352490168613665,0.2644961218563008,0.0203615182337414,13.869310980784356,25.60836077526942,21.872203062746564,58.415841584158414,70.95709570957094,264504548.0,248455071.85,0.1504184205316661,0.5894270849711442,0.8495424240337295,8226314.85,-0.5726147175203363,0.7120551676915211,0.016166281755196372,0.002005553841406993,-0.00820767322007998,4.0,3.0,0.0,0.0,1292.7,1284.09,-0.004720271590010761,0.0017865501638321124,0.02051212766633803,0.15862764253236306,-0.005188264995354963,-0.007907437692523778,-0.039394302892924116,-0.038602483816639444,0.8025216690502827,0.5082933097893806,0.0,0.0,0.0,0.0,0.0,0.0,0.0,0.0
2024-04-01,13.03,13.29,12.95,13.03,8413090,0.003079291762894565,-0.006859756097560954,-0.015861027190332444,-0.006859756097560954,0.026792750197005555,-0.012878787878787823,13.1,12.9555,13.0975,13.02353479040511,13.01285109351089,0.010683696894220773,-0.014473511273572796,0.02515720816779357,0.0008199306902702052,0.001930714364374027,50.67262899181704,12.9555,0.17670894892935837,13.308917897858718,12.602082102141283,0.054558743060278254,0.6053993027112917,0.26988925600942215,0.020712912970792186,13.926070153691436,26.74458272049213,19.904054785060236,62.37623762376229,64.02640264026398,272917638.0,249621976.2,0.15084099518149116,0.482415915332494,0.7176320327858743,8312421.4,0.024428587571040463,1.012110622784355,0.026093630084420557,0.005750453475357853,-0.005153655277724822,0.0,4.0,0.0069071373752878085,1.0,1282.37,1281.52,-0.002001417346136125,0.010774060227469962,0.01594247706931129,0.15889310480267113,0.00508070910903069,-0.017633816325030915,-0.028821264948099112,-0.028368992928851422,0.7963114719270201,0.5055175752654197,0.0,0.0,0.0,0.0,0.0,0.0,0.0,0.0
2024-04-02,13.03,13.12,12.91,13.12,7141002,0.0069071373752878085,0.010007698229407058,0.0,0.0,0.03388494877856574,-0.009063444108761365,13.1,12.9495,13.096833333333334,13.038375591881247,13.02078804954712,0.017587542334126738,-0.00806130055203289,0.02564884288615963,0.0013405138974181966,0.001954942293152411,53.9722880923048,12.9495,0.16838161544893165,13.286263230897864,12.612736769102137,0.05201177356621705,0.7531452135457587,0.2656114520087491,0.0202447753055449,13.783384083514942,25.234223367484393,19.855688888317204,71.2871287128712,64.02640264026398,280058640.0,250724732.9,0.15269656544740307,0.4225583621850384,0.49443596079818397,8248273.75,-0.2681640212450309,0.8657571531255253,0.01600609756097554,0.01316653152631364,0.0017688754279023833,1.0,4.0,0.006079027355623046,1.0,1276.38,1287.04,0.004307384980335893,0.003766933653613691,0.013433282413896297,0.15789906366094333,0.0025997523949519152,-0.003766933653613691,-0.022496726522657662,-0.022198527434457938,0.8012691524063024,0.510538664456377,0.0,0.0,0.0,0.0,0.0,0.0,0.0,0.0
2024-04-03,13.16,13.66,13.16,13.24,24838779,0.009146341463414753,0.016116653875671627,0.019245573518090753,0.0,0.03599374021909241,0.016116653875671627,13.1,12.959999999999999,13.089833333333335,13.069394731591824,13.037025971802889,0.03236875978893572,2.4711516160831952e-05,0.032344048272774886,0.002444770376807834,0.00244290394809478,58.00588891422076,12.959999999999999,0.1798244758240742,13.319648951648148,12.60035104835185,0.055501381427183444,0.8892684779378008,0.28521063400812424,0.021541588671308478,15.270897359233905,35.345427050325746,17.170437378128348,66.66666666666667,66.77667766776673,304897419.0,253364180.9,0.14473159821725265,0.388003254431798,0.53162396363217,9195460.35,2.8418888773105633,2.7012001634045437,0.0377643504531722,0.021604938271605034,0.011472007537656426,2.0,4.0,-0.012878787878787823,0.0,1285.3,1271.47,-0.01209752610641468,-0.009056262616028432,0.006921511328629171,0.16289546380702027,0.021243867569829433,0.009056262616028432,0.009195142547042456,0.009131935750294584,0.6403237921769402,0.4534011673637997,0.0,0.0,0.0,0.0,0.0,0.0,0.0,0.0
2024-04-04,13.2,13.33,13.03,13.03,7081073,-0.015861027190332444,-0.006859756097560954,0.0,-0.006859756097560954,-0.003060443764345888,0.0,13.081999999999999,12.959999999999999,13.082833333333333,13.06333400365462,13.036505529447119,0.026828474207501785,0.0053854640544290224,0.02144301015307276,0.0020589772991175584,0.0016456646318551622,49.78376527606778,12.959999999999999,0.1798244758240742,13.319648951648148,12.60035104835185,0.055501381427183444,0.5973171194844502,0.28626701729325826,0.021969840160649137,16.050404278378384,32.69963845971991,19.128865876302388,49.99999999999993,62.65126512651261,297816346.0,255649575.25,0.15642916262408696,0.29156704292766744,0.10233093788373009,9272072.75,-0.4011629739730591,0.763699033746257,0.02302379125095938,0.005401234567901314,-0.004038370893155174,3.0,4.0,-0.01616628175519641,0.0,1271.87,1268.25,-0.002532501749943017,-0.016997628237920392,-0.00016555508254101348,0.1624432395811126,-0.013328525440389427,0.010137872140359439,0.00016555508254101348,0.00016558249556464233,0.6752621883856809,0.477779660131014,0.0,0.0,0.0,0.0,0.0,0.0,0.0,0.0
2024-04-05,12.99,12.99,12.78,12.78,9189320,-0.019186492709132752,-0.03474320241691853,-0.02591463414634143,-0.01616628175519641,-0.02218821729150733,-0.0031201248049922414,13.040000000000001,12.958000000000002,13.0695,13.019744156938525,13.017505119858443,0.00223903708008244,0.004756178659559706,-0.002517141579477266,0.00017519851956826604,-0.0001969594350138706,42.12800677233096,12.958000000000002,0.18167640405295754,13.321352808105917,12.594647191894087,0.05608161878467593,0.25505900046860713,0.2836765160580255,0.022196910489673358,15.740037473495864,30.641230088571202,24.219620004044973,16.190476190476172,44.28571428571427,288627026.0,257888141.05,0.16095023277249165,0.15589781452376922,0.1886582185464478,9318901.3,-0.023748353753421464,0.9860947878050816,0.016431924882629175,-0.013736687760457111,-0.022150809135774163,4.0,4.0,-0.010140405616224757,0.0,1258.58,1255.11,-0.010360733293908964,-0.022568511552928494,0.006221188920511489,0.1552580297151735,-0.008825759415223788,0.006402229797732084,-0.00934131372550373,-0.009283558951412307,0.7042958018681819,0.49974318797858736,0.0,0.0,0.0,0.0,0.0,0.0,0.0,0.0
2024-04-08,12.82,12.86,12.69,12.69,7845834,-0.007042253521126751,-0.02609363008442056,-0.041540785498489496,-0.02609363008442056,-0.032774390243902385,-0.007042253521126751,12.972,12.9535,13.054666666666668,12.969014286640292,12.99324548135041,-0.024231194710118586,-0.0010412960143759526,-0.023189898695742634,-0.0019094716083623787,-0.0018274151848496954,39.75767752102397,12.9535,0.18734361899751728,13.328187237995035,12.578812762004965,0.05785111946501486,0.14837339882457892,0.2755567649110237,0.02171448108045892,15.11201367372039,29.290974435195842,25.48528211619218,7.61904761904762,24.60317460317459,280781192.0,259948084.55,0.1625184375131605,0.19860171594259712,0.07728359173670975,9497523.6,-0.30931694231546153,0.826092603760416,0.013396375098502753,-0.020341992511676454,-0.02793381677050366,0.0,4.0,0.006279434850863463,1.0,1255.37,1250.35,-0.00379249627522682,-0.02432267931830956,0.01202761657318141,0.15172739054221804,-0.0032497572458999313,-0.0017709507661110013,-0.01906987009430816,-0.018843230937590882,0.7089451489624403,0.5028333776009081,0.0,0.0,0.0,0.0,0.0,0.0,0.0,0.0
2024-04-09,12.74,12.82,12.65,12.82,4477274,0.010244286840031647,0.003129890453834161,-0.016116653875671405,-0.02286585365853655,-0.02286585365853655,0.006279434850863463,12.912,12.9575,13.044833333333333,12.946089011772555,12.980412482731861,-0.03432347095930588,-0.0076977310033619385,-0.02662573995594394,-0.002677337828338992,-0.002076890792195315,44.60594373432252,12.9575,0.18335685654549447,13.32421371309099,12.59078628690901,0.05660254109064089,0.3125240547441942,0.26801699598880774,0.020906161933604346,14.376235365977163,27.96390890030522,25.396668876645812,16.83168316831683,13.547068992613555,285258466.0,262404136.3,0.16632285866844831,0.03304699863278212,-0.21259868655093309,9549142.75,-0.9600549927149361,0.4688665901449635,0.013260530421216842,-0.01061161489484852,-0.017235431652378286,1.0,4.0,-0.013219284603421477,0.0,1252.4,1262.82,0.00997320750189945,-0.01881837394331176,0.014313253012048222,0.1533376633324862,0.0002710793381321963,-0.004047479715224789,-0.008033818161184758,-0.007920450745692253,0.7133424192823207,0.5108830428088638,0.0,0.0,0.0,0.0,0.0,0.0,0.0,0.0
2024-04-10,12.86,12.91,12.69,12.69,4943608,-0.010140405616224757,0.0,-0.007042253521126751,-0.041540785498489496,-0.041540785498489496,-0.017041053446940402,12.802000000000001,12.9465,13.037,12.906690702269085,12.958900446973946,-0.05220974470486084,-0.01660013374366172,-0.03560961096119912,-0.004114243081549318,-0.0028061159149881105,41.048283749451414,12.9465,0.19271672693942396,13.331933453878849,12.561066546121152,0.05954249470958919,0.16725773616860787,0.2645872105610358,0.02085005599377745,14.006950880972111,28.732745339066348,23.888317395587897,3.960396039603877,9.470375608989457,280314858.0,264371927.75,0.162871898565956,0.23727797902579034,-0.001067307472889077,9555243.25,-0.8738767280710841,0.5173712348976568,0.017336485421591857,-0.019812304483837417,-0.026616552887934408,2.0,4.0,0.003172085646312439,1.0,1266.48,1258.56,-0.003373402385138058,-0.010153601736572648,-0.009405671738120902,0.1348899892769325,-0.006767003231086699,-0.03138718376191685,-0.0076353817088195,-0.0077078794931289,0.7266772299128483,0.5304650400633729,0.0,0.0,0.0,0.0,0.0,0.0,0.0,0.0
2024-04-11,12.61,12.74,12.57,12.65,7167087,-0.0031520882584711307,-0.013260530421216887,-0.0031520882584711307,-0.029163468917881685,-0.035823170731707266,-0.013260530421216887,12.725999999999999,12.937999999999999,13.027166666666666,12.867199824996918,12.936018932383282,-0.06881910738636421,-0.027043928472202217,-0.04177517891416199,-0.005440245643190847,-0.0033023856849139915,39.991370560297526,12.937999999999999,0.20210992319223312,13.342219846384465,12.533780153615533,0.06248567728929757,0.14375821403129127,0.2578309812352475,0.020381895749821938,13.179034917322081,27.379542476078992,26.08770564950607,7.339449541284411,9.377176249735053,273147771.0,266239133.7,0.1615139065683307,0.1930213152015782,0.08911559172024294,9655828.75,-0.47790097649642294,0.7422549825150948,0.013438735177865606,-0.02226000927500371,-0.028952317592722876,3.0,4.0,0.0,0.0,1249.88,1258.2,-0.00028604118993125205,-0.007924305144884625,-0.0047933178301931,0.1338470855294543,-0.0028660470685398787,-0.02123916377299706,-0.008467212591023787,-0.008507994110894757,0.7287465312757493,0.5335731631286947,0.0,0.0,0.0,0.0,0.0,0.0,0.0,0.0
2024-04-12,12.74,12.82,12.69,12.74,4953075,0.007114624505928813,0.003940110323089163,-0.006240249609984372,-0.00312989045383405,-0.019245573518090864,-0.006240249609984372,12.718,12.934000000000001,13.023,12.847630621151238,12.921499011466002,-0.07386839031476455,-0.03640882084071469,-0.03745956947404987,-0.005798146806496433,-0.0029403115756711042,43.51541561919013,12.934000000000001,0.2053341307802882,13.344668261560578,12.523331738439424,0.06350212796668887,0.2637996186230912,0.25155733971844413,0.019745474075231095,12.708112309532833,28.32947579455109,24.828432979341027,15.596330275229354,8.965391952039228,278100846.0,268353993.4,0.16383276895093263,0.09458348886606417,-0.11511279566279495,9610428.75,-0.8877423793429192,0.5153854348069539,0.010204081632653123,-0.014999226843977143,-0.021730783997542802,4.0,4.0,-0.06985871271585564,0.0,1262.96,1276.6,0.014624066126212032,0.01712200524256846,0.010144170662615304,0.14381414953411048,-0.007509441620283219,-0.02025189569640251,-0.016384420272599676,-0.01621988301120636,0.6964006075982717,0.5276591278933217,0.0,0.0,0.0,0.0,0.0,0.0,0.0,0.0
2024-04-15,12.74,12.78,11.85,11.85,12543913,-0.06985871271585564,-0.06324110671936767,-0.06619385342789597,-0.06619385342789597,-0.09056024558710662,-0.06619385342789597,12.55,12.892000000000001,13.005333333333335,12.69414898712797,12.842128714320372,-0.1479797271924017,-0.058723002111052094,-0.08925672508134962,-0.012487740691341917,-0.007532213087033723,26.772078652917102,12.892000000000001,0.3146694171752312,13.521338834350464,12.262661165649538,0.09763245956414258,-0.3278529332100121,0.3000175297385552,0.025317934999034196,13.810243773031765,22.056886962850967,39.32986117976541,0.0,7.645259938837936,265556933.0,270337652.5,0.2956757287941252,-2.48682319753144,8.677182967615794,9741629.35,0.5300239420105581,1.2876606724931492,0.07848101265822782,-0.08082531802668336,-0.08883534960016415,0.0,4.0,-0.02825342465753422,0.0,1274.02,1216.61,-0.046992010026633224,-0.02698444435558045,-0.021671652352922344,0.21537339421431037,-0.022866702689222418,-0.039209409072315515,-0.04452220107497362,-0.04550844425805656,0.9700280517049659,0.7129415827480435,0.0,0.0,0.0,0.0,0.0,0.0,0.0,0.0
2024-04-16,11.68,11.81,11.13,11.35,12090638,-0.04219409282700426,-0.10910518053375196,-0.1027667984189724,-0.11466458658346335,-0.13490853658536583,-0.10559495665878649,12.256,12.825,12.976666666666665,12.48735683526213,12.731600661407752,-0.24424382614562212,-0.09582716691796611,-0.148416659227656,-0.02151927983661869,-0.013076357641203172,21.7166650199335,12.825,0.4661431901083011,13.757286380216602,11.892713619783397,0.1453857902871895,-0.29106593816017445,0.33001627761437263,0.029076324018887458,16.020388138116186,18.619619580584416,48.78448138957135,8.695652173913,8.097327483047465,253466295.0,271716779.7,0.3259153204367957,-1.9124718329484973,4.61332992473076,9734541.55,0.44592061791708143,1.242034659557234,0.05991189427312773,-0.1150097465886939,-0.125353198047778,1.0,4.0,-0.02974628171478566,0.0,1218.64,1215.68,-0.0007644191647281362,-0.03732915221488409,-0.021554013811309836,0.21537471392532598,-0.04142967366227612,-0.07733543436857926,-0.08404094284747665,-0.08589226593369625,0.9718766988788887,0.6712091386320326,0.0,0.0,0.0,0.0,0.0,0.0,0.0,0.0
2024-04-17,11.43,11.56,11.09,11.09,6373405,-0.022907488986784075,-0.06413502109704639,-0.1295133437990581,-0.12608353033884945,-0.16238670694864055,-0.13223787167449141,11.936,12.7405,12.944999999999999,12.272378860606418,12.610000612414586,-0.3376217518081681,-0.1441860838960065,-0.1934356679121616,-0.03044380088441552,-0.01744235057819311,19.6398371099679,12.7405,0.6067122356127608,13.953924471225523,11.527075528774478,0.1904830220518068,-0.18010001410843698,0.34001511492763176,0.03065961360934461,18.12650631530257,16.78120945899378,44.808039204235975,0.0,2.898550724637681,247092890.0,272477014.85,0.3281050794678608,-1.6806590619554993,3.7798067579036503,9752990.0,-0.6412161355082596,0.6534821629059396,0.042380522993688066,-0.12954750598485154,-0.14329857087678632,2.0,4.0,-0.0391978122151323,0.0,1221.47,1193.01,-0.018647999473545673,-0.05208333333333326,-0.053226779252110945,0.21620731028155238,-0.004259489513238401,-0.07400019700551619,-0.07901109242238047,-0.08345302833974,0.9766730222056345,0.6837854030600258,0.0,0.0,0.0,0.0,0.0,0.0,0.0,0.0
2024-04-19,10.97,10.97,10.42,10.54,9675295,-0.04959422903516686,-0.07136563876651991,-0.11054852320675113,-0.16679841897233205,-0.1910974673829624,-0.19357306809487385,11.514,12.613999999999999,12.901333333333332,12.005859035897739,12.456667233717209,-0.45080819781946957,-0.20551050668069915,-0.24529769113877042,-0.042771176263706794,-0.02327302572474103,16.126488694639235,12.613999999999999,0.7748507496354695,14.163701499270939,11.064298500729059,0.24571135234991914,-0.1691611258605987,0.36358546386137236,0.034495774559902506,20.850950416736442,14.572373247926473,52.0727123413771,3.7037037037036793,4.133118625872241,237417595.0,271903599.8,0.3418044593940255,-1.529921037423325,2.0378243585963274,9386869.3,0.05782887294029044,1.030726506440225,0.05218216318785586,-0.16442048517520214,-0.18303017775940467,4.0,4.0,-0.0037209302325580396,0.0,1180.87,1174.85,-0.015222001492024462,-0.06624542997933569,-0.07957412137070885,0.2123357564096515,-0.0343722275431424,-0.10055298899299636,-0.113998946724165,-0.12385456490416535,1.040158930153558,0.6922449451593947,0.0,0.0,0.0,0.0,0.0,0.0,0.0,0.0
2024-04-22,10.75,10.8,10.54,10.71,6021723,0.016129032258064724,-0.03426510369702429,-0.05638766519823779,-0.15934065934065933,-0.1619718309859154,-0.18056618209640396,11.108,12.495999999999999,12.862,11.806496107298088,12.327284475664083,-0.5207883683659951,-0.26856607901775836,-0.2522222893482367,-0.04862636492679692,-0.02355016707266449,20.840158638042666,12.495999999999999,0.874982105080237,14.245964210160473,10.746035789839524,0.28008390047382753,-0.010296150524192454,0.3561865021569887,0.033257376485246376,23.380791368067893,13.81257525656187,49.35766095141116,8.950617283950645,4.218106995884789,243439318.0,271631270.9,0.35297112552471416,-1.4161894730762432,1.7522672894891507,8946402.2,-0.6006665645449549,0.6730887864621156,0.02427637721755383,-0.14292573623559524,-0.1673145700513139,0.0,4.0,-0.039069767441860415,0.0,1183.77,1190.22,0.013082521172915751,-0.06766410778630727,-0.07144640349508502,0.21913825057205327,0.003046511085148973,-0.09167655155435206,-0.10911977860131894,-0.1175158644714176,1.0737170941780287,0.7090918435518813,0.0,0.0,0.0,0.0,0.0,0.0,0.0,0.0
2024-04-23,10.75,10.8,10.25,10.33,5875745,-0.03548085901027087,-0.01992409867172662,-0.06853020739404869,-0.12827004219409277,-0.18597320724980293,-0.21265243902439024,10.803999999999998,12.3565,12.816333333333334,11.579342860021459,12.179337477466744,-0.5999946174452848,-0.33485178670326365,-0.26514283074202116,-0.058082731601673265,-0.025667263382577073,18.35674340599111,12.3565,0.98566715317201,14.32783430634402,10.385165693655981,0.31907648708679953,-0.013991968150315906,0.37003032343148956,0.03582094128087992,26.01168616937669,12.346109265215391,49.715408944204455,2.346041055718477,5.000120681124281,237563573.0,270190725.25,0.3605394761793912,-1.1377956205462763,0.8850949156969589,8365759.95,-0.556664530821346,0.7023563950098759,0.05324298160697006,-0.16400275158823296,-0.1939972431012511,1.0,4.0,0.027724665391969383,1.0,1190.56,1177.4,-0.010771117944581632,-0.032228898332250955,-0.07134857160885255,0.21909271622035809,-0.02470974106568924,-0.09604114386184182,-0.1413038674155377,-0.152160286513898,1.1051924949241387,0.7133686736245625,0.0,0.0,0.0,0.0,0.0,0.0,0.0,0.0
2024-04-24,10.46,10.8,10.42,10.75,5376074,0.04065827686350443,0.0037348272642390157,0.019924098671726842,-0.052863436123347984,-0.1614664586583463,-0.18064024390243894,10.684000000000001,12.238,12.774833333333333,11.451751650787388,12.073460627284023,-0.6217089764966346,-0.3922232246619379,-0.22948575183469672,-0.05783339316247764,-0.021347511798576437,28.498513637446493,12.238,1.030490940740127,14.298981881480254,10.177018118519745,0.3368167807616039,0.1390070156921329,0.37717101461495467,0.03508567577813532,28.454659913449145,11.247200522836653,45.29031466177772,16.233766233766232,9.176808191145133,242939647.0,269018983.3,0.4041807213095083,-0.5733709778717502,0.7176277217317897,8268047.75,-0.640096746111753,0.6502229017726706,0.035348837209302396,-0.1215884948521,-0.15850174170569742,2.0,4.0,-0.012037037037037068,0.0,1186.47,1205.61,0.023959571938168667,-0.008283429849960666,-0.059740604113210916,0.2345599513795524,0.01669870492533576,-0.04458000627338732,-0.12089963978922802,-0.12858115570884954,1.1760528950902727,0.7511750572931355,0.0,0.0,0.0,0.0,0.0,0.0,0.0,0.0
2024-04-25,10.8,10.92,10.63,10.67,3628297,-0.007441860465116301,0.03291384317521784,-0.0037348272642391267,-0.03787195671776378,-0.15918045705279749,-0.1941087613293051,10.6,12.1095,12.734,11.331482166050867,11.96950058081854,-0.6380184147676733,-0.441382262683085,-0.1966361520845883,-0.059795540278132456,-0.018428880232857384,27.790383039761053,12.1095,1.0588150029756913,14.227130005951384,9.991869994048617,0.3497468939182268,0.1601153185508251,0.3709445135710293,0.03476518402727547,30.248315069120494,12.929837977204702,42.76121264335866,15.328467153284668,11.302758147589806,239311350.0,267178724.45,0.3982224571655594,-0.513602670504945,0.8627406273428904,7962360.55,-0.9383626711633002,0.45568107312096034,0.02717900656044978,-0.11887361162723487,-0.16208575467253028,3.0,4.0,0.012333965844402384,1.0,1206.25,1204.97,-0.0005308516020934295,0.010025062656641603,-0.06088427156317944,0.2343479918688053,-0.006911008863022872,-0.04789701937440538,-0.13322448976612566,-0.1418616318862861,1.1760638177271505,0.7506203262809088,0.0,0.0,0.0,0.0,0.0,0.0,0.0,0.0
2024-04-26,10.54,10.71,10.54,10.67,3035531,0.0,-0.007441860465116301,0.03291384317521784,0.012333965844402384,-0.15652173913043477,-0.1867378048780487,10.626000000000001,11.987,12.693999999999999,11.229715678966118,11.873241278535685,-0.6435255995695677,-0.48181093006038156,-0.16171466950918612,-0.060311677560409345,-0.015156014012107415,27.790383039761053,11.987,1.0773168424133448,14.14163368482669,9.83236631517331,0.35949506712716944,0.1943796039961349,0.3565913340302416,0.033419993817267256,32.02139911275113,12.48954355483892,43.107866739173076,15.789473684210522,15.783902357087156,239311350.0,265626185.05,0.39993017053211727,-0.5628802814689293,0.8375191684439054,7826417.65,-1.0137454643694053,0.38785701654958316,0.015932521087160423,-0.10986902477684157,-0.15944540727902945,4.0,4.0,0.0036900369003691758,1.0,1199.83,1209.52,0.0037760276189449105,0.029510150231944587,-0.06251840828411548,0.23358170234272915,-0.0037760276189449105,-0.017176184387542204,-0.12421939659393322,-0.1325032914689801,1.1768442172362201,0.751039714098398,0.0,0.0,0.0,0.0,0.0,0.0,0.0,0.0
2024-05-02,10.84,11.05,10.8,10.88,5263630,0.019681349578256846,0.019681349578256846,0.012093023255814073,0.015873015873015817,-0.14599686028257453,-0.1624326404926867,10.66,11.881499999999999,12.657499999999999,11.175913266817485,11.799667850496006,-0.6237545836785205,-0.5101996607840094,-0.11355492289451119,-0.05733038452927578,-0.010437033354274925,32.868646503405756,11.881499999999999,1.0772395276817899,14.03597905536358,9.727020944636418,0.36266112113177307,0.2675772253374286,0.35826338159951016,0.032928619632307914,32.37691687370352,18.322038974141353,39.84191568547962,23.684210526315816,18.267383787937018,244574980.0,264629706.65,0.4135552596834937,-0.6123118210352679,0.5551682734678105,7796719.65,-0.5343177249045749,0.6751082809550553,0.022977941176470586,-0.08429070403568562,-0.14043057475804843,3.0,5.0,-0.015496809480401108,0.0,1212.13,1216.36,0.0056551359216878705,0.021962326292618073,-0.05274552406762767,0.2355333278221751,0.014026213656568975,-0.006089310419602256,-0.10968711642505902,-0.11579477237845215,1.188975926720761,0.7489907122251528,0.0,0.0,0.0,0.0,0.0,0.0,0.0,0.0
2024-05-03,10.97,11.05,10.8,10.8,3914567,-0.007352941176470562,0.012183692596063889,0.012183692596063889,0.045498547918683574,-0.08860759493670878,-0.1711435149654642,10.754,11.77,12.621,11.118080456537871,11.725618380088894,-0.607537923551023,-0.5296673133374121,-0.07787061021361086,-0.05625351143990953,-0.007210241686445449,31.946914880484613,11.77,1.0674711878276553,13.90494237565531,9.63505762434469,0.36277695423199835,0.2728275921961917,0.35053028291383087,0.03245650767720656,32.7070405088736,17.388655231442552,37.812240034680734,20.676691729323334,20.050125313283235,240660413.0,263016845.4,0.4113347812006085,-0.5603777165017358,0.5823438406573691,7571793.5,-0.7593707948760854,0.5169933649141383,0.023148148148148147,-0.08241291418861507,-0.14428333729498455,4.0,5.0,0.026752767527675303,1.0,1222.54,1221.03,0.0038393238843763555,0.037056225581790336,-0.04720176040951374,0.23663999402161315,-0.011192265060846918,0.008442322336893238,-0.12394175455595047,-0.1300818467183784,1.1852712058490575,0.7469529762553674,0.0,0.0,0.0,0.0,0.0,0.0,0.0,0.0
2024-05-06,10.84,11.13,10.75,11.13,8171348,0.03055555555555567,0.022977941176470562,0.04311152764761017,0.035348837209302486,-0.019383259911894157,-0.15167682926829262,10.83,11.6705,12.586500000000001,11.119914232455121,11.68149850008231,-0.5615842676271878,-0.5360507041953673,-0.02553356343182056,-0.05045680751367366,-0.0022941207036676152,39.48551403986957,11.6705,1.0269908778358112,13.724481755671622,9.616518244328379,0.3519955024500444,0.36842628993477494,0.35263526270570017,0.031683312013090756,32.71195966116125,17.670676903955005,34.90177605658075,34.2412451361868,26.200715797275333,248831761.0,261455501.45,0.4315458850080625,-0.46172644388727774,0.26229537683879367,7623310.8,0.11377649644975042,1.0718896571814966,0.034141958670260625,-0.046313354183625366,-0.11571922297699921,0.0,5.0,-0.015151515151515138,0.0,1226.89,1241.58,0.016830053315643356,0.029835518948913897,-0.03532135753356547,0.2452993723709591,0.013725502239912313,0.005513318260388589,-0.11635547173472716,-0.12061578500093695,1.209740268743858,0.7599834614423235,0.0,0.0,0.0,0.0,0.0,0.0,0.0,0.0
2024-05-07,11.22,11.22,11.01,11.05,3436982,-0.007187780772686447,0.02314814814814814,0.015625,0.03561387066541721,-0.0036068530207393756,-0.1654078549848942,10.906,11.561,12.554166666666667,11.109158196692794,11.634720833409546,-0.5255626367167512,-0.5339530906996441,0.008390453982892954,-0.0475622295671268,0.0007593171025242491,38.375676008797846,11.561,0.9657661262057111,13.492532252411422,9.629467747588578,0.33414622479221906,0.3677215978759762,0.3424470296552931,0.030990681416768605,32.37511147814316,18.773904429911664,33.37299468161687,31.128404669260725,28.682113844923634,245394779.0,258480369.45,0.42689132015670006,-0.39045028639408097,0.35314998126999647,6553220.95,-1.1518010924218505,0.524472168148092,0.019004524886877903,-0.04420032869128965,-0.11981413873216062,1.0,5.0,-0.011850501367365651,0.0,1245.5,1248.63,0.005678248683129716,0.036233267218271026,-0.017963459617607924,0.24339619953411398,-0.012866029455816164,-0.0006193965528538126,-0.14744439536728626,-0.15014145533716428,1.2104845143748924,0.7547111249573021,0.0,0.0,0.0,0.0,0.0,0.0,0.0,0.0
2024-05-08,10.97,10.97,10.8,10.84,7684005,-0.01900452488687787,-0.02605570530098844,0.0037037037037035425,0.015932521087160145,0.028462998102466885,-0.16807367613200308,10.940000000000001,11.4515,12.518333333333334,11.067749243355442,11.575852623527357,-0.5081033801719155,-0.5287831485940985,0.020679768422182998,-0.04687300555091471,0.0019077277142235238,35.550885651012536,11.4515,0.9131626649352476,13.277825329870495,9.625174670129503,0.3189670051732081,0.332587329869821,0.33584367039420077,0.03098188841274915,32.48897471011116,17.775677210093054,36.06488303949049,23.320158102766797,29.56326930273812,237710774.0,255475090.85,0.4277404940615552,-0.3708827096151692,0.3125669790230756,6583367.55,0.40538099821488,1.1671845665065443,0.015682656826568258,-0.05339911801947339,-0.13407003062175482,2.0,5.0,-0.0073260073260073,0.0,1243.61,1250.46,0.001465606304509759,0.03384813810437204,-0.014027202838557074,0.2434309183280163,-0.02047013119138763,-0.017915617017211893,-0.154046473293446,-0.15623805619884912,1.213992366320436,0.7499305900503415,0.0,0.0,0.0,0.0,0.0,0.0,0.0,0.0
2024-05-09,10.92,11.09,10.8,10.84,5926299,0.0,-0.01900452488687787,-0.02605570530098844,-0.003676470588235392,0.012138188608776801,-0.1517996870109546,10.931999999999999,11.3545,12.4825,11.032710898223835,11.52134502178459,-0.48863412356075564,-0.52075334358743,0.03211922002667433,-0.04507694866796639,0.0029630276777374846,35.550885651012536,11.3545,0.866459675011545,13.08741935002309,9.62158064997691,0.30523921793528386,0.351551083438146,0.33256912250890064,0.03067980834952958,32.12992754214841,19.24584496637651,33.81855816754659,37.820512820512796,30.756358530846786,237710774.0,252929278.25,0.4269873232436299,-0.48637467546263274,0.41428146109979097,6420216.5,-0.18656491575881093,0.9230684043131567,0.0267527675276752,-0.045312431194680536,-0.13158421790506714,3.0,5.0,-0.007352941176470562,0.0,1252.81,1248.64,-0.0014554643891047103,0.026538195928837105,-0.0051549266598145405,0.2407289668967387,0.0014554643891047103,-0.030214666517072497,-0.14664476035114005,-0.1474046203584054,1.2128959564451451,0.7494686302144676,0.0,0.0,0.0,0.0,0.0,0.0,0.0,0.0
2024-05-10,10.88,10.97,10.67,10.8,4567710,-0.0036900369003689537,-0.0036900369003689537,-0.022624434389140302,0.0,0.045498547918683574,-0.14893617021276584,10.932,11.260000000000002,12.444666666666667,10.996909221574015,11.467912057207954,-0.4710028356339393,-0.5108032419967319,0.039800406362792584,-0.04361137366980919,0.0036852228113696834,34.98205168146224,11.260000000000002,0.8146552386714221,12.889310477342846,9.630689522657157,0.289397953346864,0.35883599031714625,0.3302427566154078,0.030578033019945165,32.074378348957666,17.997033432122347,34.435946543771614,41.98473282442752,34.37513458256905,233143064.0,250547371.85,0.42723702577743533,-0.5060677528383354,0.4203416544875213,6256310.3,-0.6357717354564989,0.7300964595697883,0.027777777777777842,-0.04085257548845478,-0.13215835431510148,4.0,5.0,-0.008302583025830201,0.0,1251.78,1244.7,-0.0031554331112250145,0.01938527308911331,-0.004518734754268672,0.24061162557740276,-0.0005346037891439392,-0.01938527308911331,-0.14441743545849717,-0.14507298178318628,1.2157485975718405,0.7480924981003849,0.0,0.0,0.0,0.0,0.0,0.0,0.0,0.0
2024-05-13,10.84,10.88,10.67,10.75,3380909,-0.00462962962962965,-0.008302583025830201,-0.008302583025830201,-0.0341419586702606,0.0,-0.1614664586583463,10.856,11.156500000000001,12.406,10.958923187485706,11.414733386303661,-0.4558101988179555,-0.49980463336097664,0.043994434543021155,-0.04240094872725167,0.004092505538885688,34.24445317069808,11.156500000000001,0.7334796305427318,12.623459261085465,9.689540738914538,0.26297840023044206,0.3614480951232364,0.3216539882857359,0.029921301235882408,32.02279695528054,17.15776045148694,32.83006190696208,51.546391752577286,43.78387913250589,229762155.0,247772556.3,0.4221925555196021,-0.44900624203049044,0.5296249895455222,6201492.05,-1.0425409233335299,0.5451767046931876,0.01953488372093031,-0.03643615829337166,-0.1334837981621796,0.0,5.0,-0.008333333333333304,0.0,1248.19,1240.18,-0.0036313971238048914,-0.0011275954831745372,-0.01792812910786956,0.23787628243939707,-0.0009982325058247588,-0.03301436318708606,-0.14353832955047674,-0.14615868125831166,1.2132033117414935,0.7475757441114124,0.0,0.0,0.0,0.0,0.0,0.0,0.0,0.0
2024-05-14,10.8,10.88,10.71,10.71,5062541,-0.0037209302325580396,-0.008333333333333304,-0.011992619926199155,-0.03076923076923077,0.0037488284910967007,-0.15602836879432613,10.788,11.057500000000001,12.365833333333335,10.920627312487905,11.36253091324413,-0.44190360075622515,-0.48822442684002637,0.046320826083801225,-0.04126084040674371,0.004325007103996379,33.63348125721093,11.057500000000001,0.6437380555867201,12.344976111173441,9.770023888826561,0.23286929435648926,0.3650460396957271,0.3108215605510405,0.029021620966483704,31.97489994686607,16.487458707668374,31.54749080404165,47.42268041237119,46.98460166312535,224699614.0,244991794.1,0.42246142089474253,-0.4880162470078891,0.5472316252567347,6207438.7,-0.4236113208623495,0.8155603695289009,0.015873015873015865,-0.03142663350666974,-0.13390390188018064,1.0,5.0,0.012093023255814073,1.0,1246.23,1243.28,0.002499637149445899,-0.004284696026845558,-0.012140859394863979,0.23794578247203058,-0.006220567382003939,-0.026484534742385213,-0.14388750939946215,-0.14565589716699945,1.215067224338929,0.746791350138939,0.0,0.0,0.0,0.0,0.0,0.0,0.0,0.0
2024-05-15,10.75,10.92,10.67,10.88,4837223,0.015873015873015817,0.012093023255814073,0.007407407407407307,0.0036900369003691758,0.019681349578256846,-0.13992094861660076,10.796000000000001,10.969000000000001,12.322166666666668,10.914376956720535,11.326787882633454,-0.41241092591291917,-0.47306172665460494,0.06065080074168577,-0.0379054159846433,0.005574522126993177,38.643775713675474,10.969000000000001,0.523770741330331,12.016541482660664,9.921458517339339,0.19100036150253666,0.4575195820532337,0.3064771633688233,0.028168856927281553,32.02943602933074,15.526803426675167,30.641603522568193,64.94845360824746,54.639175257732,229536837.0,242811247.4,0.4307357061903773,-0.5373444231986635,0.36909107093242044,6090945.5,-0.46273563370732795,0.7941661930811891,0.022977941176470586,-0.008113775184611205,-0.11703839963209939,2.0,5.0,0.007292616226071136,1.0,1248.61,1254.39,0.008936040151856561,0.0031428434336164823,-0.003028135431568879,0.24029709621769837,0.006936975721159255,0.0005471934667526934,-0.13689281318503188,-0.13730860222849917,1.2150875034703483,0.7631280007501283,0.0,0.0,0.0,0.0,0.0,0.0,0.0,0.0
2024-05-16,10.97,11.3,10.97,11.05,8566220,0.015625,0.03174603174603163,0.027906976744186185,0.019372693726937396,0.015625,-0.13265306122448972,10.838,10.8845,12.282833333333333,10.935242040301992,11.306285076512458,-0.37104303621046597,-0.45265798856577716,0.08161495235531119,-0.03357855531316434,0.007385968538942188,43.25706503098743,10.8845,0.3195140224252323,11.523528044850464,10.245471955149535,0.11741982541236887,0.6294935342303555,0.31458593741390734,0.028469315603068535,30.456741730042026,22.6742354764654,27.71951452763778,71.59090909090912,61.320681037175945,238103057.0,240811357.95,0.4355073180280751,-0.5463369997984859,0.2695329582258453,6271602.75,0.8345075512615103,1.3658741379944703,0.029864253393665163,0.015205108181358895,-0.10037043570294568,3.0,5.0,0.0,0.0,1264.51,1268.78,0.011471711349739566,0.016129548949256778,-0.0061256462478458396,0.23799493314571563,0.004153288650260434,0.0032431447776806177,-0.12652741497664388,-0.12730725418053845,1.2301229964898202,0.7700728439204833,0.0,0.0,0.0,0.0,0.0,0.0,0.0,0.0
2024-05-17,11.09,11.18,11.01,11.09,4385988,0.0036199095022624306,0.01930147058823528,0.03548085901027065,0.026851851851851682,0.026851851851851682,-0.06413502109704639,10.896,10.8465,12.244833333333332,10.959050957178608,11.290263959733757,-0.33121300255514896,-0.42836899136365153,0.09715598880850257,-0.029865915469355183,0.008760684292921784,44.31793738766514,10.8465,0.23179562231921066,11.310091244638421,10.38290875536158,0.08548218220410653,0.7626235965585563,0.3042583704557711,0.027435380564091172,28.996382737845366,21.769313775209376,26.61323730517633,72.36842105263152,69.63592791726272,242489045.0,239657963.55,0.3669391832891193,-0.2512453814240439,-0.009944203474813347,5863706.5,-0.6299846272456187,0.7479890066121148,0.015329125338142464,0.0224496381321162,-0.09431188664606838,4.0,5.0,0.01073345259391778,1.0,1270.34,1273.11,0.003412727186746345,0.022824777054711864,0.04644051914746705,0.1615200352140187,0.00020718231551608568,0.004027074797139818,-0.11057554024451344,-0.10566825177469152,1.2545905772136805,0.7775278341485329,0.0,0.0,0.0,0.0,0.0,0.0,0.0,0.0
2024-05-20,11.18,11.39,11.13,11.3,7297273,0.018935978358882055,0.02262443438914019,0.03860294117647056,0.051162790697674376,0.015274034141958603,-0.004405286343612258,11.006,10.844000000000001,12.211666666666666,11.011504656074207,11.290985147901626,-0.2794804918274192,-0.3985912914564051,0.11911079962898591,-0.024732786887382226,0.01054077872822884,49.64112024513173,10.844000000000001,0.22628347382508976,11.29656694765018,10.391433052349822,0.08346863660091841,1.0037928668538931,0.30395420113750177,0.026898601870575377,26.987117348894493,25.169545457973353,24.737021564761175,89.41176470588239,77.7903649498077,249786318.0,239473964.7,0.3438892943910879,-0.37272362688682664,0.43787482798622146,5624038.25,0.893238409705225,1.2975148239790155,0.023008849557522103,0.04205090372556253,-0.07465538419544138,0.0,5.0,-0.010619469026548756,0.0,1281.5,1277.58,0.0035110870231165325,0.030156912706220007,0.05091800473808883,0.16114923614280163,0.015424891335765523,0.02100587799145437,-0.05532329108170109,-0.05264282354310679,1.2650255972765976,0.7746060880428879,0.0,0.0,0.0,0.0,0.0,0.0,0.0,0.0
2024-05-21,11.3,11.3,11.05,11.18,5787396,-0.010619469026548756,0.008115419296663706,0.0117647058823529,0.043884220354808434,0.0117647058823529,0.008115419296663706,11.1,10.8485,12.178666666666667,11.037427016678174,11.282764025834839,-0.245337009156664,-0.3679404349964569,0.12260342583979289,-0.021944276310971737,0.010966317159194355,46.882970590615386,10.8485,0.2322492989055936,11.312998597811188,10.384001402188812,0.08563370010806802,0.8568363839655229,0.30010032962768024,0.02684260551231487,25.27844728595966,23.67185910271343,25.169197176321866,70.83333333333324,77.5378396972824,243998922.0,239319266.3,0.33569994420481286,-0.4305926834922298,0.8003267031541607,5594737.8,0.10327697109808409,1.0344356084033108,0.022361359570661897,0.0305572198921511,-0.08200131377271735,1.0,5.0,-0.010619469026548756,0.0,1277.85,1277.14,-0.0003444011333927355,0.027234412199987235,0.07051910713237963,0.1410863135993848,-0.01027506789315602,0.0166498081548212,-0.062403687835715926,-0.05829292295667465,1.2653661641018425,0.77459275377889,0.0,0.0,0.0,0.0,0.0,0.0,0.0,0.0
2024-05-22,11.3,11.39,11.09,11.18,5538658,0.0,-0.010619469026548756,0.008115419296663706,0.027573529411764497,0.03136531365313644,0.06072106261859589,11.16,10.880500000000001,12.145666666666667,11.059361321804609,11.275151875772998,-0.21579055396838953,-0.33751045879084346,0.12171990482245393,-0.01930148067695792,0.01088729023456654,46.882970590615386,10.880500000000001,0.2315957230766673,11.343691446153336,10.417308553846667,0.08514157366910248,0.823300443571719,0.3000931632257031,0.026841964510349117,23.58590280310328,24.123728841330497,23.371955500786033,70.83333333333324,77.02614379084964,243998922.0,239648332.65,0.27861931166824466,0.14188219878439465,0.5031430833999312,5387905.95,0.09424435156459281,1.0279797107445796,0.02683363148479434,0.02752630853361504,-0.07950709443697346,2.0,5.0,0.007155635062611854,1.0,1280.26,1266.91,-0.008010085033747338,0.009980946914436517,0.07835893943907757,0.13034021117441508,0.008010085033747338,0.01759258249732798,-0.01763787682048168,-0.01635622071223919,1.2520960906842795,0.7699134134410835,0.0,0.0,0.0,0.0,0.0,0.0,0.0,0.0
2024-05-23,11.18,11.39,11.13,11.26,5498239,0.007155635062611854,0.007155635062611854,-0.0035398230088495852,0.01900452488687776,0.03874538745387457,0.051353874883286466,11.202000000000002,10.908000000000001,12.119666666666665,11.090228810757745,11.274029514604628,-0.18380070384688274,-0.30676850780205134,0.1229678039551686,-0.016323330714643227,0.010920764116800053,49.070837479092035,10.908000000000001,0.24267370338754604,11.393347406775094,10.422652593224909,0.08898925683445043,0.8626268473740021,0.2972293658524386,0.026396924143200585,22.01425435473664,22.616434614973002,21.91163343296942,81.94444444444436,74.53703703703697,249497161.0,239951224.8,0.2748479332600377,0.21002149250286534,0.7280191954222769,5361731.75,0.08569520728912464,1.0254595448569392,0.023090586145648295,0.03226989365603217,-0.07093154377183086,3.0,5.0,-0.022281639928698804,0.0,1265.6,1281.03,0.011145227364216748,0.009654944119547926,0.07629681907546493,0.12868333381052782,-0.003989592301604894,0.009349580767329835,-0.024942944192178462,-0.023174782039776298,1.2346696355450306,0.7647834487285796,0.0,0.0,0.0,0.0,0.0,0.0,0.0,0.0
2024-05-24,11.22,11.26,10.75,10.97,9036716,-0.0257548845470692,-0.01878354203935595,-0.01878354203935595,-0.010820559062218127,0.015740740740740833,0.06195546950629249,11.178,10.940000000000001,12.086,11.071732070641168,11.2515088098191,-0.1797767391779317,-0.28137015407722743,0.10159341489929574,-0.016388034564989214,0.009261022324457222,42.273376157676026,10.940000000000001,0.2010760526452792,11.342152105290559,10.537847894709444,0.07351958049187525,0.5372993198410887,0.3124272682915501,0.02848015207762535,21.64137620354305,19.97939077326093,28.044504680520323,41.66666666666673,64.8148148148148,240460445.0,240096068.4,0.25864267956278736,0.5922057966594463,0.3079560219202785,5519780.3,1.9635519857959038,1.6371513916957892,0.04649042844120326,0.002742230347349217,-0.09233824259473766,4.0,5.0,-0.003663003663003539,0.0,1276.68,1261.93,-0.01490987720818393,-0.008781644948197553,0.07179378291149985,0.13551938108234926,-0.01084500733888527,-0.0020389141140205735,-0.009838313405207355,-0.009179296952518068,1.2380229715605986,0.7690401346684466,0.0,0.0,0.0,0.0,0.0,0.0,0.0,0.0
2024-05-27,10.92,11.01,10.84,10.88,2912325,-0.008204193254329972,-0.03374777975133203,-0.02683363148479423,-0.03716814159292037,0.012093023255814073,0.012093023255814073,11.094,10.9465,12.048,11.042234829004066,11.223989638721388,-0.18175480971732227,-0.2614470852052464,0.07969227548792412,-0.016705405304900944,0.0073246576735224375,40.40284717907556,10.9465,0.1966636187692258,11.339827237538453,10.553172762461548,0.07186356141934905,0.4154647915865496,0.3022538919850108,0.02778068860156349,21.295132206006148,19.17673150436703,26.917834609404633,29.16666666666676,50.925925925925974,237548120.0,239826492.05,0.21987213415916423,0.36350221625702006,0.02766363709790737,5396592.85,-1.3187272744419387,0.5396599448854105,0.015624999999999993,-0.006075001141917502,-0.09694555112881797,0.0,5.0,0.01568265682656822,1.0,1263.46,1267.68,0.004556512643332011,-0.00774902550133838,0.05148431084679128,0.11217147654731058,-0.012760705897661984,-0.029419116091581987,-0.03939128759097721,-0.03746255382474917,1.2281008568535439,0.7626699114775662,0.0,0.0,0.0,0.0,0.0,0.0,0.0,0.0
2024-05-28,10.84,11.05,10.84,11.01,3749338,0.011948529411764719,0.003646308113035568,-0.022202486678507993,-0.015205724508050134,0.028011204481792618,0.03186504217432051,11.06,10.9635,12.013666666666666,11.037275624541902,11.208138554371656,-0.17086292982975415,-0.24333025413014797,0.07246732430039382,-0.015518885543120269,0.006581954977329139,44.24079946504301,10.9635,0.18590532395206974,11.335310647904139,10.59168935209586,0.0678269982950954,0.5625318293896584,0.2956643282717958,0.02685416242250643,20.79335949700178,19.170181215184243,25.55220649491022,47.22222222222216,39.3518518518519,241297458.0,239925797.45,0.22112777451072516,0.16745083117122359,-0.12777397675247312,5402644.9,-0.880334891847248,0.6939819420669309,0.019073569482288905,0.004241346285401626,-0.08354374184956015,1.0,5.0,0.0036330608537693543,1.0,1272.23,1281.73,0.011083238672220164,0.0035939677717398144,0.06370283077587002,0.11548540782852182,0.0008652907395445553,-0.018799692279789948,-0.03183778860154951,-0.02993109323430765,1.2674419438784392,0.7795691433089073,0.0,0.0,0.0,0.0,0.0,0.0,0.0,0.0
2024-05-29,11.01,11.22,10.92,11.05,5451132,0.0036330608537693543,0.015625,0.007292616226071136,-0.011627906976744096,0.015625,0.03561387066541721,11.034,10.9825,11.982000000000001,11.039233220766224,11.196424587381163,-0.1571913666149385,-0.22610247662710609,0.0689111100121676,-0.01422546304207588,0.006236299548612452,45.40578887136644,10.9825,0.17332278982789573,11.32914557965579,10.63585442034421,0.06312689818452821,0.5973616915395639,0.2959740191095247,0.02678497910493436,19.592862772253763,21.88493340605187,23.702222216961914,52.77777777777784,43.0555555555556,246748590.0,240297659.45,0.22114175836329744,0.12421534087165355,-0.1380262304281487,5523424.95,-0.04030664653243053,0.9869115719586269,0.02714932126696839,0.006146141588891485,-0.07778334167918544,2.0,5.0,0.019230769230769384,1.0,1284.74,1272.64,-0.0070919772494986155,0.00452281535389254,0.05218599113697997,0.12097652952431832,0.01072503810326797,-0.016150722330636635,-0.016572120471562757,-0.015750181632484095,1.2506971063186172,0.772084483984593,0.0,0.0,0.0,0.0,0.0,0.0,0.0,0.0
2024-05-30,10.92,11.3,10.88,11.13,7598946,0.007239819004524861,0.010899182561308063,0.022977941176470562,-0.011545293072824037,0.007239819004524861,0.022977941176470562,11.008,10.995000000000001,11.946833333333334,11.053197340648344,11.191504247575152,-0.13830690692680747,-0.20854336268704637,0.0702364557602389,-0.012426496579227984,0.006310553078188581,47.75677514778136,10.995000000000001,0.1745520582882737,11.344104116576549,10.645895883423453,0.06350234044139118,0.6933520597291473,0.3048330177445587,0.027388411297804012,18.23261796264757,21.605700429969495,21.369579015218225,63.88888888888895,54.62962962962967,254347536.0,240786287.25,0.2120541401279937,0.16082717031864618,0.2749196064484142,5640190.75,1.0582875213866032,1.3472852846333256,0.037735849056603765,0.012278308321964415,-0.06837237203722046,3.0,5.0,0.0,0.0,1264.45,1266.32,-0.004966054815187415,-0.01148294731583177,0.04107336643756776,0.12324253989867484,0.012205873819712276,-6.234575699226585e-05,-0.018095425261097198,-0.017381508205341567,1.2281947818319985,0.7691344740994408,0.0,0.0,0.0,0.0,0.0,0.0,0.0,0.0
2024-05-31,11.13,11.22,11.01,11.13,2720695,0.0,0.007239819004524861,0.010899182561308063,0.014585232452142272,0.0036068530207395977,0.03055555555555567,11.040000000000001,11.011500000000002,11.912333333333333,11.065013134394754,11.1869483773844,-0.12193524298964675,-0.19122173874756646,0.0692864957579197,-0.010955547438422888,0.006225201775194942,47.756775147781354,11.011500000000002,0.17070365210547597,11.352907304210953,10.67009269578905,0.06200922748235058,0.6735463748701453,0.29805923076280455,0.026779805099982436,16.969533496584674,20.518381290011533,20.29414281950663,63.88888888888895,60.18518518518527,254347536.0,241470643.4,0.20970419502361956,0.0894439664013564,0.4172853676570726,5580497.15,-1.4839643435945464,0.4875363120649564,0.018867924528301962,0.010761476638060152,-0.06567423118896376,4.0,5.0,-0.0035398230088495852,0.0,1268.37,1261.72,-0.003632573125276317,-0.00016641176610432407,0.03332432454567047,0.12464423024127917,0.003632573125276317,0.014751644218246596,-0.0027687689901148005,-0.00267947722157047,1.2255504112601288,0.7677675207094671,0.0,0.0,0.0,0.0,0.0,0.0,0.0,0.0
2024-06-03,11.3,11.3,11.18,11.26,5688747,0.011680143755615324,0.011680143755615324,0.01900452488687776,0.03492647058823528,-0.0035398230088495852,0.011680143755615324,11.116000000000001,11.017999999999999,11.879333333333333,11.095011113718638,11.192359608689259,-0.09734849497062115,-0.1724470899921774,0.07509859502155625,-0.008645514651032074,0.006669502222163077,51.67841245261848,11.017999999999999,0.1777816520046883,11.373563304009375,10.662436695990623,0.06454225885085788,0.8403050838924867,0.28891214285117567,0.025658272011649705,16.13872536747309,21.633865033411343,19.44118844153523,81.94444444444436,69.90740740740743,260036283.0,242030869.5,0.18428633951138593,-0.4666802061519179,0.0936452522055259,5456367.1,0.1270582503900073,1.042588758370015,0.010657193605683925,0.021964058812851794,-0.05213536113137662,0.0,6.0,-0.019383259911894157,0.0,1271.65,1280.0,0.014488159021018854,0.00971854095670821,0.030944441759693353,0.12109292275273373,-0.0028080152654035295,0.02520792963152707,-0.01926429800407803,-0.0186860680592994,1.2215344661100505,0.7700118271771914,0.0,0.0,0.0,0.0,0.0,0.0,0.0,0.0
2024-06-04,11.35,11.35,11.13,11.13,4508928,-0.011545293072824037,0.0,0.0,0.010899182561308063,-0.004472271914132242,0.007239819004524861,11.14,11.022000000000002,11.847666666666667,11.100394019300385,11.187740378415981,-0.08734635911559607,-0.15542694381686115,0.06808058470126507,-0.007847831007690572,0.00611685397136254,47.813228225650434,11.022000000000002,0.17943185189293123,11.380863703785865,10.66313629621414,0.06511771072144126,0.6504749558964081,0.2839898469332345,0.025515709517810823,15.36726067615519,20.436777391333617,18.36543030055008,59.37500000000007,68.40277777777781,255527355.0,242537498.3,0.18736617061737165,-0.42984075914107894,-0.11321522134772345,5509964.4,-0.5618343989580793,0.8183225285448305,0.019766397124887588,0.009798584648883946,-0.06057451537574199,1.0,6.0,0.007155635062611854,1.0,1285.51,1283.52,0.00275000000000003,0.001396549975423822,0.027942625117128195,0.12021260259462183,-0.014295293072824067,0.009502632585884241,-0.020702806112603334,-0.020140040510767232,1.2128226531554844,0.7649685560479036,0.0,0.0,0.0,0.0,0.0,0.0,0.0,0.0
2024-06-05,11.18,11.35,11.18,11.26,8303353,0.011680143755615324,0.0,0.011680143755615324,0.01900452488687776,0.007155635062611854,0.03874538745387457,11.182,11.043000000000001,11.818166666666666,11.124948785561864,11.19309294297776,-0.06814415741589563,-0.13797038653666804,0.06982622912077241,-0.006051878988978298,0.006201263687457585,51.70334610024159,11.043000000000001,0.18157498088738477,11.406149961774771,10.679850038225231,0.06577016422616498,0.7987746424913363,0.2794191435808605,0.02481519925229667,14.650900605645713,19.287431090679267,17.332574729846762,79.6874999999999,73.66898148148145,263830708.0,243843495.0,0.17650268554722223,-0.6044391006000188,0.46803063470376544,5540931.8,1.512555290918485,1.4985481322834546,0.015097690941385428,0.019650457303268976,-0.04722954773018939,2.0,6.0,0.010572687224669641,1.0,1287.12,1284.35,0.0006466591872349436,0.009201345235101632,0.027102026454264738,0.12024237343069445,0.01103348456838038,0.009803179651776128,0.01164336099960983,0.011336128933368661,1.2149850464474221,0.7616264037264272,0.0,0.0,0.0,0.0,0.0,0.0,0.0,0.0
2024-06-06,11.35,11.72,11.3,11.47,13600471,0.018650088809946785,0.03054806828391743,0.018650088809946785,0.03054806828391743,0.018650088809946785,0.058118081180811965,11.25,11.0745,11.795666666666667,11.178033587783116,11.213604576831258,-0.03557098904814282,-0.11749050703896301,0.08191951799082019,-0.0031012196205878655,0.007142067828319109,57.24737787283667,11.0745,0.19837431391462426,11.47124862782925,10.677751372170752,0.07165084253541897,0.9984264245145847,0.2923177761822277,0.02548542076566937,15.45716613324922,26.16052410063338,15.384356282722079,74.22680412371135,71.09643470790378,277431179.0,245829515.25,0.18591797326824638,-0.6136966457207697,0.20285617364076564,5924640.4,2.9897569422351,2.295577466608775,0.03661726242371403,0.03571267325838634,-0.02760900895809193,3.0,6.0,-0.014655172413793105,0.0,1288.79,1283.56,-0.0006150971308443998,0.013614252321688003,0.027966427473090638,0.12001770360213898,0.019265185940791185,0.016933815962229426,0.030151653707721326,0.029331360345919988,1.2272814296432195,0.75014298778768,0.0,0.0,0.0,0.0,0.0,0.0,0.0,0.0
2024-06-07,11.6,11.64,11.39,11.43,4675428,-0.0034873583260680574,0.015097690941385356,0.026954177897573928,0.026954177897573928,0.0419325432999087,0.05833333333333335,11.309999999999999,11.106,11.773166666666667,11.216797651201098,11.22963386743635,-0.012836216235251996,-0.09655964887822081,0.08372343264296882,-0.0011230285420167976,0.0073248847456665635,55.930389646349326,11.106,0.20246897098215624,11.510937941964313,10.701062058035687,0.07292237384554531,0.9000613012802758,0.2892950778834972,0.025310155545362832,16.205841266023906,24.545729201596533,14.434735397653359,70.10309278350508,74.67246563573879,272755751.0,247810149.6,0.18582414630281505,-0.6165807975379667,0.21220117276272601,5930026.3,-0.4892192113532361,0.7884329281979745,0.021872265966754158,0.02917341977309551,-0.029148204249777043,4.0,6.0,-0.018308631211857107,0.0,1289.05,1287.58,0.0031319143631773905,0.02049583108772146,0.034450068289547664,0.11891752988139005,-0.006619272689245448,0.0064583468098524666,0.023883265043785684,0.023087885801270636,1.241154528741211,0.7535480979969081,0.0,0.0,0.0,0.0,0.0,0.0,0.0,0.0
2024-06-10,11.47,11.56,11.22,11.26,6526517,-0.014873140857392775,-0.018308631211857107,0.0,0.0,0.03492647058823528,0.04744186046511634,11.309999999999999,11.131499999999999,11.7485,11.22344416640093,11.231883210589213,-0.008439044188284228,-0.07893552794023351,0.07049648375194928,-0.0007494710646788835,0.006260788965537236,50.60231509147961,11.131499999999999,0.18678090176248247,11.505061803524963,10.757938196475035,0.06711796317207284,0.6719929591134086,0.29291685803467593,0.02601393055370124,15.966282432301405,22.510644671726563,17.383448764386824,52.57731958762881,65.63573883161509,266229234.0,249633503.55,0.19467865052570102,-0.5614918000042939,-0.24668847366120314,6087306.7,0.17600400847366118,1.0721518270140717,0.030195381882770857,0.011543817095629683,-0.041579776141635105,0.0,6.0,-0.015044247787610598,0.0,1292.67,1290.67,0.002399850883052057,0.008335937500000057,0.04071183215339702,0.11723187058785274,-0.017272991740444832,-0.008335937500000057,0.006730028311719316,0.006466754872762159,1.24734682494809,0.7516331659270769,0.0,0.0,0.0,0.0,0.0,0.0,0.0,0.0
2024-06-11,11.3,11.35,11.09,11.13,4836262,-0.011545293072824037,-0.026246719160104903,-0.02964254577157799,0.0,0.010899182561308063,0.03921568627450989,11.309999999999999,11.1525,11.718833333333333,11.209068140800786,11.224336306101124,-0.0152681653003377,-0.06620205541225435,0.05093389011191665,-0.0013718028122495685,0.004576270450306976,46.921268556537534,11.1525,0.15834256667460575,11.469185133349212,10.835814866650788,0.05679177464231557,0.46447575583665296,0.2905656538893419,0.026106527752860906,15.108403822160364,21.07188264317315,19.468127195614017,39.175257731958816,53.951890034364254,261392972.0,251468171.45,0.1998496040250816,-0.488055034419216,-0.5528598943836679,6075992.75,-0.495722964056171,0.7959624375786163,0.023360287511230888,-0.0020174848688634395,-0.05024675380086174,1.0,6.0,0.008086253369272267,1.0,1295.03,1284.41,-0.004850194085242565,0.0006934056345051509,0.03308184801492842,0.11971241780953078,-0.0066950989875814715,-0.0006934056345051509,0.00613383825958147,0.005937417515725185,1.277806542497978,0.7524726000933687,0.0,0.0,0.0,0.0,0.0,0.0,0.0,0.0
2024-06-12,11.13,11.26,11.13,11.22,3294345,0.008086253369272267,-0.003552397868561208,-0.01837270341207342,-0.003552397868561208,0.01538461538461533,0.03125,11.302000000000001,11.1695,11.692166666666667,11.210749965292973,11.224015098241782,-0.013265132948809821,-0.05561467091956545,0.04234953797075563,-0.0011822756638867932,0.00377446862484453,49.65192839447889,11.1695,0.14525748463385804,11.460014969267716,10.878985030732283,0.05201933287393647,0.5869146263397262,0.2790966786115317,0.02487492679247163,14.311802255600826,20.37080843956734,18.82041089989976,48.453608247422714,46.73539518900346,264687317.0,253225695.45,0.1945210544572978,-0.5010123223467047,-0.4131859417452339,5998848.85,-1.0547678360836543,0.5491628614713305,0.011586452762923262,0.004521240879179933,-0.040383162516214544,2.0,6.0,-0.010619469026548756,0.0,1285.01,1300.19,0.012285796591431142,0.012333086775411894,0.03651177066143707,0.12296079833056175,-0.004199543222158875,-0.015885484643973102,-0.005261770661437071,-0.0050764215230082455,1.2707903181545355,0.7529982953332304,0.0,0.0,0.0,0.0,0.0,0.0,0.0,0.0
2024-06-13,11.3,11.3,11.18,11.18,3691994,-0.0035650623885918886,0.004492362982928988,-0.007104795737122527,-0.02528334786399311,0.004492362982928988,0.0117647058823529,11.244,11.176,11.664833333333336,11.206019201401746,11.220754720594243,-0.014735519192496938,-0.04743884057415175,0.03270332138165481,-0.001318024972495254,0.0029251629142803947,48.45870693713342,11.176,0.1425113107239601,11.46102262144792,10.89097737855208,0.05100619567786692,0.5070169868968285,0.2677326301392795,0.023947462445373838,13.759802132682255,20.78580214494604,18.21787766504711,38.63636363636358,42.088409871915054,260995323.0,254370308.75,0.18800242917873494,-0.38604468939493364,-0.3042052053146453,5755137.55,-0.8126690240744757,0.6415127297869709,0.0107334525939178,0.00035790980672856243,-0.041563674291674624,3.0,6.0,-0.011586452762923471,0.0,1305.69,1301.51,0.001015236234704009,0.013984542989809556,0.025796434370024768,0.11756177717008562,-0.0045802986232958975,-0.03926789085380267,-0.014031728487671868,-0.013678862606194553,1.2710769300337081,0.7531758190042734,0.0,0.0,0.0,0.0,0.0,0.0,0.0,0.0
2024-06-14,11.22,11.39,11.09,11.09,5152305,-0.00805008944543828,-0.011586452762923471,-0.003593890386343279,-0.02974628171478566,-0.003593890386343279,0.0,11.176,11.176,11.638166666666667,11.188170093493785,11.211069185735411,-0.022899092241626562,-0.042530890907646716,0.019631798666020155,-0.002064841500597526,0.0017702253080270653,45.79219462358387,11.176,0.1425113107239601,11.46102262144792,10.89097737855208,0.05100619567786692,0.34913478171816914,0.2700374422721882,0.024349634109304616,13.247230589972153,19.136364044009753,16.772214835708997,28.409090909090885,38.499687597625744,255843018.0,255038007.4,0.19011065602135271,-0.23412286718793104,-0.5013928790679052,5793453.4,-0.25415103526811295,0.8893322590633075,0.027051397655545602,-0.007695060844667201,-0.04710077474974583,4.0,6.0,-0.015329125338142457,0.0,1303.37,1279.91,-0.016596107598097487,-0.005956911415212929,0.00534125095239224,0.13320674105229435,0.008546018152659207,-0.023789370299572732,-0.00534125095239224,-0.005312873561422404,1.262896315904686,0.7499770360745055,0.0,0.0,0.0,0.0,0.0,0.0,0.0,0.0
2024-06-17,11.09,11.13,10.92,10.92,4373923,-0.015329125338142457,-0.023255813953488302,-0.02673796791443861,-0.030195381882770822,-0.030195381882770822,-0.03362831858407089,11.108,11.157,11.608666666666668,11.146913156033202,11.189508505310567,-0.04259534927736475,-0.04254378258159033,-5.1566695774420135e-05,-0.0039006730107476874,-4.7222248877674115e-06,41.18246736506352,11.157,0.15023140046029027,11.457462800920581,10.856537199079419,0.053860858818783004,0.10560841596054267,0.2657490535384605,0.024335993913778435,12.735427591366006,18.05622676096726,20.394814724331933,4.7619047619046615,23.935786435786397,251469095.0,255122146.25,0.18381048643771405,-0.15256262832983278,-0.6389420846303661,5647285.9,-0.5061727515206996,0.7745177200963032,0.019230769230769308,-0.02124226942726537,-0.059323493941308314,0.0,6.0,-0.0036330608537692433,0.0,1282.08,1274.77,-0.004015907368486893,-0.012319183059961158,-0.0021994708746222447,0.13347933744579654,-0.011313217969655565,-0.017876198822809664,-0.03142884770944865,-0.031498126922219205,1.2685325424660803,0.7511350624247963,0.0,0.0,0.0,0.0,0.0,0.0,0.0,0.0
2024-06-18,11.01,11.05,10.92,10.97,2465431,0.0045787545787545625,-0.010820559062218127,-0.01878354203935595,-0.014375561545372895,-0.014375561545372895,-0.01878354203935595,11.076,11.1465,11.578499999999998,11.11969574741271,11.173248616028303,-0.053552868615593496,-0.04474559978839096,-0.008807268827202536,-0.004881756482734138,-0.0008028503944578427,42.99992771635353,11.1465,0.1557756483909727,11.458051296781946,10.834948703218053,0.05590118813653546,0.21674006524272188,0.2560526925714277,0.02334117525719487,12.260181949803156,17.401420279158284,19.65519968440261,10.7142857142857,14.6284271284271,253934526.0,255618926.45,0.18187534262105726,-0.3414341681112811,-0.45878687936370327,5481187.65,-1.1538317222965742,0.4497986855093348,0.011850501367365613,-0.01583456690440932,-0.05255430323444299,1.0,6.0,-0.01176470588235301,0.0,1279.39,1279.5,0.0037104732618433722,-0.0038227668735061338,0.0018478788543150326,0.13414576177312373,0.0008682813169111903,-0.010552794671866761,-0.020631420893670982,-0.02059336684653612,1.2862728772015737,0.7525275301600033,0.0,0.0,0.0,0.0,0.0,0.0,0.0,0.0
2024-06-19,11.05,11.05,10.84,10.92,3017260,-0.004557885141294515,0.0,-0.015329125338142457,-0.02673796791443861,-0.030195381882770822,-0.023255813953488302,11.016,11.133500000000002,11.542666666666667,11.088973324733832,11.154489459285466,-0.06551613455163441,-0.048899706741039654,-0.016616427810594754,-0.005999646021211942,-0.001521650898406113,41.615106103865514,11.133500000000002,0.16349070470936294,11.460481409418728,10.806518590581275,0.05873829602887257,0.1735288400959252,0.2527632145306115,0.023146814517455268,12.227466442296187,16.3687490311996,20.749506768114085,9.090909090909092,8.18903318903317,250917266.0,255964843.65,0.1823002592814737,-0.2748336397125165,-0.5168462362118175,5355117.75,-0.8752899475558816,0.5634348563110494,0.019230769230769308,-0.019176359635334927,-0.05394478456740215,2.0,6.0,-0.01194852941176483,0.0,1283.0,1279.79,0.00022665103556063215,-0.015690014536337116,0.010166468020617048,0.13066064995860918,-0.0047845361768551475,-0.011047953378101494,-0.03342228197410535,-0.03308591507654679,1.2690759821332402,0.7455728968753731,0.0,0.0,0.0,0.0,0.0,0.0,0.0,0.0
2024-06-20,10.88,10.97,10.71,10.75,3971913,-0.015567765567765512,-0.020054694621695623,-0.015567765567765512,-0.038461538461538436,-0.06277244986922415,-0.04529307282415629,10.930000000000001,11.108,11.504,11.036823582467088,11.124527277116172,-0.08770369464908434,-0.056660504322648596,-0.031043190326435745,-0.008158483223170636,-0.0028877386350172787,37.22545753843626,11.108,0.1815025010703264,11.471005002140654,10.744994997859347,0.06535920096158682,0.006893847345267998,0.25328012777842496,0.02356094211892325,12.803884779949367,15.168532274745253,22.894260288651797,3.960396039603877,7.921863614932909,246945353.0,255837253.25,0.1864279088155651,-0.06289062435061668,-0.7349839993694298,5278801.45,-0.4861219262867927,0.7524270495151887,0.02418604651162789,-0.032229024126755546,-0.0655424200278164,3.0,6.0,-0.01116279069767434,0.0,1281.82,1282.3,0.0019612592690987363,-0.014759779025900754,0.0009913897410678274,0.12470316827273867,-0.01752902483686425,-0.02370175943563768,-0.046284462565224116,-0.046238622069663116,1.2662265672115303,0.7402277696221028,0.0,0.0,0.0,0.0,0.0,0.0,0.0,0.0
2024-06-21,10.75,10.84,10.63,10.63,3336057,-0.01116279069767434,-0.026556776556776462,-0.030993618960802216,-0.04147880973850304,-0.06999125109361326,-0.030993618960802216,10.838,11.091,11.4625,10.974235339010614,11.087895626959419,-0.11366028794880556,-0.06806046104788,-0.045599826900925566,-0.010692407144760635,-0.0042897297178669394,34.46209757192871,11.091,0.20895479239109113,11.508909584782181,10.673090415217818,0.0753601270908271,-0.05155471038104569,0.25018869007996597,0.023536095021633674,13.680729156047287,14.259106736570628,23.80563109052904,0.0,4.3504350435043415,243609296.0,255994695.8,0.16834431591110233,0.28698444969355996,-1.1658647000531832,4993768.5,-0.6453933179750471,0.6680439832162824,0.019755409219190882,-0.041565233071859886,-0.07262813522355505,4.0,6.0,-0.011204481792717158,0.0,1285.07,1282.02,-0.0002183576386181052,0.0016485534139119018,0.01592005895731141,0.11148618597981416,-0.010944433059056236,-0.043127363152414944,-0.04691367791811363,-0.0461785132643836,1.302518684753213,0.754115235601825,0.0,0.0,0.0,0.0,0.0,0.0,0.0,0.0
2024-06-24,10.71,10.88,10.54,10.59,4581375,-0.0037629350893697566,-0.014883720930232602,-0.030219780219780223,-0.030219780219780223,-0.05950266429840145,-0.026654411764705954,10.772,11.0765,11.420333333333332,10.915122209932058,11.05101446940687,-0.13589225947481154,-0.08162682073326631,-0.05426543874154523,-0.012832130262021865,-0.005124215178616168,33.56759604539192,11.0765,0.2330411077359148,11.542582215471828,10.61041778452817,0.08415694767694289,-0.0219036297142351,0.2566037836456828,0.024230763328204234,14.857605036512824,12.909584187627937,24.05785023898405,4.237288135593275,2.732561391732403,239027921.0,256068685.85,0.16673578734912534,0.2393909616721323,-1.1133371940001375,5077221.0,-0.1964468399981549,0.9023390945558604,0.032105760151086085,-0.043921816458267426,-0.07270657599019281,0.0,6.0,0.0037629350893695346,1.0,1281.19,1254.12,-0.021762531005756647,-0.016199000604030567,-0.01069670579326032,0.13617597986888932,0.01799959591638689,-0.014020779615749657,-0.015957705971445635,-0.016130246472332965,1.2324201601580622,0.7324577530564437,0.0,0.0,0.0,0.0,0.0,0.0,0.0,0.0
2024-06-25,10.63,10.71,10.59,10.67,2084351,0.007554296506137925,0.0037629350893695346,-0.007441860465116301,-0.027347310847766648,-0.041329739442947044,-0.030881017257039067,10.712,11.0595,11.3775,10.877411100711742,11.022791175376732,-0.14538007466499003,-0.09437747151961107,-0.051002603145378966,-0.013625124148546395,-0.004780000294787157,37.08489270023528,11.0595,0.2499363076761386,11.559372615352277,10.559627384647722,0.0903969646642755,0.11040074207155168,0.24684637052813413,0.023134617668991015,15.950418354087967,12.461315175147213,23.22247176262895,11.016949152542425,5.084745762711919,241112272.0,256059426.55,0.16278859191833944,0.2402374461268935,-1.008702326858891,4993971.65,-1.1205547747275695,0.4173734146047865,0.011246485473289691,-0.035218590352185886,-0.062184135354867,1.0,6.0,-0.008466603951082008,0.0,1255.77,1256.56,0.001945587344113875,-0.01792887846815161,-0.019637521162803484,0.12956741196616384,0.00560870916202405,-0.009418432379615038,-0.011243496094235583,-0.011468713192258728,1.2334814057084984,0.7340225891841767,0.0,0.0,0.0,0.0,0.0,0.0,0.0,0.0
2024-06-26,10.63,10.75,10.54,10.54,2647826,-0.012183692596063778,-0.0047214353163362865,-0.008466603951082008,-0.0347985347985349,-0.060606060606060774,-0.04615384615384632,10.636,11.034,11.334499999999998,10.825501700602242,10.987028866089567,-0.1615271654873247,-0.1078074103131538,-0.05371975517417091,-0.015325158015875211,-0.005096750965291358,33.94017836970043,11.034,0.2756504269809503,11.5853008539619,10.482699146038101,0.0999276516153525,0.05196876945692003,0.24421448691898176,0.0231702549258996,17.17389303635961,11.695923531164931,23.258529331590232,0.0,5.084745762711919,238464446.0,255645219.35,0.16580535440666855,0.41096190205120775,-1.0071104320533344,4853806.35,-0.8337642361181704,0.5455153768134982,0.01992409867172684,-0.044770708718506524,-0.07009572544002818,2.0,6.0,0.008571428571428452,1.0,1258.95,1261.24,0.003724454065066496,-0.014494565514654667,-0.008957757103344344,0.12846121122176288,-0.015908146661130274,-0.02030396928388023,-0.03719608905050198,-0.03753229422570714,1.2363463154194319,0.7339122138067035,0.0,0.0,0.0,0.0,0.0,0.0,0.0,0.0
2024-06-27,10.5,10.63,10.5,10.59,1719607,0.004743833017077925,-0.007497656982193068,0.0,-0.014883720930232602,-0.05277280858676203,-0.04851752021563349,10.604,11.007,11.294500000000001,10.78927066974036,10.957619320453302,-0.16834865071294303,-0.11991565839311165,-0.04843299231983138,-0.015896945298672617,-0.004573464808293804,36.181689057954884,11.007,0.29172986783926635,11.590459735678532,10.423540264321467,0.10601612349932456,0.14264886289449696,0.2360563092819117,0.022290491905751813,18.476278925906097,11.235842610013789,23.553976751942535,8.490566037735832,6.502505063426104,240184053.0,254937045.2,0.16412725323101324,0.4364345834417902,-0.9140283696770434,4559839.4,-1.0712347348283753,0.3771200801501912,0.012275731822474106,-0.037884982284001056,-0.062375492496347884,3.0,6.0,-0.03198494825964271,0.0,1260.71,1259.09,-0.001704671593035445,-0.018100288544022458,-0.0057094573251627034,0.1274475866265278,0.00644850461011337,0.003216567613789856,-0.04280806289047079,-0.043053877164826115,1.2335908124967199,0.7308956776595031,0.0,0.0,0.0,0.0,0.0,0.0,0.0,0.0
2024-06-28,10.63,10.63,10.29,10.29,3449313,-0.028328611898017053,-0.02371916508538896,-0.0356138706654171,-0.03198494825964271,-0.07213706041478818,-0.07547169811320764,10.536,10.965,11.248833333333332,10.712459797472611,10.90816603745676,-0.19570623998414938,-0.1350737747113192,-0.06063246527283017,-0.01901907094112239,-0.005892367859361533,29.67536831427222,10.965,0.33092374698082605,11.626847493961652,10.303152506038348,0.1207200171384682,-0.009936205967647663,0.24348085861891813,0.023661891022246664,20.444001191890788,10.115136592572265,27.36526136615684,0.0,2.830188679245296,236734740.0,254056405.4,0.18767315570225213,0.07819412803969059,-0.4130179436220106,4596270.3,-0.4361585636813757,0.750459127697516,0.033041788143829125,-0.061559507523939905,-0.085238469174581,4.0,6.0,0.0,0.0,1260.27,1245.32,-0.010936469990231013,-0.02862669849144328,-0.012998129537456826,0.13254945062257528,-0.01739214190778604,-0.0033582497681994283,-0.062473568575750815,-0.06329630210981618,1.2537860353086965,0.7379505356391726,0.0,0.0,0.0,0.0,0.0,0.0,0.0,0.0
2024-07-01,10.38,10.42,10.21,10.38,1418894,0.008746355685131268,-0.019830028328611804,-0.015180265654648806,-0.019830028328611804,-0.049450549450549386,-0.07815275310834802,10.494,10.921000000000001,11.203166666666666,10.661312136322978,10.869042627274778,-0.20773049095179985,-0.14960511795941533,-0.058125372992384516,-0.020012571382639677,-0.0055997469164146925,33.53667783392035,10.921000000000001,0.3477128276701251,11.616425655340251,10.225574344659751,0.12735567353543625,0.11102959328175335,0.24108936871756678,0.023226336099958264,22.514731990859435,9.485797150125386,28.032854681417284,14.406779661016946,7.632448566250946,238153634.0,252962272.95,0.18471903881860305,0.059192937757508134,-0.3357974797803439,4382777.65,-1.094304434762158,0.3237430947472318,0.02023121387283228,-0.049537588132954835,-0.07347624927475849,0.0,7.0,0.0038535645472059787,1.0,1246.33,1254.56,0.00741977965502838,0.00035084361943038544,-0.019875000000000087,0.12395968174907995,0.0013265760301028884,-0.02018087194804219,-0.05827775310834793,-0.05945951088723167,1.2535959692801422,0.7391331691878553,0.0,0.0,0.0,0.0,0.0,0.0,0.0,0.0
2024-07-02,10.38,10.54,10.38,10.42,1365991,0.0038535645472059787,0.01263362487852282,-0.016052880075542952,-0.023430178069353325,-0.05013673655423889,-0.0637915543575922,10.443999999999999,10.885499999999999,11.156166666666667,10.62418719227329,10.835780210439609,-0.2115930181663188,-0.16200269800079603,-0.04959032016552278,-0.02030643168582714,-0.004759147808591438,35.23862233342213,10.885499999999999,0.36123290343814557,11.60796580687629,10.163034193123707,0.13273911292568863,0.17783942466933486,0.23529727095202618,0.022581311991557215,23.449151916993504,12.667872929526848,26.671277129849944,17.79661016949145,10.734463276836152,239519625.0,252161886.45,0.1844591685545699,-0.12770238421868843,-0.30990887128372796,4225630.8,-1.0247076293029578,0.32326321551802395,0.015355086372360688,-0.04276330898902203,-0.06598742100781341,1.0,7.0,0.012380952380952381,1.0,1258.87,1269.79,0.012139714322152884,0.010528745145476526,-0.010697145350286763,0.13192603213390952,-0.008286149774946905,-0.03395892321482985,-0.05309440900730544,-0.05366850884717689,1.2877641856089912,0.761860831663099,0.0,0.0,0.0,0.0,0.0,0.0,0.0,0.0
2024-07-03,10.5,10.71,10.42,10.63,2236417,0.020153550863723613,0.024084778420038644,0.03304178814382919,0.008538899430740265,-0.026556776556776462,-0.05595026642984002,10.462,10.854,11.116166666666667,10.62508147038509,10.820537231888526,-0.19545576150343535,-0.1686933107013239,-0.026762450802111454,-0.018387183584518848,-0.002517634130019892,43.42895490314444,10.854,0.3542583059978361,11.56251661199567,10.145483388004328,0.13055400994945116,0.3419232547215372,0.23920460874116725,0.022502785394277258,23.117895979011603,16.647226755695087,24.36163745467789,35.59322033898305,22.598870056497173,241756042.0,251058153.15,0.19565347156066723,0.0740686804369034,-0.22945099174135408,3922284.0,-0.6360995437511167,0.5701823223407586,0.027281279397930472,-0.02063755297586134,-0.04373510052925911,2.0,7.0,-0.0037629350893697566,0.0,1273.26,1276.85,0.005559974483969832,0.012376708635945421,-0.005839529723206338,0.13363643287178498,0.014593576379753781,-0.003837809205205156,-0.050110736706633685,-0.05040507866167909,1.2974382139479066,0.7610438090066197,0.0,0.0,0.0,0.0,0.0,0.0,0.0,0.0
2024-07-04,10.63,10.71,10.54,10.59,1712260,-0.0037629350893697566,0.016314779270633295,0.02023121387283222,0.0,-0.014883720930232602,-0.07672188317349615,10.462,10.809999999999999,11.079666666666666,10.619684321095077,10.803460399896784,-0.18377607880170643,-0.17170986432140042,-0.012066214480306009,-0.017353737375043102,-0.0011393970236360726,42.33079085865594,10.809999999999999,0.32734980485235604,11.464699609704711,10.155300390295286,0.12112851243380435,0.33198401470009664,0.23426142240251258,0.022121003059727345,22.81030117945698,15.784323703856584,23.098860680147975,41.304347826086854,31.56472611152047,240043782.0,249188783.3,0.17848132842127398,0.02472040403612483,0.21299705432613122,3327873.45,-1.1483176467812826,0.5145207670081324,0.016052880075543126,-0.020351526364477235,-0.0441950720539126,3.0,7.0,-0.0047214353163362865,0.0,1278.87,1279.89,0.0023808591455536376,0.016519867523370202,-0.0028592352519554165,0.13395329659467067,-0.006143794234923394,-0.016519867523370202,-0.07386264792154074,-0.07407444418361953,1.2928193864211315,0.7572432115284797,0.0,0.0,0.0,0.0,0.0,0.0,0.0,0.0
2024-07-05,10.59,10.71,10.5,10.54,2141871,-0.0047214353163362865,-0.008466603951082008,0.011516314779270509,0.024295432458697697,-0.008466603951082008,-0.07786526684164485,10.512,10.7655,11.043833333333334,10.607425194772757,10.783944814719243,-0.17651961994648602,-0.17267181544641755,-0.003847804500068469,-0.016747592025283305,-0.0003650668406137068,40.93730741723258,10.7655,0.297789664378329,11.361079328756658,10.169920671243341,0.11064592053442167,0.31068852702564576,0.23252846365947602,0.02206152406636395,22.714170017382347,14.766104893859294,22.837522246428595,39.28571428571409,38.72776081692802,237901911.0,247446091.3,0.1784951333620811,0.04298267872089778,0.21275556030800574,3201195.6,-0.7603460436900469,0.6690847007286902,0.01992409867172684,-0.020946542194974715,-0.045621236587537695,4.0,7.0,0.0037771482530690736,1.0,1281.21,1283.04,0.0024611490049926132,0.030289403526804426,-0.003525994501312524,0.13375906313933375,-0.0071825843213289,-0.005993971068106729,-0.07433927234033233,-0.07460231970941289,1.292358470156598,0.7564697585717988,0.0,0.0,0.0,0.0,0.0,0.0,0.0,0.0
2024-07-08,10.59,10.71,10.54,10.63,2432858,0.008538899430740265,0.0037771482530690736,0.0,0.024084778420038644,0.0037771482530690736,-0.05595026642984002,10.562000000000001,10.734,11.007333333333333,10.610898241730794,10.77254149511041,-0.16164325337961571,-0.1704661030330572,0.008822849653441489,-0.015206326752550866,0.0008299952637292086,44.48014268904635,10.734,0.2751917991434693,11.284383598286938,10.183616401713062,0.10254958045219643,0.40552044035859913,0.22806214482665643,0.021454576183128543,22.624905366884473,13.979903823888382,21.62156959305868,50.0,43.530020703933666,240334769.0,246151368.05,0.17889877136378673,-0.17186187257107693,0.22541233114813006,2996512.65,-0.4858319680344648,0.811896455701597,0.01599247412982142,-0.009688839202533939,-0.03428017685179574,0.0,7.0,0.0037488284910967007,1.0,1285.34,1283.56,0.00040528744232437575,0.023115674021170873,-0.0055087667645487,0.1334432180253906,0.00813361198841589,0.0009691043988677706,-0.05044149966529132,-0.05072090932484774,1.2911928615202226,0.7514985056559844,0.0,0.0,0.0,0.0,0.0,0.0,0.0,0.0
2024-07-09,10.67,10.71,10.59,10.71,3229850,0.007525870178739513,0.016129032258064724,0.011331444759206999,0.027831094049904026,0.0037488284910967007,-0.037735849056603765,10.620000000000001,10.713000000000001,10.974333333333332,10.626144666079902,10.767908791768898,-0.14176412568899543,-0.16472570756424487,0.022961581875249437,-0.013236613042856716,0.002143938550443458,47.49502481042959,10.713000000000001,0.2589269354369413,11.230853870873883,10.195146129126119,0.0966776572153238,0.49710342997442736,0.22034342019618106,0.02057361533110934,22.542016762850732,13.436081154006915,20.780483713552627,65.78947368421055,51.69172932330823,243564619.0,245259950.4,0.17936138623391934,-0.38074993945198227,0.31167857913655456,2916192.05,0.29072809229645136,1.1075573709214386,0.011204481792717179,-0.00028003360403250355,-0.024086504875011183,1.0,7.0,-0.008333333333333304,0.0,1286.33,1293.71,0.007907694225435469,0.018837760574583307,0.007240678599512496,0.13527212165285935,-0.0003818240466959555,0.00899333347532072,-0.04497652765611626,-0.044653208127626964,1.2905592867914901,0.7524488493900665,0.0,0.0,0.0,0.0,0.0,0.0,0.0,0.0
2024-07-10,10.8,10.84,10.67,10.71,2732282,0.0,0.007525870178739513,0.016129032258064724,0.007525870178739513,0.016129032258064724,-0.045454545454545414,10.636,10.6875,10.942,10.639045486682994,10.763619251637868,-0.12457376495487438,-0.15669531904237077,0.032121554087496396,-0.011631537344059232,0.002999211399392754,47.49502481042959,10.6875,0.22984834817314376,11.147196696346288,10.227803303653712,0.08602511276655687,0.524472657927317,0.21674746161073954,0.020237858226959806,21.44904784139044,16.967467445086573,19.616297322542845,74.6268656716418,63.47211311861747,243564619.0,244203815.5,0.17567246601656097,-0.32558968537591354,0.5286007545340206,2888088.9,-0.14482647361687703,0.9460519030421813,0.015873015873015865,0.002105263157894832,-0.02120270517272882,2.0,7.0,-0.012037037037037068,0.0,1295.57,1285.94,-0.006005982793670928,0.007119082116145314,-0.010959936624647115,0.1294026080788106,0.006005982793670928,0.00040678806259419886,-0.0344946088298983,-0.034876856971978065,1.2801772276686185,0.7485451231306471,0.0,0.0,0.0,0.0,0.0,0.0,0.0,0.0
2024-07-11,10.8,10.84,10.67,10.67,2791457,-0.0037348272642391267,-0.0037348272642391267,0.0037629350893695346,0.007554296506137925,0.007554296506137925,-0.04561717352415029,10.652000000000001,10.662,10.907499999999999,10.643807719500995,10.756684492257286,-0.11287677275629093,-0.14793160978515482,0.03505483702886389,-0.010578891542295308,0.0032853642951137666,46.04510224852688,10.662,0.1984837259669192,11.058967451933839,10.265032548066163,0.07446397522675632,0.5100763928642347,0.21340835720997245,0.02000078324367127,20.434148128605877,16.002024779413226,18.500137209726425,68.65671641791032,69.69101859125423,240773162.0,243192707.45,0.1756901635494498,-0.3229769835232964,0.5257418745703576,2843062.05,-0.04872462796865626,0.981848778151008,0.015932521087160256,0.0007503282686174284,-0.021774008709603443,3.0,7.0,-0.011204481792717158,0.0,1291.14,1283.8,-0.0016641522932641095,0.003054950034768522,-0.013607271553810585,0.12933074022722937,-0.002070674970975017,0.004499346471369403,-0.032009901970339705,-0.03245147804441251,1.2982789541643183,0.749599081622659,0.0,0.0,0.0,0.0,0.0,0.0,0.0,0.0
2024-07-12,10.71,10.71,10.54,10.59,2286491,-0.007497656982193068,-0.011204481792717158,-0.011204481792717158,0.004743833017077925,0.029154518950437414,-0.04508566275924253,10.662,10.637,10.8865,10.635529608808534,10.74433749283082,-0.10880788402228525,-0.1401068646325809,0.03129898061029565,-0.010274587726372545,0.0029555222483754156,43.20431633812066,10.637,0.17137524233166324,10.979750484663327,10.294249515336674,0.06444495340102038,0.4314370043179265,0.2103077602664031,0.019859089732427112,20.283997933844823,15.07809167943281,21.84726479274468,60.31746031746025,67.8670141356708,238486671.0,242324890.1,0.17546004247527375,-0.33040612677807135,0.5493531233226608,2699771.35,-0.4520695579231918,0.8469202401158897,0.016052880075543126,-0.004418539061765592,-0.027235566986634874,4.0,7.0,-0.015932521087160256,0.0,1284.57,1280.75,-0.002375759464090965,-0.0017848235440828253,0.0006562961458227434,0.11515407452136596,-0.005121897518102103,0.0065286565611607505,-0.04574195890506527,-0.0457119583229999,1.2349467531440157,0.6596665274525759,0.0,0.0,0.0,0.0,0.0,0.0,0.0,0.0
2024-07-15,10.67,10.67,10.5,10.5,1478298,-0.008498583569405138,-0.015932521087160256,-0.019607843137254943,-0.012229539040451654,0.01156069364161838,-0.038461538461538436,10.636,10.616000000000001,10.872333333333334,10.614678899761067,10.726238419287796,-0.11155951952672893,-0.1343973956114105,0.022837876084681574,-0.010624716145402755,0.002175035817588721,40.19953226012401,10.616000000000001,0.16024323616573333,10.936486472331469,10.295513527668534,0.060378009105400726,0.3190251227202704,0.2074286345330886,0.019755108050770343,20.366895969121895,14.19542129179619,21.94573755384532,46.03174603174597,58.33530758903887,237008373.0,241601854.0,0.17030421776164734,-0.37299472994615246,0.9662757401401971,2554990.1,-1.2476720476684342,0.578592457168425,0.016190476190476182,-0.010926902788244264,-0.03424594536591352,0.0,7.0,-0.008498583569405138,0.0,1284.14,1279.82,-0.0007261370290845282,-0.002913771074199878,0.0039614989370631015,0.1141985907488554,-0.00777244654032061,-0.009315767966251776,-0.04242303739860154,-0.042255641718847436,1.222126971851936,0.6901096684550097,0.0,0.0,0.0,0.0,0.0,0.0,0.0,0.0
2024-07-16,10.59,10.63,10.5,10.5,2348162,0.0,-0.008498583569405138,-0.015932521087160256,-0.019607843137254943,0.007677543186180413,-0.042844120328167756,10.594,10.592500000000001,10.8625,10.597035992105518,10.70948001785907,-0.11244402575355217,-0.13000672163983884,0.017562695886286672,-0.010708954833671635,0.0016726377034558735,40.19953226012401,10.592500000000001,0.13859729624469472,10.86969459248939,10.315305407510612,0.05233789803906326,0.3331497033017661,0.2018980177807252,0.019228382645783353,20.44387271616489,13.542544023708672,20.936406947461652,46.03174603174597,50.79365079365075,237008373.0,240755546.35,0.16876102082312144,-0.32445163877328453,1.085087961431663,2549126.65,-0.23259820605634318,0.9211633325476395,0.012380952380952456,-0.008732593816379586,-0.03337169159953979,1.0,7.0,-0.015180265654648806,0.0,1282.83,1281.18,0.0010626494350769455,-0.00968532360420804,0.0013130128956624354,0.11351064887772708,-0.0010626494350769455,-0.009922519533046903,-0.04415713322383019,-0.044099230365671316,1.2328616588087813,0.6764381157648787,0.0,0.0,0.0,0.0,0.0,0.0,0.0,0.0
2024-07-17,10.54,10.59,10.12,10.38,3002439,-0.011428571428571344,-0.011428571428571344,-0.019830028328611804,-0.03081232492997199,-0.0235183443085607,-0.049450549450549386,10.528,10.5655,10.859833333333334,10.5636458394739,10.68507409061025,-0.1214282511363507,-0.1282910275391412,0.00686277640279051,-0.011698290090207196,0.0006611537960299142,36.296038720390044,10.5655,0.12318044103125425,10.811860882062508,10.319139117937493,0.04663496892007148,0.12351977625868872,0.2210481593678163,0.021295583754124884,22.174716838388708,11.485786117795262,30.03587481753659,36.1111111111113,42.72486772486777,234005934.0,239909979.75,0.17180512757099722,-0.23805888896212932,0.7594473582127174,2548385.6,0.5257786841359954,1.1781729578129778,0.045279383429672505,-0.017557143533197594,-0.04418422627726026,2.0,7.0,-0.0038387715930900956,0.0,1286.07,1268.66,-0.009772241215129762,-0.013437640947478124,-0.008696739308792778,0.11877776320344365,-0.0016563302134415814,-0.017374683982493866,-0.04075381014175661,-0.041111344790029425,1.10119135768051,0.6519252686111878,0.0,0.0,0.0,0.0,0.0,0.0,0.0,0.0
2024-07-18,10.42,10.42,10.21,10.38,2396925,0.0,-0.011428571428571344,-0.011428571428571344,-0.027179006560449803,-0.019830028328611804,-0.034418604651162754,10.469999999999999,10.547,10.854333333333333,10.535392633400992,10.662476009824307,-0.12708337642331458,-0.1280494973159759,0.0009661208926613207,-0.012243099848103524,9.307523050687097e-05,36.29603872039005,10.547,0.12178929172537832,10.790578583450758,10.303421416549243,0.046189169138287155,0.157194820591111,0.22025900512725793,0.021219557334032555,23.78192923759654,10.703585219051591,27.990382411890153,36.1111111111113,39.41798941798954,234005934.0,239263008.8,0.1648169900673054,-0.4020179847293774,1.4564194869301474,2469636.2,-0.09133243517714121,0.9705579307591944,0.02023121387283228,-0.01583388641319805,-0.04369990479992614,3.0,7.0,-0.017077798861480087,0.0,1270.95,1274.44,0.0045559882080306036,-0.007290855273407004,-0.0061296108554939055,0.1198173244158505,-0.0045559882080306036,-0.0198881512870428,-0.02828899379566885,-0.02846346375206843,1.087340676418824,0.6407300234069656,0.0,0.0,0.0,0.0,0.0,0.0,0.0,0.0
2024-07-19,10.54,10.58,10.32,10.36,2213135,-0.0019267822736032114,-0.0019267822736032114,-0.01333333333333342,-0.021718602455146452,-0.017077798861480087,-0.02539981185324569,10.424000000000001,10.5335,10.854833333333334,10.5084091513393,10.64007037946695,-0.13166122812764947,-0.1287718434783106,-0.0028893846493388553,-0.01270861275363412,-0.0002788981321755652,35.627334728881735,10.5335,0.126959380159749,10.787418760319499,10.279581239680502,0.04821166000275285,0.15835529485554617,0.22309764761816808,0.021534521970865646,23.970317692657865,14.935258141569879,25.66036507105712,33.333333333333336,35.18518518518533,231792799.0,238672183.95,0.1609990380670216,-0.5356658777530662,1.996064180943892,2413490.1,-0.25986520952487097,0.9169853234533674,0.025096525096525078,-0.016471258366165142,-0.04558645150393836,4.0,7.0,-0.012548262548262468,0.0,1275.28,1264.78,-0.007579799755186634,-0.012469256295139619,-0.01344752811968608,0.1225843699527147,0.005653017481583422,-0.009249346160006833,-0.01195228373355961,-0.012115203270211539,0.9950449389399812,0.6183257404328288,0.0,0.0,0.0,0.0,0.0,0.0,0.0,0.0
2024-07-22,10.36,10.36,10.01,10.23,2957642,-0.012548262548262468,-0.014450867052023142,-0.014450867052023142,-0.02571428571428569,-0.03762935089369712,-0.03399433427762033,10.370000000000001,10.5155,10.846166666666667,10.465576974210178,10.609694795802731,-0.1441178215925536,-0.1318410391011592,-0.012276782491394383,-0.014087763596535054,-0.0012000764898723738,31.55751209022941,10.5155,0.14303017716191185,10.801560354323824,10.229439645676175,0.05440737089512139,0.0009794337372440955,0.23216210135972748,0.02269424255715811,25.240654334544352,13.326979049709385,32.434841087159015,26.506024096385616,31.9834895136101,228835157.0,238162545.75,0.16577681851603424,-0.42387032115313955,1.3815334620043005,2332303.45,1.0484713523354248,1.268120578392147,0.034213098729227724,-0.0271503970329513,-0.056809625520537144,0.0,7.0,-0.025316455696202556,0.0,1261.42,1254.64,-0.008017204573127268,-0.01967464174649547,0.00041463336841784937,0.09853400633410221,-0.0045310579751352,-0.00603964396779022,-0.03440896764603818,-0.034394706453045765,0.8736818495671218,0.5554387342809028,0.0,0.0,0.0,0.0,0.0,0.0,0.0,0.0
2024-07-23,10.27,10.32,9.96,10.01,1888069,-0.021505376344086113,-0.03378378378378377,-0.035645472061657135,-0.046666666666666634,-0.06535947712418311,-0.061855670103092786,10.272,10.4825,10.835166666666668,10.395488208947073,10.565272959076603,-0.16978475012952998,-0.13942978130683337,-0.030354968822696615,-0.016961513499453545,-0.00303246441785181,26.119698450120012,10.4825,0.17749351359539906,10.837487027190798,10.127512972809201,0.06772945903950364,-0.16551727782722722,0.24129337983403262,0.02410523275065261,26.565603641382516,11.906742210935608,30.458425845274505,5.681818181818067,21.84039187051236,226947088.0,237454286.55,0.17608879239056308,-0.2821996308037053,0.7049723173995807,2322489.35,-0.7212577088595029,0.8129505523889701,0.035964035964035905,-0.04507512520868118,-0.07615634277276162,1.0,7.0,0.013104838709677491,1.0,1256.72,1231.81,-0.018196454759931258,-0.038534788242089446,-0.019696632074871046,0.11748248609062567,-0.003308921584154856,-0.008131878424577188,-0.04215903802822174,-0.04300611362526874,0.8945324540030518,0.5851073141191449,0.0,0.0,0.0,0.0,0.0,0.0,0.0,0.0
2024-07-24,9.92,10.1,9.74,10.05,2691909,0.003996003996004083,-0.017595307917888547,-0.029922779922779807,-0.03179190751445082,-0.06162464985994398,-0.046489563567362335,10.206,10.458,10.824833333333334,10.34233617680137,10.527104591737595,-0.18476841493622587,-0.1484975080327119,-0.03627090690351398,-0.0183849169090772,-0.0036090454630362165,28.531052295565658,10.458,0.20135331607588383,10.860706632151768,10.055293367848233,0.07701408149775628,-0.0065722382320201785,0.2497724241316017,0.024852977525532505,28.36618387968767,10.680932867879287,33.61414613575984,28.181818181818237,20.123220153340657,229638997.0,237013014.1,0.17441171323897722,-0.4876406713564021,0.9827559067056914,2324693.5,0.6083333618818709,1.1579629744738393,0.035820895522388,-0.039013195639701626,-0.07157923909529018,2.0,7.0,-0.004016064257028162,0.0,1225.5,1238.47,0.005406677977934926,-0.023796761937792676,-0.018053661476007732,0.11852082632989017,-0.0014106739819308434,-0.007995145576658147,-0.028435902091354603,-0.02895871289066354,0.8971639855140309,0.5871196024985871,0.0,0.0,0.0,0.0,0.0,0.0,0.0,0.0
2024-07-25,9.96,10.01,9.88,9.92,1210170,-0.012935323383084674,-0.00899100899100902,-0.030303030303030387,-0.044315992292870976,-0.07029053420805997,-0.0632672332389046,10.114,10.4245,10.808833333333334,10.27736138037039,10.482133881238514,-0.20477250086812404,-0.15975250659979434,-0.0450199942683297,-0.02064238920041573,-0.004538305873823558,25.605949011964526,10.4245,0.23168660774965558,10.887873215499312,9.961126784500689,0.08890080397128142,-0.04437760224916338,0.2440743938364873,0.024604273572226543,30.03815124382817,10.149549628824749,31.94182087422871,16.363636363636342,16.742424242424235,228428827.0,236425252.8,0.17619605743750175,-0.2731495941034637,0.6911579772981992,2299221.65,-1.7012122120387234,0.5263389895445705,0.01310483870967732,-0.04839560650390906,-0.08223212495952392,3.0,7.0,0.003996003996004083,1.0,1232.92,1233.19,-0.004263324908960198,-0.03236715733969431,-0.02057041196419629,0.11910238522762136,-0.008671998474124476,-0.011948834953176668,-0.04269682127470831,-0.04359355873691195,0.8828691824042127,0.5878738194173035,0.0,0.0,0.0,0.0,0.0,0.0,0.0,0.0
2024-07-26,10.01,10.1,9.96,10.05,1376870,0.013104838709677491,0.0,0.003996003996004083,-0.029922779922779807,-0.050991501416430496,-0.023323615160349753,10.052000000000001,10.4125,10.796333333333333,10.242382706467254,10.450123964109736,-0.20774125764248197,-0.16935025680833188,-0.03839100083415009,-0.020670771904724574,-0.003820000083000009,33.003074283975494,10.4125,0.24486032538446134,10.902220650768923,9.922779349231076,0.09406399054385083,0.12989104152456293,0.23949765141959534,0.023830612081551773,30.906260793929356,12.288873043090847,30.22706270577502,28.181818181818237,24.242424242424292,229805697.0,236078800.65,0.15830874306599227,0.11141815708812695,0.08594701983736286,2195599.5,-1.3393677399848707,0.6271043512261685,0.013930348258706347,-0.034813925570228,-0.06912840779276908,4.0,7.0,-0.008910891089108919,0.0,1235.21,1242.11,0.00723327305605781,-0.017924065845443482,-0.0025776507243118196,0.11645480994394654,0.005871565653619681,-0.011998714077336325,-0.020745964436037934,-0.020799578484584136,0.9080656941335108,0.6012856756530637,0.0,0.0,0.0,0.0,0.0,0.0,0.0,0.0
2024-07-29,10.1,10.19,10.01,10.01,1104957,-0.003980099502487677,0.009072580645161255,-0.003980099502487677,-0.021505376344086113,-0.046666666666666634,-0.035645472061657135,10.008,10.394,10.777666666666667,10.206631520856908,10.417522188990496,-0.21089066813358848,-0.17765833907338321,-0.03323232906020526,-0.021067998814544305,-0.0033199129930274987,31.95038034962532,10.394,0.260897237281401,10.915794474562801,9.872205525437199,0.10040301607904586,0.13203903191793626,0.23524781917533852,0.023501280636896955,31.065778355017507,14.34992231567709,28.575044571356944,24.545454545454515,23.03030303030305,228700740.0,235606155.95,0.15416738328017796,0.27635627501808885,0.468747016062491,2179902.65,-1.6906619203964401,0.5068836445517418,0.017982017982017953,-0.03694439099480473,-0.07122753842823126,0.0,7.0,-0.01298701298701288,0.0,1247.71,1246.6,0.0036148167231566664,-0.006408212714404282,-0.006344853972707565,0.1139509339458055,-0.007594916225644344,-0.015097163629681831,-0.02930061808894957,-0.02948771332397926,0.8175083278703263,0.5567171826894168,0.0,0.0,0.0,0.0,0.0,0.0,0.0,0.0
2024-07-30,10.01,10.05,9.88,9.88,1592516,-0.01298701298701288,-0.01691542288557213,-0.004032258064516014,-0.01298701298701288,-0.059047619047619015,-0.051823416506717734,9.982000000000001,10.367,10.758166666666666,10.156380517648152,10.377705730546756,-0.22132521289860385,-0.18639171383842734,-0.03493349906017651,-0.022401337337915366,-0.003535779257102885,28.741688267040857,10.367,0.28490256875680214,10.936805137513606,9.797194862486396,0.10992671698921666,0.07266092569376621,0.23058726066281435,0.02333879156506218,31.64422685764441,13.594247192127364,31.097251317813374,12.727272727272783,21.81818181818186,227108224.0,234985585.9,0.1575740771711952,0.44724312005313077,0.371787377392787,2191228.9,-0.9618986198697385,0.7267684357394155,0.017206477732793515,-0.04697598147969517,-0.08162791057955954,1.0,7.0,0.0,0.0,1247.23,1245.06,-0.001235360179688727,0.01075652901015589,-0.019475661329826255,0.10405580935532513,-0.011751652807324153,-0.02374354199716877,-0.03234775517689148,-0.03299026235367375,0.8387288934159498,0.564748858875166,0.0,0.0,0.0,0.0,0.0,0.0,0.0,0.0
2024-07-31,9.96,10.05,9.92,9.96,1859679,0.00809716599190291,-0.004995004995004937,-0.008955223880596996,-0.008955223880596996,-0.040462427745664775,-0.06302916274694259,9.964,10.333499999999999,10.743500000000001,10.126168130317668,10.34676456532107,-0.22059643500340265,-0.19323265807142243,-0.02736377693198022,-0.02214823644612476,-0.0027473671618454035,33.188363752232476,10.333499999999999,0.2916608520723878,10.916821704144775,9.750178295855223,0.11289915404166566,0.1798507604413616,0.22625959918689903,0.0227168272276003,32.18135761008367,12.86467371894918,29.428329947649484,22.68041237113407,19.984379881287143,228967903.0,234346178.95,0.13921534663287852,-0.03829721263080497,-0.29102244887669965,2172392.0,-0.49900348862198624,0.8560513019749658,0.013052208835341443,-0.036144578313252795,-0.07292781681947225,2.0,7.0,-0.03996003996004005,0.0,1247.45,1251.51,0.005180473230205873,0.010529120608492759,-0.019845714061949238,0.10374857521674315,0.0029166927616970373,-0.019484344489089755,-0.04318344868499335,-0.04405780733149056,0.8552838275297636,0.5866297938160964,0.0,0.0,0.0,0.0,0.0,0.0,0.0,0.0
2024-08-01,10.01,10.05,9.48,9.61,3158692,-0.03514056224899609,-0.027327935222672184,-0.03996003996004005,-0.03125,-0.07418111753371881,-0.09254013220018886,9.902000000000001,10.284500000000001,10.723,10.046757648730335,10.292189412334324,-0.24543176360398888,-0.20367247917793574,-0.041759284426053145,-0.025539205369821946,-0.004345399003751628,25.647679902882587,10.284500000000001,0.32653644916240093,10.937572898324802,9.6314271016752,0.12700139011615558,-0.016404831474528724,0.2508124849592634,0.026099113939569554,33.81550881362142,10.776356618229771,37.181945999059856,10.92436974789908,15.444018282101998,225809211.0,233634450.4,0.17956578392775807,-0.8673876814198022,1.4658520332407006,2244713.6,1.3982465060673863,1.4071692709484185,0.05931321540062438,-0.06558413145996422,-0.10379557959526264,3.0,8.0,0.0,0.0,1254.59,1226.96,-0.019616303505365473,-0.005051938468524697,-0.04135511645532042,0.12206029867266188,-0.015524258743630615,-0.026198061531475303,-0.051185015744868445,-0.05339309333776132,0.9453119406866743,0.6357476114495496,0.0,0.0,0.0,0.0,0.0,0.0,0.0,0.0
2024-08-02,9.52,9.57,9.21,9.52,4310401,-0.009365244536940653,-0.04417670682730934,-0.036437246963562875,-0.052736318407960336,-0.08108108108108103,-0.09677419354838701,9.796000000000001,10.2335,10.701666666666666,9.96571801046413,10.234990196605855,-0.2692721861417251,-0.21679242057069362,-0.052479765571031484,-0.02828489350228205,-0.005512580417125156,24.129469990444463,10.2335,0.3622339313932915,10.957967862786582,9.509032137213417,0.14158750433118336,0.007569599253440966,0.26146873603360166,0.027465203364874125,35.805588718397324,9.598793640534323,40.4948855399511,21.830985915492867,18.478589344842025,221498810.0,232814295.35,0.1803000781757267,-0.7925216737915955,1.3032318134889533,2353140.1,2.448638129018903,1.8317655629598935,0.03781512605042011,-0.06972199149850977,-0.11041893786014645,4.0,8.0,-0.047311827956989405,0.0,1215.67,1236.6,0.007856816848144987,-0.004436000032203236,-0.036195286195286225,0.1261573698324969,-0.01722206138508564,-0.0483003183757571,-0.060578907353100786,-0.06285392308775872,0.9140832558255854,0.6174070994347466,0.0,0.0,0.0,0.0,0.0,0.0,0.0,0.0
2024-08-05,9.3,9.43,8.86,8.86,6720230,-0.06932773109243695,-0.0780437044745057,-0.11044176706827324,-0.11488511488511488,-0.13391984359726306,-0.16650987770460968,9.565999999999999,10.145,10.670166666666667,9.795607547315802,10.133139070931348,-0.33753152361554584,-0.2409402411796641,-0.09659128243588175,-0.03809610876021962,-0.010901950613530671,16.44271092242927,10.145,0.4625842739721275,11.070168547944254,9.219831452055745,0.18238906810138092,-0.19446805279713578,0.28993525488834443,0.032724069400490344,38.120256469836804,8.038050165189317,42.53311782115927,0.0,10.918451887797337,214778580.0,231536485.9,0.2844473693333509,-2.1948612697299215,6.4591642716498985,2567508.7,3.2892108176890065,2.617412747228471,0.06433408577878108,-0.12666338097585017,-0.16964745942737547,0.0,8.0,0.00561797752808979,1.0,1219.05,1188.07,-0.039244703218502375,-0.046951708647521184,-0.0743946523730874,0.18273729767724822,-0.030083027873934576,-0.0679334062375937,-0.09211522533152228,-0.099518899245439,1.146271522123357,0.7377668491354855,0.0,0.0,0.0,0.0,0.0,0.0,0.0,0.0
2024-08-06,8.9,9.08,8.69,8.95,2866675,0.010158013544018019,-0.05987394957983194,-0.06867845993756505,-0.09412955465587058,-0.10589410589410597,-0.16433239962651736,9.379999999999999,10.056999999999999,10.640833333333335,9.665514078497987,10.045499139751248,-0.3799850612532616,-0.2687492051943836,-0.11123585605887798,-0.042456431424945436,-0.012428587269148379,20.176990594935276,10.056999999999999,0.513994675376886,11.084989350753771,9.029010649246226,0.20443260430620913,-0.03842970220863295,0.29708273668203417,0.033193601863914436,40.45552052251887,7.284330463245756,42.632196533408695,13.756613756613742,11.862533224035554,217645255.0,230240517.7,0.28660949726432505,-2.1450957741272267,6.277928315206862,2549349.95,0.25283046164454703,1.1244729269122113,0.04357541899441347,-0.1100725862583275,-0.1589004620565434,1.0,8.0,-0.0294438386041439,0.0,1197.52,1210.28,0.018694184686087523,-0.027934396735900258,-0.06448895038300706,0.19546624495912485,-0.008536171142069504,-0.06619515791997033,-0.0998434492435103,-0.10672610364611634,1.1180259666896966,0.7389130671002782,0.0,0.0,0.0,0.0,0.0,0.0,0.0,0.0
2024-08-07,9.17,9.17,8.86,8.9,2516760,-0.005586592178770777,0.004514672686230403,-0.06512605042016795,-0.10642570281124497,-0.11442786069651745,-0.16900093370681613,9.168,9.9665,10.607833333333334,9.547742681805989,9.960647351621526,-0.4129046698155374,-0.2975802981186144,-0.115324371696923,-0.04639378312534128,-0.012957794572687977,19.651540731667467,9.9665,0.5509826150662653,11.068465230132531,8.864534769867468,0.22113384440526396,0.0160918099604044,0.2980053983476032,0.0334837526233262,42.079782318606746,8.900278552435802,39.46447325470362,11.111111111111153,8.289241622574984,215128495.0,228818711.5,0.28502231413510276,-2.135770074709639,6.328207912337328,2538573.85,-0.017390394871041777,0.9914070453376804,0.034831460674157357,-0.10700847840264882,-0.16099737615284304,2.0,8.0,0.06368715083798882,1.0,1216.96,1215.88,0.004627028456225091,-0.02846960871267501,-0.054481546572934914,0.19711820836015825,-0.010213620634995868,-0.07795609409856996,-0.11451938713388121,-0.12111808787951373,1.0962355249266704,0.7305731314921347,0.0,0.0,0.0,0.0,0.0,0.0,0.0,0.0
2024-08-08,8.95,9.52,8.9,9.52,9459614,0.06966292134831442,0.06368715083798882,0.0744920993227991,-0.009365244536940653,-0.040322580645161366,-0.10777881911902532,9.15,9.909,10.582333333333334,9.54347457691276,9.928006807056969,-0.38453223014420956,-0.31497068452373345,-0.06956154562047612,-0.04039204098153462,-0.00730688504416766,40.3837617190451,9.909,0.5334288291698044,10.97585765833961,8.842142341660391,0.21533104416986762,0.31768889365924574,0.3210050127513458,0.0337190139444691,41.75328681953669,15.460440304784408,34.01997140093408,49.70059880239521,24.856107890040054,224588109.0,228009458.85,0.39934406314358467,0.524822607744561,5.393034616432605,2871981.7,3.3045147441443476,3.293758452569527,0.06512605042016799,-0.03925724089211835,-0.10038743818313556,3.0,8.0,-0.0143003064351378,0.0,1211.83,1208.32,-0.006217718853834375,-0.015192019299732795,-0.05879420470478269,0.1974562077361005,0.0758806402021488,0.005826774762792142,-0.04898461441424262,-0.0520445312375899,1.003644963891142,0.5606635721086021,0.0,0.0,0.0,0.0,0.0,0.0,0.0,0.0
2024-08-09,9.79,9.79,9.48,9.65,3075752,0.013655462184874123,0.08426966292134841,0.07821229050279332,0.013655462184874123,-0.03980099502487566,-0.0887629839471199,9.176,9.861999999999998,10.558333333333334,9.559863103541565,9.907413710237934,-0.3475506066963696,-0.32148666895826067,-0.026063937738108944,-0.03601560691154089,-0.002700926190477611,43.666036460068014,9.861999999999998,0.5112173294155135,10.884434658831026,8.83956534116897,0.2073483388422283,0.3963258932153267,0.32021894041196386,0.03318330988725014,40.31429792046409,20.41402957560085,31.667520400484705,58.895705521472415,39.90247181165961,227663861.0,227468318.35,0.4048807394869774,0.38963929131185204,4.8428096771931735,2911444.75,0.08260249442795153,1.0564349538145967,0.032124352331606085,-0.021496653822753786,-0.08602999210734019,4.0,8.0,0.041450777202072464,1.0,1215.3,1223.64,0.012678760593220373,-0.01048034934497799,-0.04459105992582468,0.20511991447933017,0.0009767015916537503,0.024135811529852114,-0.04417192402129522,-0.046233525947397824,1.0083150466416966,0.5680567574399572,0.0,0.0,0.0,0.0,0.0,0.0,0.0,0.0
2024-08-12,9.65,10.19,9.61,10.05,5961620,0.041450777202072464,0.05567226890756305,0.1292134831460674,0.13431151241535,0.003996003996004083,-0.042857142857142816,9.413999999999998,9.8395,10.5375,9.635268779919786,9.917975657627718,-0.28270687770793224,-0.31373071070819497,0.031023833000262735,-0.02813003758287883,0.003086948557240073,52.357725342788385,9.8395,0.49116912083634656,10.821838241672692,8.857161758327306,0.1996723901972037,0.6071423217941557,0.33877473038253786,0.033708928396272424,37.625135571348906,26.351363722258885,27.794917123977612,90.66666666666674,66.42099033017814,233625481.0,227299173.75,0.43570454325902036,0.2800114016520308,3.0757510244914643,3135610.85,1.3651563069478188,1.90126271568425,0.057711442786069655,0.02139336348391696,-0.04626334519572939,0.0,8.0,-0.008910891089108919,0.0,1225.95,1230.28,0.0054264326108985905,0.03552820961727843,-0.0387085683924302,0.20686068971252286,0.036024344591173874,0.09878330279807157,-0.004148574464712618,-0.004315626175690479,1.0361676954421948,0.5620832365245239,0.0,0.0,0.0,0.0,0.0,0.0,0.0,0.0
2024-08-13,10.1,10.1,9.83,10.01,4371830,-0.003980099502487677,0.03730569948186524,0.05147058823529416,0.11843575418994412,0.013157894736842035,-0.046666666666666634,9.626000000000001,9.815,10.518,9.692919736855202,9.92479227558122,-0.23187253872601765,-0.2973590763117595,0.06548653758574186,-0.023164089782818947,0.006542111646927258,51.50198401393683,9.815,0.46817113380291436,10.751342267605828,8.87865773239417,0.19079822060230847,0.6041285899111463,0.333862249640928,0.033352872092000795,35.12805624717052,24.829164454947293,26.18933029640229,88.00000000000001,79.1874573960464,229253651.0,226911437.65,0.4357118403051649,0.3041204988979338,3.085771609168577,3236794.25,0.5459469759455033,1.3506666356689183,0.02697302697302693,0.019867549668874274,-0.04829815554287897,1.0,8.0,-0.02178217821782169,0.0,1229.81,1230.42,0.00011379523360544042,0.01664077734078062,-0.03961972556549431,0.20670840439756727,-0.004093894736093118,0.1017949768491635,-0.0070469411011723215,-0.007337657060190739,1.036182341779166,0.5632053479779102,0.0,0.0,0.0,0.0,0.0,0.0,0.0,0.0
2024-08-14,10.1,10.1,9.83,9.88,2733108,-0.01298701298701288,-0.01691542288557213,0.023834196891191706,0.11011235955056176,-0.008032128514056214,-0.048169556840077066,9.822,9.790000000000001,10.496333333333334,9.721701315800557,9.921474329241871,-0.19977301344131426,-0.27784186373767045,0.07806885029635618,-0.02021994063171197,0.00790170549558261,48.71525486712218,9.790000000000001,0.4493855454073284,10.688771090814658,8.891228909185344,0.18361002876703922,0.5500683660833053,0.3293006603808617,0.033330026354338224,32.80933973186202,23.37502776698165,24.655534582641945,79.33333333333341,86.00000000000007,226520543.0,226537168.1,0.4361925860303468,0.3112008744064397,3.0617455357754477,3223327.7,-0.23551376380190314,0.847915028931126,0.02732793522267202,0.009193054136874323,-0.05871891771729809,2.0,8.0,0.03542510121457476,1.0,1233.7,1230.36,-4.8763836738796584e-05,0.011909069974010311,-0.03018933362760723,0.2046922263901845,-0.012938249150274084,0.09820328957655144,-0.017980223212469837,-0.01853993138653076,1.0481485937085806,0.5650367791845458,0.0,0.0,0.0,0.0,0.0,0.0,0.0,0.0
2024-08-15,9.88,10.41,9.88,10.23,7261741,0.03542510121457476,0.021978021978022122,0.017910447761193993,0.07457983193277329,0.06451612903225823,-0.014450867052023142,9.964,9.7825,10.479166666666666,9.799901113369701,9.944328082631362,-0.14442696926166043,-0.25115888484246846,0.10673191558080802,-0.014117983310035232,0.01043322732950225,55.66995415085963,9.7825,0.44017789466005386,10.662855789320108,8.902144210679893,0.1799858501037787,0.7541586057755131,0.3436363274965144,0.03359103885596426,31.23615447446476,27.243576702148864,21.939325555167198,89.53488372093025,85.6227390180879,233782284.0,226525985.6,0.45613195657829814,0.1967020987448261,2.1000959691796472,3466568.5,1.681728720344935,2.0947922996473314,0.05180840664711626,0.045744952721696874,-0.02377733598409537,3.0,8.0,0.01744186046511631,1.0,1230.58,1223.56,-0.0055268376735264635,0.012612552966101642,-0.03992341734408844,0.20389478519976173,0.040951938888101225,0.061967278966671646,0.0254725502920653,0.026531790017833012,1.0171691555570839,0.5251725246768879,0.0,0.0,0.0,0.0,0.0,0.0,0.0,0.0
2024-08-16,10.32,10.54,10.27,10.5,6843583,0.02639296187683282,0.06275303643724683,0.04895104895104896,0.08808290155440401,0.10294117647058831,0.013513513513513598,10.134,9.7895,10.471333333333332,9.907608634389748,9.985488965399409,-0.07788033100966096,-0.21650317407590697,0.138622843066246,-0.007417174381872472,0.013202175530118668,60.15850532178387,9.7895,0.45082935270803665,10.691158705416074,8.887841294583927,0.18420934785557452,0.8939960850664316,0.34123373267533474,0.032498450730984264,30.13132567019655,28.19694317926909,20.51566984630763,97.83783783783788,88.9020182973672,240625867.0,226967639.0,0.46579676844337137,0.06793441175508091,1.6607784389722111,3698090.9,1.334724729601636,1.8505718720975735,0.025714285714285672,0.07257776188773679,0.002737632902527709,4.0,8.0,-0.020793950850661713,0.0,1228.27,1252.23,0.023431625747817986,0.02336471511228777,-0.009922674299087553,0.22150424111122274,0.0029613361290148354,0.06471818644211624,0.02343618781260115,0.023671068111785987,1.0050593600711295,0.5339156604958416,0.0,0.0,0.0,0.0,0.0,0.0,0.0,0.0
2024-08-19,10.58,10.72,10.36,10.36,5249542,-0.01333333333333342,0.012707722385141729,0.048582995951416796,0.030845771144278444,0.16930022573363424,0.012707722385141729,10.196000000000002,9.796,10.462666666666667,9.977207306022095,10.01323052351797,-0.03602321749587567,-0.18040718275990072,0.14438396526402505,-0.0034771445459339453,0.013936676183786204,56.93915686139611,9.796,0.45838848153066597,10.712776963061332,8.879223036938667,0.1871737368438817,0.8075993522550307,0.3425741803413824,0.03306700582445776,29.568043400105182,29.833523122259507,18.97572367896308,82.2660098522167,89.87957713699495,235376325.0,227294697.4,0.466109648372197,0.07118408826745815,1.6481277204727933,3812685.9,0.6051408937081938,1.3768619124906145,0.03474903474903487,0.05757452021233167,-0.009812667261373864,0.0,8.0,0.024975984630163373,1.0,1259.36,1261.62,0.007498622457535742,0.025473875865656526,0.005563348849072058,0.2212792523141757,-0.02083195579086916,0.005371895278621919,0.00714437353606967,0.007104846794830921,0.9884052059719213,0.5253551652379217,0.0,0.0,0.0,0.0,0.0,0.0,0.0,0.0
2024-08-20,10.41,10.81,10.32,10.67,6435458,0.02992277992277992,0.01619047619047609,0.043010752688172005,0.06593406593406592,0.1921787709497207,0.06593406593406592,10.328,9.829,10.457,10.08379079740331,10.06188011436849,0.02191068303481991,-0.13994360960095661,0.16185429263577653,0.002053484820507958,0.015169099590981868,61.812336074345254,9.829,0.4967568504017271,10.822513700803455,8.835486299196546,0.2021596705266974,0.9232452956209274,0.35310459603128364,0.03309321424848019,29.265806920912947,28.696986892109773,17.094835306995055,93.39622641509432,91.16669136838298,241811783.0,228037932.15,0.4688560286905091,-0.14034123038780386,1.5670455555108462,4040055.35,0.9989062285610757,1.5929133248137306,0.04592314901593254,0.08556312951470124,0.020369130725829576,1.0,8.0,0.012229539040451431,1.0,1263.65,1272.55,0.008663464434615964,0.03424034069667248,0.03307328240556573,0.2117212285295141,0.021259315488163955,0.031693725237393444,0.03286078352850019,0.03180876331636617,1.0185005165064422,0.5293265820886678,0.0,0.0,0.0,0.0,0.0,0.0,0.0,0.0
2024-08-21,10.63,10.98,10.63,10.76,5563997,0.008434864104967188,0.038610038610038755,0.024761904761904763,0.08906882591093113,0.2089887640449437,0.07064676616915411,10.504000000000001,9.8645,10.452166666666667,10.187822982418185,10.113592698489343,0.07423028392884135,-0.09710883089499703,0.17133911482383837,0.006898725272197151,0.01592370955611881,63.1173567453442,9.8645,0.5371119162021158,10.938723832404232,8.790276167595767,0.21779590093856407,0.9168125734074302,0.3528828391719062,0.03279580289701731,29.384199979981304,30.10499257226393,15.883750960480027,90.39301310043666,88.68508312258258,247375780.0,228924771.3,0.4691688788663372,-0.16483895657326902,1.559142683696624,4183659.75,0.5753706873195703,1.3299353514587318,0.03252788104089216,0.09078006994779253,0.02945162884888286,2.0,8.0,-0.021276595744680882,0.0,1272.34,1284.05,0.009036973006954607,0.04363763451347569,0.03680347525575911,0.212949682417821,-0.0006021089019874193,0.04543119139745544,0.033843290913395,0.0326419535824245,1.0317037442536068,0.5367842204464247,0.0,0.0,0.0,0.0,0.0,0.0,0.0,0.0
2024-08-22,10.81,10.81,10.54,10.58,3410286,-0.016728624535315983,-0.008434864104967188,0.021235521235521304,0.03421309872922773,0.1113445378151261,0.06653225806451624,10.574,9.8975,10.443,10.248157908200003,10.148141387490133,0.10001652070987,-0.05768376057402363,0.15770028128389363,0.00945335734497826,0.014905508627967261,58.79009523630208,9.8975,0.5604685539796094,11.018437107959219,8.776562892040783,0.22650914027971064,0.8044327800167849,0.346962636373913,0.032794200035341496,29.11152010253701,28.43162424825644,16.853675744211575,82.53275109170305,88.77399686907802,243965494.0,229701604.65,0.4711561496680351,-0.15035966741059661,1.477866078934145,4293665.55,-0.38339796874786,0.7942598137388693,0.025519848771266666,0.0689568072745641,0.013118835583644683,3.0,8.0,0.012380952380952381,1.0,1287.34,1282.78,-0.0009890580584868136,0.04839975154467302,0.04021278148541585,0.21200886508318106,-0.01573956647682917,-0.014186652815445289,0.026319476579100387,0.02530201228782869,1.046603475932146,0.5407613216353321,0.0,0.0,0.0,0.0,0.0,0.0,0.0,0.0
2024-08-23,10.5,10.67,10.41,10.63,5030279,0.004725897920605071,-0.012081784386617,-0.0037488284910964786,0.012380952380952381,0.10155440414507777,0.057711442786069655,10.6,9.9265,10.434666666666665,10.306902845400003,10.18383461804642,0.12306822735358303,-0.021533362988502298,0.14460159034208533,0.011577443777383163,0.01360315995692242,59.61828765767448,9.9265,0.5833142603398147,11.093128520679631,8.75987147932037,0.23505334623072185,0.8015098583352692,0.3407510194900621,0.0320555991994414,28.321644076887114,26.882059173773687,18.66019885966107,84.7161572052402,85.88064046579332,248995773.0,230661108.45,0.4698617109574418,-0.10632803674106718,1.5235416653609284,4476336.0,0.251417405550855,1.1237492002387668,0.02445907808090308,0.070870901123256,0.018719652440582824,4.0,8.0,-0.021276595744680882,0.0,1283.22,1285.32,0.0019800745256395302,0.026424858053232914,0.034787579199909935,0.211126568161054,0.002745823394965541,-0.014043905672280532,0.02292386358615972,0.022153207138303932,1.0508912221143218,0.542024532838131,0.0,0.0,0.0,0.0,0.0,0.0,0.0,0.0
2024-08-26,10.81,10.85,10.58,10.58,3463503,-0.004703668861712251,0.0,-0.016728624535315983,0.021235521235521304,0.052736318407960114,0.0569430569430569,10.644,9.955,10.423333333333334,10.348917792261542,10.213180201894833,0.13573759036670907,0.009920827682539974,0.1258167626841691,0.012829639921239042,0.011891943542927138,58.355312740692064,9.955,0.6012574542704535,11.157514908540907,8.752485091459093,0.24159013732614912,0.7598720379934228,0.3356973752407719,0.03172943055205784,28.067660864531025,29.16767303216895,17.588175989467576,81.1320754716981,82.7936612562138,245532270.0,231502684.95,0.47001587785938775,-0.10243069773001219,1.5163899507777898,4594263.3,-0.5455818169757115,0.7538755995983077,0.0255198487712665,0.06278252134605733,0.01503038055644379,0.0,8.0,-0.003795066413662118,0.0,1289.65,1280.02,-0.004123486758161321,0.014584423201914998,0.026808920263115654,0.21202742968088734,-0.0005801821035509303,0.006651098033606306,0.030134136679941248,0.029347365498363143,1.0571302404664762,0.5381298914054997,0.0,0.0,0.0,0.0,0.0,0.0,0.0,0.0
2024-08-27,10.54,10.58,10.41,10.5,3551139,-0.007561436672967825,-0.012229539040451654,-0.007561436672967825,-0.015932521087160256,0.04895104895104896,0.06275303643724683,10.61,9.986,10.412833333333333,10.372161208836689,10.234426112865586,0.13773509597110234,0.03548368134025245,0.10225141463084989,0.013117628187724032,0.009738229964842846,56.30022657398149,9.986,0.6130544751273598,11.21210895025472,8.759891049745281,0.24556558186555563,0.7096061691308989,0.32386184843785965,0.03084398556551044,27.146433937313212,28.074062010903035,20.67812008343575,76.9230769230769,80.92376986667175,241981131.0,232246330.3,0.46792918885319024,-0.12765730533470707,1.6070089302346247,4692194.45,-0.5801425750677133,0.7568183795111049,0.016190476190476182,0.05147206088523926,0.008371080557645127,1.0,8.0,-0.012333965844402162,0.0,1279.55,1280.56,0.00042186840830615857,0.006294448155278687,0.02851268211973723,0.2118347844634415,-0.007983305081273984,-0.022226969242438943,0.0342403543175096,0.033291134774285025,1.0632587065937633,0.5417724506412349,0.0,0.0,0.0,0.0,0.0,0.0,0.0,0.0
2024-08-28,10.54,10.54,10.27,10.41,3748798,-0.008571428571428563,-0.016068052930056753,-0.02069614299153344,-0.032527881040892215,0.05364372469635614,0.04518072289156616,10.540000000000001,10.008500000000002,10.398666666666665,10.377982561323352,10.247431585986654,0.13055097533669802,0.054497140139541565,0.07605383519715644,0.012540919821008455,0.0073058439190352015,53.99639052009743,10.008500000000002,0.6202654355405556,11.249030871081112,8.76796912891889,0.24789546307261043,0.6618258800968392,0.3200145735494411,0.030741073347688865,25.765731855006084,26.38217550468412,22.556808536392374,61.99999999999998,73.35171746492502,238232333.0,232709551.8,0.46947677283261646,-0.03659982260023105,1.5297855999648897,4786650.4,-0.5560523685072362,0.7831777311332366,0.025936599423631083,0.04011590148373867,0.0010898833183743406,2.0,8.0,-0.004803073967339144,0.0,1283.41,1281.44,0.0006871993502843843,-0.0020326311280712828,0.023915110546459895,0.21139714748298538,-0.009258627921712947,-0.030495249912820932,0.021265612345106266,0.020768921296372866,1.0608780499582025,0.5418476193841377,0.0,0.0,0.0,0.0,0.0,0.0,0.0,0.0
2024-08-29,10.41,10.54,10.36,10.36,2454031,-0.004803073967339144,-0.01333333333333342,-0.020793950850661713,-0.020793950850661713,0.012707722385141729,0.0780437044745057,10.496,10.046,10.380166666666666,10.375216013427451,10.25576998702468,0.11944602640277147,0.06748691739218755,0.05195910901058391,0.011529539228066744,0.005015358012604625,52.706021751568386,10.046,0.6175707928736004,11.2811415857472,8.810858414252799,0.2458971900750947,0.6271109335251008,0.31001353258162384,0.029924086156527398,24.48365135000661,25.288031657087302,21.62131353609829,54.744525547445214,64.55586749017405,235778302.0,233208006.35,0.4490119799743384,-0.08261912013149462,2.28794510272031,4751417.35,-1.2059358338019501,0.5164839918766555,0.017374517374517347,0.03125622138164452,-0.0019428075978227266,3.0,8.0,0.004826254826254983,1.0,1281.05,1281.47,2.341116244219954e-05,-0.0010212195388140666,0.04442687618178254,0.1966443145267617,-0.004826485129781344,-0.019772731311847647,0.033616828292723167,0.03218686636600121,1.0632012241925095,0.5479934456019104,0.0,0.0,0.0,0.0,0.0,0.0,0.0,0.0
2024-08-30,10.36,10.54,10.36,10.41,2766727,0.004826254826254983,0.0,-0.008571428571428563,-0.02069614299153344,-0.008571428571428563,0.0934873949579833,10.452,10.0905,10.363166666666668,10.380567395977074,10.267194432430259,0.1133729635468157,0.07666412662311319,0.03670883692370251,0.010890774596235898,0.0035263051799906352,53.89262143432992,10.0905,0.6096890924673717,11.309878184934744,8.871121815065257,0.24168835735290495,0.6310093964068654,0.3007268516829364,0.02888826625196315,23.29314802393567,24.20687833216268,20.69692545656031,50.43478260869564,55.72643605204697,238545029.0,234060317.3,0.4461657096482837,-0.16188963095423065,2.449159127681321,4674233.65,-0.9759549087402917,0.591910291005671,0.017291066282420723,0.03166344581537084,0.004519210665980378,4.0,8.0,0.068798449612403,1.0,1283.61,1283.87,0.0018728491498043454,-0.001128123735723463,0.03822578036551838,0.1955251877540292,0.002953405676450638,-0.019568019255809976,0.055261614592464925,0.05322697204938365,1.0676387108768182,0.5495099132497135,0.0,0.0,0.0,0.0,0.0,0.0,0.0,0.0
2024-09-04,10.32,11.07,10.27,11.03,12309969,0.05955811719500481,0.0646718146718146,0.05955811719500481,0.042533081285444085,0.0646718146718146,0.244920993227991,10.542,10.199,10.359333333333334,10.480480104288294,10.323698548546536,0.15678155574175712,0.09268761244684198,0.06409394329491513,0.014214102968427664,0.0058108742787774375,65.4638340100797,10.199,0.5710461314206882,11.341092262841377,9.056907737158623,0.22396161640187803,0.8638059844362221,0.33638921941986955,0.03049766268539162,23.714617068139965,31.34879595796603,17.181112860959836,96.77419354838702,67.3178339015093,250854998.0,235864138.2,0.3933871263275631,1.0741681668562182,0.34051177996579757,4953720.6,2.8664159061896637,2.4849946119286583,0.07252946509519499,0.08147857633101285,0.06474033078061647,2.0,9.0,-0.028003613369467106,0.0,1271.39,1275.8,-0.006285683129911845,-0.003296823487133005,0.07384245036066894,0.12610087007316806,0.06584380032491666,0.04582990477257709,0.17107854286732205,0.15931437876185872,1.0008402874335074,0.47895984638485123,0.0,0.0,0.0,0.0,0.0,0.0,0.0,0.0
2024-09-05,11.07,11.07,10.72,10.76,5076859,-0.024478694469628248,0.03362151777137368,0.038610038610038755,0.024761904761904763,0.008434864104967188,0.20223463687150844,10.594,10.2895,10.353166666666668,10.523483165167018,10.356017174580126,0.1674659905868925,0.10764328807485209,0.0598227025120404,0.01556375377201603,0.00555973071673238,58.57028970428011,10.2895,0.5019276001471576,11.293355200294316,9.285644799705684,0.1951222508954402,0.7343465471225609,0.337361418032736,0.031353291638730116,24.10598118061538,29.025709033802396,15.907915042345271,73.94957983193272,73.71951866300515,245778139.0,237270782.4,0.41342106240302545,0.9958573629725326,0.18945394990618628,5064229.8,0.005013765215495002,1.0024938046847716,0.03252788104089216,0.045726225764128436,0.03929554564625937,3.0,9.0,0.020618556701031077,1.0,1276.35,1268.21,-0.00594920833986512,-0.009644218154557294,0.04786495686948489,0.1169836406436649,-0.01852948612976313,0.034406122916462056,0.15436968000202356,0.14731829611251213,1.0143363146587223,0.4814200550434831,0.0,0.0,0.0,0.0,0.0,0.0,0.0,0.0
2024-09-06,10.67,11.07,10.67,10.89,6409671,0.012081784386617223,-0.012692656391658952,0.046109510086455474,0.046109510086455474,0.012081784386617223,0.22359550561797747,10.69,10.389,10.347666666666667,10.579870370525938,10.39557145794456,0.18429891258137765,0.1229744129761572,0.06132449960522045,0.016923683432633393,0.005631267181379288,60.71529749749076,10.389,0.3985882983467568,11.186176596693514,9.591823403306485,0.15346551096227057,0.814234011684501,0.34183560245896916,0.031389862484753825,24.24104568497797,26.599671586477417,15.623073438634473,77.50000000000006,82.74125779343996,252187810.0,239123748.15,0.40957128581260016,0.9219231588047591,0.1574113722184256,5258875.35,0.4675281752701987,1.2188292312347735,0.036730945821854946,0.04822408316488613,0.05241117160068298,4.0,9.0,-0.008325624421831601,0.0,1268.22,1273.96,0.004533949424779804,-0.005837183168935001,0.04776787182945674,0.11696024507997127,0.0075478349618374185,0.051946693255390475,0.17582763378852073,0.1678116293845855,1.03069300926967,0.48251247758303695,0.0,0.0,0.0,0.0,0.0,0.0,0.0,0.0
2024-09-09,10.81,10.98,10.67,10.72,4635216,-0.015610651974288348,-0.0037174721189590088,-0.02810516772438787,0.0347490347490349,0.013232514177693888,0.12605042016806745,10.762,10.449,10.340000000000002,10.601428775060409,10.41960320180052,0.18182557325988924,0.13474464503290362,0.04708092822698562,0.01696134078916877,0.00439187763311433,56.5891884984298,10.449,0.3480003024802341,11.145000604960469,9.75299939503953,0.1332186056006257,0.6946837388276357,0.3395616308547571,0.03167552526630197,24.36646272474323,24.86510361864297,14.604290832327516,56.250000000000085,69.23319327731097,247552594.0,240271972.4,0.3541611725916698,0.884506599710182,0.15491451828612532,5017655.45,-0.16952673798899756,0.9237812452825951,0.02891791044776124,0.02593549621973401,0.03675048355899402,0.0,9.0,-0.033302497687326627,0.0,1269.83,1267.73,-0.00489026343056298,-0.010722061382630876,0.049167439088983134,0.11575754469846491,-0.010720388543725368,0.04547109613166578,0.07688298107908431,0.07327999155772846,1.040526973256866,0.4858057918865409,0.0,0.0,0.0,0.0,0.0,0.0,0.0,0.0
2024-09-10,10.81,10.81,10.45,10.45,5414145,-0.02518656716417922,-0.04040404040404055,-0.028810408921933095,0.003842459173871271,-0.016933207902163794,0.08290155440414493,10.77,10.489,10.329333333333333,10.578132040435731,10.421854816481963,0.15627722395376864,0.13905116081707664,0.017226063136692005,0.014954758273087908,0.0016484270944202876,50.696419908352425,10.489,0.2929505077654253,11.074901015530852,9.90309898446915,0.11171723053310154,0.4667179276309448,0.3410215143651317,0.03263363773829012,23.47392527591334,22.99018267720197,18.111077395450756,22.499999999999943,52.08333333333338,242138449.0,240995701.8,0.36978849958432747,0.910843964800609,0.12374475642017167,5134575.1,0.12649568368360312,1.0544484975981752,0.034449760765550355,-0.003718180951473138,0.011681941396669782,1.0,9.0,0.008720930232558155,1.0,1269.83,1255.23,-0.00986014372145494,-0.02230755450318167,0.02581641659311562,0.11692666494931211,-0.01532642344272428,0.02615001367705294,0.05708513781102931,0.05564849312961595,1.0956960775821314,0.4980492912042976,0.0,0.0,0.0,0.0,0.0,0.0,0.0,0.0
2024-09-11,10.32,10.54,10.27,10.41,4945081,-0.00382775119617218,-0.028917910447761264,-0.0440771349862259,-0.05621033544877596,-0.016068052930056753,0.035820895522387985,10.646,10.507,10.320833333333333,10.552265572676388,10.420976681927744,0.13128889074864425,0.13749870680339016,-0.006209816054745909,0.0126118050671128,-0.000596524116690289,49.86792821827227,10.507,0.2750712826274985,11.057142565254997,9.956857434745002,0.10471924721709291,0.4118410334646267,0.33594854905333654,0.032271714606468445,21.926736653472,21.670391013453777,20.898495957900003,17.500000000000057,32.08333333333338,237193368.0,241174096.15,0.34334670681621543,1.1874091100801605,1.2817845838141755,5083748.15,-0.06297995789684765,0.9727234422499863,0.025936599423631083,-0.009231940611021172,0.008639483245862056,2.0,9.0,-0.012333965844402162,0.0,1254.25,1253.27,-0.0015614668228133288,-0.017659507759836934,0.01868680300419423,0.11628576573173288,-0.002266284373358851,-0.03855082768893903,0.017134092518193755,0.016819784518326886,1.0886750434084622,0.4962540411202912,0.0,0.0,0.0,0.0,0.0,0.0,0.0,0.0
2024-09-12,10.54,10.54,10.41,10.41,2493408,0.0,-0.00382775119617218,-0.028917910447761264,-0.032527881040892215,-0.008571428571428563,0.03996003996003994,10.576,10.527000000000001,10.3115,10.530378561495406,10.420163594377541,0.11021496711786405,0.13204195886628495,-0.0218269917484209,0.010587412787498947,-0.0020967331170433138,49.86792821827227,10.527000000000001,0.250475337582095,11.027950675164192,10.02604932483581,0.09517444194246998,0.3832220358205395,0.3212379384066696,0.0308585915856551,20.49006150406218,21.043985986672972,20.29440335467657,17.500000000000057,19.166666666666703,237193368.0,241571082.0,0.3427204875991598,1.1643883814949927,1.2629691117807766,4989827.05,-1.0984588630163223,0.49969828112579573,0.012487992315081556,-0.011114277571957931,0.009552441448867688,3.0,9.0,0.008645533141210304,1.0,1258.42,1256.35,0.0024575709942789015,-0.009351763509198086,0.021074104777230485,0.11635942804391251,-0.0024575709942789015,-0.02317611753169413,0.018885935182809455,0.018496145475092485,1.0868253502062808,0.49527977211580543,0.0,0.0,0.0,0.0,0.0,0.0,0.0,0.0
2024-09-13,10.41,10.54,10.36,10.5,3056536,0.008645533141210304,0.008645533141210304,0.004784688995215447,-0.03581267217630857,0.008645533141210304,0.06275303643724683,10.498000000000001,10.558000000000002,10.304499999999999,10.525704936649959,10.426077402201427,0.09962753444853156,0.12555907398273428,-0.025931539534202713,0.009488336614145863,-0.00246967043182883,51.918345047608184,10.558000000000002,0.19933045823198053,10.956660916463962,10.159339083536041,0.07551826415305175,0.4272564758611785,0.3111495142347646,0.02963328706997758,19.10166771575705,20.17441839380756,20.603627086707572,28.75000000000003,21.250000000000068,240249904.0,242257550.05,0.33860169271196394,1.0608643358036784,1.196072190693271,5005998.45,-0.8637985452908307,0.6105746996385906,0.017142857142857116,-0.0054934646713393764,0.018972293658110706,4.0,9.0,-0.017224880382775143,0.0,1253.48,1251.71,-0.003693238349186001,-0.017465226537724865,0.01735264475438103,0.11753678608645772,0.012338771490396305,-0.018347445638583704,0.045400391682865804,0.04462601234385821,1.0790281594514861,0.49159091618206496,0.0,0.0,0.0,0.0,0.0,0.0,0.0,0.0
2024-09-16,10.45,10.58,10.27,10.27,3279765,-0.021904761904761982,-0.01344860710854956,-0.01344860710854956,-0.04197761194029859,-0.008687258687258725,0.003910068426197455,10.407999999999998,10.559999999999999,10.2965,10.486365715626889,10.41451611314947,0.07184960247741934,0.1148171796816713,-0.042967577204251955,0.006996066453497501,-0.004183795248710025,46.66552338977544,10.559999999999999,0.1960397381843602,10.95207947636872,10.167920523631278,0.07425747658498509,0.13017702088635213,0.3110674060751386,0.030288939247822652,18.178130119997363,18.73833330192749,21.20360628094817,0.0,15.416666666666714,236970139.0,242416942.8,0.32733656450643756,1.3124751341013172,2.356765475775959,4806899.65,-0.6870441072608375,0.682303613307176,0.030185004868549224,-0.027462121212121104,-0.0025736900888652103,0.0,9.0,0.03505355404089583,1.0,1251.0,1239.26,-0.009946393333919223,-0.02245746333998566,0.012831409983981246,0.12170809108626186,-0.011958368570842759,-0.019520148600312925,-0.00892134155778379,-0.008808318412957705,1.106439875849002,0.5058134748057277,0.0,0.0,0.0,0.0,0.0,0.0,0.0,0.0
2024-09-17,10.27,10.63,10.23,10.63,4498973,0.03505355404089583,0.012380952380952381,0.0211335254562921,0.017224880382775254,0.0211335254562921,0.012380952380952381,10.443999999999999,10.5665,10.2965,10.508463297838137,10.430477882545805,0.07798541529233205,0.10745082680380345,-0.029465411511471404,0.007336351391564633,-0.002771910772480847,54.43608176808385,10.5665,0.1961008065149501,10.9587016130299,10.174298386970099,0.07423491468885642,0.5809532621620811,0.31741973421262876,0.02986074639817768,17.092847735480635,18.176811521364893,19.295037729545534,47.61904761904767,25.456349206349255,241469112.0,242459105.05,0.33773829528460036,1.2731680128564178,1.8795485478667526,4689669.15,-0.0878413947076373,0.9593369715644012,0.037629350893697115,0.006009558510386759,0.032389646967416086,1.0,9.0,-0.008466603951082008,0.0,1240.0,1258.95,0.0158885141132612,0.0029636002963600028,0.005366426295488891,0.10475911239379275,0.01916503992763463,0.014261280086415251,0.0070145260854634905,0.006977084078001461,1.1561772662819156,0.5300049622304472,0.0,0.0,0.0,0.0,0.0,0.0,0.0,0.0
2024-09-18,10.63,10.67,10.5,10.54,3033130,-0.008466603951082008,0.02629016553067176,0.003809523809523707,0.012487992315081575,-0.04442429737080689,0.01737451737451745,10.47,10.575500000000002,10.295666666666667,10.51331509817073,10.438590631986857,0.07472446618387352,0.10090555467981747,-0.026181088495943958,0.007089607797331454,-0.0024839742406018938,52.38139355194584,10.575500000000002,0.19016544043770667,10.955830880875414,10.19516911912459,0.07192678944265754,0.45333011098350506,0.306889753197441,0.029116674876417555,15.899592232899003,18.38860047626001,18.531581523286434,36.904761904761756,28.174603174603163,238435982.0,242612087.9,0.3354661644970309,1.2734490706326276,1.9424443762255894,4578848.55,-0.7034813155487578,0.6624219969013826,0.016129032258064512,-0.0033568152806016105,0.02373166704438745,2.0,9.0,0.020872865275142427,1.0,1261.23,1264.9,0.004726160689463521,0.00927972424138468,0.0025998319620805788,0.1026696171742613,-0.013192764640545529,0.003208268073696896,0.014774685412436872,0.014736373318079421,1.231411691338682,0.5410606434304184,0.0,0.0,0.0,0.0,0.0,0.0,0.0,0.0
2024-09-19,10.54,10.89,10.5,10.76,5875669,0.020872865275142427,0.012229539040451431,0.04771178188899716,0.03362151777137368,0.0,0.008434864104967188,10.540000000000001,10.58,10.297166666666666,10.551266621529079,10.462398733321164,0.0888678882079148,0.09849802138543695,-0.009630133177522149,0.008259097417092454,-0.0008949937897325417,56.68526768613185,10.58,0.19355401802794467,10.967108036055889,10.192891963944112,0.07317732250583904,0.7324932360407165,0.31282619939762385,0.02907306685851523,15.668055800117179,21.774425266696408,16.881345977615887,63.09523809523803,49.20634920634917,244311651.0,242737081.3,0.3265626152881451,1.3446265365030547,2.489806862171804,4550859.1,0.6088819168796111,1.2911120451960378,0.036245353159851355,0.017013232514177634,0.04494763931825907,3.0,9.0,-0.01658986175115207,0.0,1268.08,1271.27,0.005035971223021463,0.01187567158833125,-0.0010058543868609604,0.0994364968632085,0.015836894052120964,0.021745846183042428,0.009440718491828148,0.009450224041136712,1.243214556702415,0.5435812761890444,0.0,0.0,0.0,0.0,0.0,0.0,0.0,0.0
2024-09-20,10.85,10.85,10.67,10.67,3664843,-0.008364312267657992,0.012333965844402384,0.0037629350893695346,0.01619047619047609,-0.02020202020202022,-0.008364312267657992,10.574,10.5755,10.299333333333333,10.56953329513999,10.477776604927003,0.09175669021298738,0.09714975515094704,-0.005393064937959657,0.008599502362979137,-0.0005054418873439229,54.51456692460914,10.5755,0.19016544043770667,10.955830880875414,10.195169119124586,0.07192678944265789,0.6242339299171391,0.303338613726365,0.02842911093967807,15.453057683962628,20.851506509842594,16.16582257560399,52.38095238095233,50.79365079365073,240646808.0,242400632.7,0.3266734855476475,1.471326757271695,2.765764907722485,4455901.4,-0.36442540193694317,0.8224695007838368,0.01686972820993437,0.008935747718783915,0.035989384426176496,4.0,9.0,0.008466603951081897,1.0,1277.73,1272.04,0.0006056935190792423,0.016241781243259146,-0.009353218332619484,0.09356861757513804,-0.008970005786737234,-5.130505278305719e-05,0.0009889060649614922,0.0009982428482704364,1.2539057979600357,0.5484344650316992,0.0,0.0,0.0,0.0,0.0,0.0,0.0,0.0
2024-09-23,10.63,10.98,10.63,10.72,6381746,0.004686035613870709,-0.0037174721189590088,0.01707779886148031,0.0438169425511199,0.0,0.013232514177693888,10.663999999999998,10.5825,10.3015,10.592682018964608,10.495719078636114,0.09696294032849373,0.09711239218645638,-0.00014945185796265414,0.0090450504037774,-1.394140466069535e-05,55.53333767477491,10.5825,0.19289689091932255,10.968293781838645,10.196706218161355,0.07291165260357099,0.6782040127042656,0.3066715698887675,0.028607422564250695,15.763582407697749,22.179584511898977,14.84797767548271,58.33333333333337,57.93650793650793,247028554.0,242553785.7,0.32111874821167263,1.4050051987252443,2.7911378307385837,4604474.4,0.8089909483372276,1.3859879425108759,0.032649253731343246,0.01299314906685578,0.04062515167694025,0.0,9.0,0.0,0.0,1275.15,1268.48,-0.0027986541303731682,0.023578587221406266,-0.011147663667971042,0.09392584743453584,0.0074846897442438776,0.02023835532971363,0.02438017784566493,0.024655023758247685,1.251763723016769,0.5477806944057971,0.0,0.0,0.0,0.0,0.0,0.0,0.0,0.0
2024-09-24,10.76,10.85,10.67,10.76,2815495,0.003731343283581934,0.008434864104967188,0.0,0.012229539040451431,0.02966507177033506,0.012229539040451431,10.690000000000001,10.589,10.309333333333335,10.618423246816207,10.515295443181587,0.10312780363461904,0.09831547447608892,0.004812329158530124,0.00958436836752965,0.000447242486852242,56.3751451895514,10.589,0.1967338570921166,10.982467714184233,10.195532285815768,0.07431631205670655,0.7172986420938368,0.29762360061099835,0.027660185930390182,16.05192679402322,21.22144111871331,14.20655485242217,63.09523809523803,57.93650793650793,249844049.0,242596199.5,0.3209788498232176,1.4147981191082166,2.819256553436524,4493735.2,-0.7526149703366148,0.6265378075681896,0.01672862453531596,0.016148833695344145,0.04371443352302107,1.0,9.0,0.008364312267657992,1.0,1268.25,1276.99,0.006708816851664912,0.014329401485364768,-0.006480876357638499,0.09705871383118703,-0.002977473568082978,-0.0020998624449133363,0.01871041539808993,0.01883246628358326,1.2129310703609228,0.5346371282917302,0.0,0.0,0.0,0.0,0.0,0.0,0.0,0.0
2024-09-25,10.76,10.98,10.76,10.85,7095607,0.008364312267657992,0.012126865671641784,0.016869728209934376,0.02941176470588247,0.04226705091258398,0.02551984877126645,10.752,10.602500000000001,10.317166666666667,10.654050439613712,10.540088373316285,0.113962066297427,0.10144479284035654,0.01251727345707046,0.010503416248610785,0.001153665756412024,58.288524275168676,10.602500000000001,0.20516681274674486,11.01283362549349,10.192166374506511,0.07740318330459599,0.8015838632555908,0.2920790577102128,0.02691972882121777,16.81590172124869,23.258874559605548,13.442221169217369,73.80952380952372,65.07936507936506,256939656.0,243166568.8,0.3213592010369767,1.3063792640891734,2.57329385553483,4675340.4,1.0574917952645781,1.5176663928042542,0.020276497695852595,0.023343551049280764,0.05164531605899536,2.0,9.0,-0.015610651974288348,0.0,1282.48,1287.48,0.008214629715189714,0.017851213534666677,0.005828033936969845,0.1004465515735448,0.00014968255246827766,0.011560551171215794,0.019691814834296606,0.019577715245437943,1.21081034688953,0.534366169275681,0.0,0.0,0.0,0.0,0.0,0.0,0.0,0.0
2024-09-26,10.89,11.07,10.72,10.72,7798344,-0.011981566820276401,-0.0037174721189590088,0.0,-0.0037174721189590088,0.029779058597502406,0.020952380952381056,10.744,10.6135,10.322166666666666,10.664196525826988,10.553415160478043,0.11078136534894512,0.10331210734207426,0.0074692580068708575,0.010334082588520999,0.0006967591424319829,54.565702021865185,10.6135,0.20527965520755373,11.024059310415108,10.202940689584892,0.07736548931363037,0.6297011141853299,0.29621626787376903,0.027632114540463527,17.842726842202133,23.466105848108455,12.30772733590217,58.33333333333337,65.07936507936506,249141312.0,243524577.85,0.3233802082280233,1.3064988432314035,2.5018779243917533,4887700.65,1.22588243194229,1.5955036035195813,0.032649253731343246,0.010034390163471185,0.038541649847415815,3.0,9.0,-0.0037174721189590088,0.0,1290.03,1291.49,0.003114611489110519,0.015905354488031653,0.00853532829387138,0.10094003806137733,-0.01509617830938692,-0.019622826606990662,0.012417052658509675,0.012311965986868678,1.2282387638392047,0.5336030397172314,0.0,0.0,0.0,0.0,0.0,0.0,0.0,0.0
2024-09-27,10.76,10.89,10.67,10.72,5043661,0.0,-0.011981566820276401,-0.0037174721189590088,0.004686035613870709,0.020952380952381056,0.029779058597502406,10.754000000000001,10.629,10.323666666666666,10.67278167569976,10.565754778220409,0.10702689747935068,0.10405506536952955,0.002971832109821132,0.0099838523768051,0.00027722314457286675,54.565702021865185,10.629,0.20075908578777565,11.030518171575551,10.227481828424448,0.07555144822194965,0.6133199023632211,0.29077224873992846,0.027124276934694817,18.468001564061264,22.197920546736494,12.870833732755806,58.33333333333337,63.492063492063515,249141312.0,244070026.8,0.3213590838467654,1.2673521500282197,2.5150579633903263,4952443.8,0.03866378781235375,1.0184186239528856,0.020522388059701552,0.008561482735911286,0.03839075263956615,4.0,9.0,0.003731343283581934,1.0,1295.03,1290.92,-0.0004413506879650253,0.014842300556586308,0.007397927331751708,0.10098348852414545,0.0004413506879650253,-0.010156264942715598,0.022381131265750698,0.022216773192129224,1.2143057848625882,0.5299522081282281,0.0,0.0,0.0,0.0,0.0,0.0,0.0,0.0
2024-09-30,10.72,10.89,10.67,10.76,5836560,0.003731343283581934,0.003731343283581934,-0.008294930875575979,0.003731343283581934,0.04771178188899716,0.038610038610038755,10.761999999999999,10.649,10.326500000000001,10.686199879438258,10.580143313167046,0.10605656627121185,0.10445536554986602,0.0016012007213458274,0.009856558203644224,0.00014881047596150811,55.57814810981833,10.649,0.19229637213652984,11.033592744273058,10.26440725572694,0.07223077176693751,0.6443084947036745,0.2857170881156479,0.026553632724502594,19.0486138057876,20.977046891488968,12.162944820715216,63.09523809523803,59.92063492063494,254977872.0,245030005.3,0.320509425107156,1.208977990044109,2.448826971181163,5121570.25,0.31209110438947985,1.1396036205888223,0.020446096654275152,0.010423513944971319,0.04197937345664049,0.0,9.0,0.024051803885291267,1.0,1290.17,1287.94,-0.0023084311963561532,0.015341195761856774,0.005048889166348047,0.10143330794781974,0.006039774479938087,-0.01160985247827484,0.03356114944369071,0.03339255413886222,1.2141509124407575,0.5300247982019675,0.0,0.0,0.0,0.0,0.0,0.0,0.0,0.0
2024-10-01,10.81,11.29,10.81,11.07,12043317,0.028810408921933206,0.0326492537313432,0.0326492537313432,0.028810408921933206,0.04139228598306666,0.06340057636887608,10.824,10.682,10.335333333333333,10.745246051832371,10.61642899367319,0.12881705815918032,0.10932770407172888,0.019489354087451435,0.011636590619618819,0.001760555924792361,62.544292545288535,10.682,0.20531362402567607,11.092627248051352,10.271372751948649,0.07688209100381048,0.9724479462106687,0.3031658675359587,0.027386257229987235,20.873673956173164,27.781941561915776,10.644124963507029,79.24528301886801,66.89128481581315,267021189.0,246453813.3,0.33424147938852733,0.9953805189003416,1.4043641756344005,5585399.75,2.398110713615055,2.1562139755529586,0.04336043360433592,0.036322785995132056,0.0710830161904148,1.0,10.0,-0.019945602901178527,0.0,1290.68,1292.2,0.00330760749724357,0.011910821541280647,0.006488195845373967,0.10186074078581346,0.025502801424689636,0.01689958738065256,0.056912380523502115,0.05654550223085342,1.233224799887013,0.531001904120749,0.0,0.0,0.0,0.0,0.0,0.0,0.0,0.0
2024-10-02,11.03,11.03,10.81,10.81,5095491,-0.023486901535682003,0.004646840148698983,0.008395522388059629,-0.0036866359447004227,0.025616698292220352,-0.019945602901178527,10.815999999999999,10.671000000000001,10.338333333333333,10.755208197704315,10.630767586734436,0.12444061096987902,0.11235028545135892,0.0120903255185201,0.011511619886205275,0.0011184389933876133,54.784504003744836,10.671000000000001,0.19108829593184168,11.053176591863684,10.288823408136318,0.07162901168844209,0.6818531052911513,0.3000825912833902,0.027759721672839056,22.568372667245473,26.06258043174788,9.985384296080408,54.716981132075546,65.68583408206054,261925698.0,247007348.3,0.2732246403129713,0.37897769629561745,-0.331553100070186,5224675.85,-0.05928979117800166,0.9752740928415684,0.02035152636447723,0.013025958204479382,0.04562308560374029,2.0,10.0,-0.02846648301193755,0.0,1289.65,1287.84,-0.0033740906980344043,0.00027961599403480975,0.009437215864555482,0.09985225039815653,-0.0201128108376476,-0.003966251938735232,-0.02938281876573401,-0.02910811916179301,1.2467340432460692,0.5322907303988224,0.0,0.0,0.0,0.0,0.0,0.0,0.0,0.0
2024-10-03,10.89,10.98,10.54,10.58,9777514,-0.021276595744680882,-0.0442637759710931,-0.016728624535315983,-0.013059701492537323,-0.016728624535315983,-0.016728624535315983,10.788,10.662,10.336166666666667,10.72825309036519,10.627007024754107,0.10124606561108251,0.11012944148330364,-0.008883375872221128,0.009569571418816872,-0.000839638551249634,48.993667253223066,10.662,0.19091469574828682,11.043829391496574,10.280170608503427,0.07162434655722633,0.39262220008967463,0.3100766919060053,0.029307815870132824,22.478372827238122,23.420944694224023,15.192951027570894,33.01886792452831,55.66037735849064,252148184.0,247325850.55,0.2697689438014418,0.41787991295837473,-0.30313157535935376,5459708.6,1.7961024669780237,1.7908490574020746,0.04158790170132337,-0.007690864753329696,0.023590305883870455,3.0,10.0,-0.003780718336483968,0.0,1288.45,1278.1,-0.00756305131072188,-0.010367869669916208,0.00779839301062113,0.10138482590223126,-0.013713544433959002,-0.0026918318226211158,-0.024527017545937113,-0.02433722629053514,1.269175584196282,0.5375304665996578,0.0,0.0,0.0,0.0,0.0,0.0,0.0,0.0
2024-10-04,10.58,10.67,10.54,10.54,3600537,-0.003780718336483968,-0.024976873265495025,-0.04787714543812116,-0.01679104477611959,-0.012183692596063778,-0.032139577594123225,10.751999999999999,10.644499999999999,10.333333333333334,10.699291076462853,10.620562059957507,0.07872901650534558,0.10384935648771204,-0.025120339982366457,0.007469546158002428,-0.002383333964171391,48.042566283410615,10.644499999999999,0.18486054487818634,11.014221089756372,10.274778910243626,0.06946706557496796,0.3586772530762854,0.2972140710555764,0.028198678468271007,22.394801547231292,22.689215540352922,14.718285067450541,29.245283018867838,38.993710691823914,248547647.0,247143842.4,0.265640243119767,0.5693191465087521,-0.006938750966082213,5319251.9,-0.7080153470877854,0.6768878533464452,0.012333965844402352,-0.009817276527784302,0.019999999999999796,4.0,10.0,-0.012287334593572896,0.0,1278.9,1270.6,-0.0058680854393240445,-0.015740712050320793,-0.0026374454456969953,0.1024876558707673,0.0020873671028400764,-0.001050332725798797,-0.02950213214842623,-0.029580148175514798,1.2738861451598473,0.5393021297544781,0.0,0.0,0.0,0.0,0.0,0.0,0.0,0.0
2024-10-07,10.58,10.63,10.45,10.45,3791821,-0.008538899430740043,-0.012287334593572896,-0.033302497687326627,-0.028810408921933095,-0.02518656716417922,-0.02518656716417922,10.690000000000001,10.631,10.329666666666668,10.660938603160876,10.607927833293989,0.05301076986688713,0.09368163916354706,-0.04067086929665993,0.005072800944199726,-0.003891949214991381,45.8842384767141,10.631,0.18887199786886089,11.008743995737722,10.253256004262278,0.0710646215290607,0.2604197524748029,0.28884163740874963,0.02764034807739231,21.80927488111089,21.67925559089451,16.28877211080863,0.0,20.754716981132066,244755826.0,247004004.0,0.2618163367518555,0.5552360551838064,0.10506951177220876,5277082.15,-0.6069067455043746,0.7185450012370945,0.017224880382775264,-0.017025679616216816,0.011649294911097341,0.0,10.0,0.003809523809523707,1.0,1275.59,1269.93,-0.0005273099323153119,-0.013983570663229639,0.0017353852949761883,0.10094847394964933,-0.008011589498424732,-0.014826838258703456,-0.026921952459155407,-0.02687531343542171,1.273966624739213,0.5386596007810571,0.0,0.0,0.0,0.0,0.0,0.0,0.0,0.0
2024-10-08,10.5,10.63,10.45,10.54,2831945,0.008612440191387627,0.0,-0.003780718336483968,-0.04787714543812116,-0.020446096654275103,0.008612440191387627,10.584,10.6355,10.328833333333334,10.642332664213049,10.602896141938878,0.03943652227417083,0.08283261578567182,-0.04339609351150099,0.0037416055288587123,-0.004117276424241081,48.38159459060583,10.6355,0.18537231383588537,11.006244627671771,10.26475537232823,0.06971832592201038,0.3712051465186035,0.2810672347366962,0.02666672056325391,21.265571548284804,20.687559470819313,15.543658329786433,10.7142857142857,13.319856244384532,247587771.0,247276470.1,0.2477655627822268,0.5207503650243722,0.23381538155663173,5147972.15,-0.923810499510466,0.5501088423720396,0.01707779886148022,-0.008979361572093558,0.020444387071789194,1.0,10.0,0.0037629350893695346,1.0,1271.98,1271.98,0.0016142622034285292,-0.01564773254914098,0.013344168001083512,0.09389432072477304,0.006998177987959098,-0.03222941288898018,-0.004731727809695885,-0.004669418307335471,1.2740691715461634,0.5384183240536615,0.0,0.0,0.0,0.0,0.0,0.0,0.0,0.0
2024-10-09,10.63,10.81,10.58,10.67,4193608,0.012333965844402384,0.021052631578947434,0.012333965844402384,-0.01295097132284928,-0.01658986175115207,0.024975984630163373,10.556000000000001,10.648500000000002,10.331666666666667,10.646589177411041,10.607866798091553,0.03872237931948774,0.07401056849243501,-0.035288189172947265,0.0036290889708985702,-0.003307234224268722,51.83890653266559,10.648500000000002,0.17768318938352687,11.003866378767055,10.293133621232949,0.06674487087703494,0.5302504700565545,0.2802767179697894,0.026267733642904353,21.49427534152743,23.851361055604954,14.474106225443125,26.19047619047627,12.301587301587341,251781379.0,248005870.65,0.25060865275188826,0.35804700921827304,-0.02460854555861082,5110398.5,-0.36440533957843807,0.8206029334111615,0.021555763823805103,0.002019063717894287,0.03274721729311181,2.0,10.0,-0.013059701492537323,0.0,1273.96,1281.85,0.007759555967861154,-0.004651198906696519,0.022804343836523522,0.09673026250928883,0.00457440987654123,-0.008299772416152762,0.0021716407936398507,0.0021232221066778134,1.2761846206563865,0.5418784827178578,0.0,0.0,0.0,0.0,0.0,0.0,0.0,0.0
2024-10-10,10.72,10.81,10.58,10.58,2874576,-0.008434864104967188,0.00379506641366234,0.012440191387559807,0.0,-0.013059701492537323,0.016330451488952846,10.556000000000001,10.657,10.333,10.636344688578573,10.605802590825512,0.03054209775306127,0.06531687434456027,-0.034774776591498996,0.002886776725242086,-0.0032868408876653116,49.37337458657112,10.657,0.16955359345251472,10.996107186905029,10.317892813094971,0.0636402715407767,0.38646657609535595,0.27668552382909023,0.026151750834507582,21.706643149538444,22.435154731009902,13.61468689371001,15.476190476190572,17.460317460317533,248906803.0,248591542.4,0.2529894636711508,0.42275847429410957,-0.09526984721252073,5129456.9,-0.9032697374683866,0.5604055275325541,0.02173913043478265,-0.007225297926245711,0.023903996903125835,3.0,10.0,0.004725897920605071,1.0,1289.61,1286.36,0.0035183523813238082,0.006462718097175468,0.023886655788593947,0.09699400945855993,-0.011953216486290996,-0.006462718097175468,-0.0075562042996411005,-0.00737992262807774,1.2675634682864294,0.5380417274066429,0.0,0.0,0.0,0.0,0.0,0.0,0.0,0.0
2024-10-11,10.58,10.76,10.54,10.63,3777098,0.004725897920605071,-0.0037488284910964786,0.008538899430740265,0.008538899430740265,-0.00839552238805974,0.012380952380952381,10.574000000000002,10.663499999999999,10.337166666666667,10.635368582643409,10.607594991505104,0.027773591138304354,0.05780821770330909,-0.030034626565004732,0.0026127555163033256,-0.002825458754939297,50.77412395081844,10.663499999999999,0.1656653252797018,10.994830650559402,10.332169349440596,0.06214294566688295,0.44944627075183285,0.27263655784129814,0.02564784175364987,21.63779390042497,21.142032362246276,13.877928208536794,21.42857142857161,21.03174603174617,252683901.0,249213242.25,0.25178378162261245,0.4641213156784471,-0.005556452772228357,5165485.0,-0.5621177419694575,0.7312184625451434,0.020696142991533453,-0.0031415576499271847,0.028328200828724892,4.0,10.0,0.008364312267657992,1.0,1287.66,1288.39,0.0015780963338414278,0.014001259247599762,0.02930391224804474,0.09525713310203351,0.0031478015867636433,-0.005462359816859497,-0.016922959867092358,-0.016441169285106305,1.2696986648603121,0.5349212846743306,0.0,0.0,0.0,0.0,0.0,0.0,0.0,0.0
2024-10-14,10.76,10.98,10.67,10.85,7516130,0.02069614299153333,0.02551984877126645,0.016869728209934376,0.038277511961722466,0.008364312267657992,0.05647517039922101,10.654,10.692499999999999,10.345,10.668388800698269,10.625550918060283,0.04283788263798627,0.05481415069024453,-0.011976268052258258,0.003948191948201499,-0.0011038035071205769,56.47983004161223,10.692499999999999,0.14227012853622908,10.977040257072456,10.407959742927542,0.05322240020059993,0.776762243804211,0.27816251799549113,0.025637098432764162,22.426222007612726,24.891199467461092,12.630642241636524,47.61904761904767,28.174603174603305,260200031.0,250374736.85,0.24633068603882105,0.3411439804866048,-0.19864463048954648,5377303.25,0.8619713297850381,1.3977508149647315,0.02857142857142862,0.014729950900163713,0.0488158530691154,0.0,10.0,-0.01295097132284928,0.0,1296.54,1286.34,-0.001591133119630106,0.012921972077200916,0.03799041363394284,0.08616836317273456,0.022287276111163434,0.02535553988452155,0.018484756765278165,0.017808215299950803,1.2669073167609113,0.5292177177939443,0.0,0.0,0.0,0.0,0.0,0.0,0.0,0.0
2024-10-15,10.81,10.94,10.63,10.67,4617145,-0.01658986175115207,0.0037629350893695346,0.008506616257088817,0.012333965844402384,-0.03613369467028005,0.0037629350893695346,10.68,10.694500000000001,10.350166666666667,10.66863667751392,10.62884344264841,0.039793234865509675,0.05180996752529756,-0.012016732659787886,0.003729450315417964,-0.001126216744122576,51.24610051868104,10.694500000000001,0.1416249680634683,10.977749936126939,10.411250063873064,0.05297114145157555,0.45675197612573876,0.280436623852956,0.02628272013617207,22.886952830572024,22.925827518712534,12.652165032961921,26.19047619047627,31.74603174603187,255582886.0,251080425.55,0.22402522379345044,0.22342966683040794,-0.4257893339011354,5383211.85,-0.3089903325554655,0.8576933489994454,0.029053420805998004,-0.0022908971901446362,0.030901273731501977,1.0,10.0,-0.016728624535315983,0.0,1287.81,1281.08,-0.0040891210721892834,0.007154200537744293,0.01757814051392015,0.07092355664222898,-0.012500740678962785,0.005179765306658091,-0.013815205424550614,-0.013576554835949328,1.2886782709620113,0.533242337218126,0.0,0.0,0.0,0.0,0.0,0.0,0.0,0.0
2024-10-16,10.76,10.76,10.54,10.58,3032130,-0.008434864104967188,-0.024884792626728047,-0.004703668861712251,-0.008434864104967188,-0.021276595744680882,0.00379506641366234,10.662,10.696499999999999,10.356,10.6550002655887,10.62522540985964,0.02977485572906069,0.04740294516605019,-0.0176280894369895,0.002814258575525585,-0.0016661710242901228,48.81060800641175,10.696499999999999,0.13959622223824342,10.975692444476486,10.41730755552351,0.05220257925050021,0.2913625488353615,0.27611972214917346,0.026098272414855715,22.71747321344846,21.62109274257492,14.260298646775295,15.476190476190572,29.76190476190486,252550756.0,251786164.25,0.22400881141746803,0.22325503601457472,-0.42515501041770093,5383161.85,-0.9482612289302613,0.5632619052685551,0.020793950850661685,-0.010891413079044399,0.021629972962533772,2.0,10.0,0.004725897920605071,1.0,1279.86,1279.48,-0.001248946201642287,-0.001848890275773174,0.011526602893509263,0.06978944242829185,-0.007185917903324901,-0.006585973829194014,-0.007731536479846923,-0.007643433655358689,1.2865632227964159,0.5295892459386239,0.0,0.0,0.0,0.0,0.0,0.0,0.0,0.0
2024-10-17,10.58,10.63,10.41,10.63,4276296,0.004725897920605071,-0.0037488284910964786,-0.02027649769585238,0.004725897920605071,0.004725897920605071,-0.012081784386617,10.672,10.690000000000001,10.366333333333333,10.651154070882747,10.62557908320337,0.02557498767937716,0.04303735366871558,-0.017462365989338424,0.002405925463723157,-0.0016427437431174433,50.22588580102043,10.690000000000001,0.13951042217256612,10.969020844345133,10.41097915565487,0.05220221596728374,0.3924811511110901,0.2721111705670897,0.025598416798409192,21.770907198851614,20.37248531457473,16.84924425969073,25.0000000000001,22.22222222222233,256827052.0,252411934.3,0.21129690337752888,0.2542018668564221,0.027803704372251346,5303193.2,-0.41267974164779486,0.8063624761021341,0.020696142991533453,-0.00561272217025266,0.02543490144377647,3.0,10.0,-0.008466603951082008,0.0,1282.65,1286.52,0.005502235283083801,0.0001243819770515575,0.011995878137610383,0.07020248471046134,-0.0007763373624787295,0.0046015159435535136,-0.024077662524227383,-0.023792253550022235,1.2903755999082782,0.5174008807969934,0.0,0.0,0.0,0.0,0.0,0.0,0.0,0.0
2024-10-18,10.63,10.72,10.54,10.54,3278593,-0.008466603951082008,-0.003780718336483968,-0.012183692596063778,-0.008466603951082008,0.0,-0.012183692596063778,10.654,10.6835,10.374500000000001,10.634053444593093,10.619239891854972,0.01481355273812035,0.03739259348259654,-0.02257904074447619,0.0014054604115863712,-0.002142223979551821,47.670990621893786,10.6835,0.143463730975092,10.970427461950184,10.396572538049817,0.05371413150188297,0.2499367975713041,0.2655318012408691,0.025192770516211493,21.305692923965196,21.807059956980982,16.033397948742735,14.772727272727176,18.416305916305966,253548459.0,253057016.85,0.2113475538981588,0.25482604811261145,0.025330450336544647,5283880.7,-0.8010887956980659,0.6204895958381498,0.01707779886148022,-0.013431927739037008,0.015952576027760124,4.0,10.0,-0.008538899430740043,0.0,1291.16,1285.46,-0.000823928116158279,-0.0022741561173247327,0.010549982704946448,0.0703856563492732,-0.007642675834923729,-0.006192447833757275,-0.022733675301010225,-0.022496339310361324,1.2962970060680232,0.5178723623082698,0.0,0.0,0.0,0.0,0.0,0.0,0.0,0.0
2024-10-21,10.54,10.67,10.45,10.45,2662421,-0.008538899430740043,-0.016933207902163794,-0.012287334593572896,-0.03686635944700467,0.0,-0.02518656716417922,10.574000000000002,10.669999999999998,10.383333333333333,10.60573753004031,10.60670360356942,-0.0009660735291099343,0.02972086008025525,-0.030686933609365183,-9.244722766602242e-05,-0.0029365486707526494,45.195153711907274,10.669999999999998,0.15228090387254783,10.974561807745093,10.365438192254903,0.057087499108733904,0.13882536417020308,0.26227952972366425,0.02509851959078127,20.343029856123405,20.50050594907344,17.523806853057945,6.451612903225677,15.408113391984337,250886038.0,253249891.05,0.2122313728242644,0.4006156067948075,0.05171280419545359,5097914.45,-0.9532377053834531,0.5222569005645044,0.02105263157894743,-0.020618556701030855,0.006420545746388395,0.0,10.0,-0.008612440191387516,0.0,1284.17,1279.77,-0.004426431005243314,-0.005107514343019703,0.008900416246215848,0.07163403869849853,-0.004112468425496729,-0.03175884510398497,-0.034086983410395066,-0.03378627153036717,1.2913784907711516,0.5169511708493348,0.0,0.0,0.0,0.0,0.0,0.0,0.0,0.0
2024-10-22,10.45,10.54,10.32,10.36,3437779,-0.008612440191387516,-0.017077798861480087,-0.02539981185324569,-0.029053420805998154,-0.017077798861480087,-0.03717472118959109,10.512,10.65,10.3885,10.567931756187955,10.588429262564278,-0.02049750637632286,0.019677186788939628,-0.04017469316526249,-0.001978523781498346,-0.0038778661356430977,42.801237919322574,10.65,0.1655294535725544,10.981058907145108,10.318941092854892,0.062170686787813706,0.06201148233584657,0.259259563314831,0.02502505437401844,19.032691569446033,19.257925719236557,20.04327927879564,6.06060606060593,9.094982078852945,247448259.0,253130101.55,0.2129568424396009,0.5372141065940335,0.11317942990645857,5129028.65,-0.6686439553952671,0.6702592702421344,0.021235521235521127,-0.027230046948356845,-0.0027434182028205356,1.0,10.0,0.017526777020447915,1.0,1280.21,1269.89,-0.007720137212155254,-0.008734817497736191,-0.00555994956890804,0.07321354254282038,-0.0008923029792322623,-0.020318603308261962,-0.031614771620683046,-0.031791530929368705,1.2841147427788786,0.5158904856375017,0.0,0.0,0.0,0.0,0.0,0.0,0.0,0.0
2024-10-23,10.27,10.58,10.27,10.45,2874133,0.008687258687258614,0.0,-0.008538899430740043,-0.012287334593572896,-0.020618556701030966,-0.03686635944700467,10.486,10.629999999999999,10.395833333333334,10.549788409082115,10.578175243115071,-0.028386834032955832,0.010064382624560537,-0.03845121665751637,-0.002716443448129745,-0.003679542263877165,45.887946980187316,10.629999999999999,0.1642526936413779,10.958505387282754,10.301494612717244,0.06180722244266323,0.2260318902394925,0.2628838802209146,0.0251563521742502,18.070573255202287,17.635819800416186,19.713580049884897,25.35211267605627,12.621443879962646,250322392.0,252799238.35,0.21316440831401695,0.5341365375324357,0.09895589907359134,4917954.95,-0.8069535458987918,0.5844162927925967,0.029665071770334978,-0.016933207902163683,0.0052104208416832165,2.0,10.0,-0.017142857142857126,0.0,1270.58,1270.9,0.0007953444786557018,-0.006705849251258278,-0.012877869947494291,0.06621359516778566,0.007891914208602913,-0.005581485342314618,-0.02398848949951038,-0.024301440287063936,1.2911932989101937,0.5177938843280029,0.0,0.0,0.0,0.0,0.0,0.0,0.0,0.0
2024-10-24,10.5,10.54,10.32,10.32,2263785,-0.012440191387559696,-0.0038610038610037423,-0.012440191387559696,-0.029162746942615336,-0.02457466918714557,-0.03731343283582089,10.424,10.61,10.403166666666667,10.514436346146406,10.559051151032474,-0.04461480488606817,-0.0008714548775652051,-0.04374335000850297,-0.004323140008339939,-0.0042386967062502875,42.334204175587594,10.61,0.17660541804892807,10.963210836097856,10.256789163902143,0.06658074196001065,0.08948031832231913,0.2598207459194206,0.025176428868160912,17.177177677690235,16.569183223076266,18.521277917662527,7.042253521126852,12.818324085929703,248058607.0,252745103.1,0.21346121537621185,0.5340024320947483,0.08782700984209864,4641227.0,-0.9495813458573121,0.48775571632242937,0.02131782945736423,-0.027332704995287394,-0.007994360691456204,3.0,10.0,-0.008687258687258725,0.0,1271.17,1257.41,-0.010614525139664766,-0.022626931567328867,-0.02638812534359536,0.07343012569391823,-0.0018256662478949304,-0.006535815375286469,-0.010925307492225533,-0.0112214197223931,1.2856918854846409,0.5223203543327433,0.0,0.0,0.0,0.0,0.0,0.0,0.0,0.0
2024-10-25,10.36,10.36,10.27,10.27,2319629,-0.004844961240310197,-0.017224880382775143,-0.008687258687258725,-0.02561669829222013,-0.03386641580432748,-0.04197761194029859,10.37,10.5875,10.408333333333333,10.476830754431575,10.537639954659697,-0.06080920022812286,-0.012859003947676738,-0.047950196280446125,-0.005921051628833774,-0.004668957768300499,41.01844063801788,10.5875,0.19001038752775046,10.967520775055501,10.2074792249445,0.07178668714153495,0.08225968046927036,0.247690692639462,0.02411788633295638,16.620640101292857,16.139146160611116,19.482466634782757,0.0,10.798122065727725,245738978.0,252574986.4,0.21360791465673587,0.5921079155549368,0.1280377465150567,4505025.4,-0.8556044529787914,0.5148980958020791,0.00876338851022394,-0.02998819362455729,-0.013290632506004818,4.0,10.0,0.0,0.0,1260.94,1252.72,-0.0037298892167233477,-0.025469481741944522,-0.02959129922845727,0.07383136657923299,-0.0011150720235868494,-0.00014721655027560843,-0.012386312711841319,-0.01276401654477477,1.2854846306814707,0.5218240534977417,0.0,0.0,0.0,0.0,0.0,0.0,0.0,0.0
2024-10-28,10.32,10.36,10.27,10.32,1471240,0.004868549172346803,0.0,-0.012440191387559696,-0.012440191387559696,-0.04884792626728107,-0.040892193308550095,10.344,10.5655,10.420166666666667,10.452702946057487,10.521518476536757,-0.06881553047927014,-0.02405030925399542,-0.044765221225274716,-0.006668171558068811,-0.00433771523500724,42.92868535421246,10.5655,0.19440800828215427,10.95431601656431,10.17668398343569,0.07360106318949587,0.18429798472641537,0.2364270717366433,0.02290959997448094,16.103855208923864,15.700314629485897,18.952728532261357,7.042253521126852,4.694835680751255,247210218.0,252186603.7,0.21405424545943771,0.5776519057637286,0.08793685536357887,4286759.4,-1.0745821039935968,0.3432056392061565,0.008720930232558126,-0.023236003975202313,-0.00961277010924333,0.0,10.0,-0.0038610038610037423,0.0,1252.76,1254.77,0.0016364391084999763,-0.01953476015221489,-0.02575430532478229,0.07457586258960743,0.003232110063846827,0.007094568764655196,-0.015137887983767806,-0.015538059923184244,1.2360012608161521,0.4915064720830405,0.0,0.0,0.0,0.0,0.0,0.0,0.0,0.0
2024-10-29,10.36,10.45,10.32,10.32,1656146,0.0,0.004868549172346803,0.0,-0.0038610038610037423,-0.03280224929709463,-0.0677506775067751,10.335999999999999,10.528,10.4335,10.43228710820249,10.506591181978479,-0.07430407377598947,-0.03410106215839423,-0.040203011617595236,-0.007200007148836189,-0.003895640660619693,42.92868535421246,10.528,0.16152562123641878,10.851051242472838,10.204948757527163,0.06136991688313787,0.17806964862936742,0.22882513804116872,0.02217297849236131,15.015199790172526,17.87257818089032,18.183627621444383,7.042253521126852,4.694835680751255,247210218.0,251196055.15,0.18091965497504245,0.22537159384859495,-0.2809694144681004,3767400.85,-1.0860978590391726,0.4395990938951983,0.012596899224806104,-0.019756838905775065,-0.010878420472516415,1.0,10.0,0.012596899224806002,1.0,1258.03,1261.78,0.005586681224447609,-0.006386379922670549,-0.02354124748490949,0.07684498674281003,-0.005586681224447609,0.0025253760616668064,-0.044209430021865614,-0.04527526627007461,1.2618659966917696,0.5011687746188239,0.0,0.0,0.0,0.0,0.0,0.0,0.0,0.0
2024-10-30,10.32,10.58,10.32,10.45,3018776,0.012596899224806002,0.012596899224806002,0.017526777020447915,0.0,-0.012287334593572896,-0.033302497687326627,10.336,10.51,10.46,10.43501216847903,10.502399242572665,-0.06738707409363442,-0.04075826454544227,-0.026628809548192155,-0.006448523836711429,-0.0025482114400183884,48.00636878226596,10.51,0.14793312856265944,10.805866257125318,10.214133742874681,0.05630185673174473,0.39860283395786733,0.23105191389537094,0.02211023099477234,14.6598802771363,20.454907448104024,16.722068892724952,25.35211267605627,13.145539906103345,250228994.0,250611219.95,0.17305816132015348,0.2503475329241993,-0.5665031599014241,3663565.1,-0.33502779049263204,0.8239995516935129,0.0248803827751196,-0.0057088487155091405,-0.0009560229445507717,2.0,10.0,-0.01333333333333342,0.0,1263.57,1258.63,-0.002496473236221708,-0.009654575497678786,-0.022681388992421225,0.0765752026310149,0.01509337246102771,0.009654575497678786,-0.010621108694905401,-0.010867600980150605,0.9219816240632506,0.32091548688568533,0.0,0.0,0.0,0.0,0.0,0.0,0.0,0.0
2024-10-31,10.5,10.5,10.36,10.36,1738888,-0.008612440191387516,0.003875968992248069,0.003875968992248069,0.003875968992248069,-0.02539981185324569,-0.020793950850661713,10.344,10.498999999999999,10.4835,10.423471834866872,10.491851150530245,-0.06837931566337296,-0.046282474769028414,-0.02209684089434455,-0.00660032004472712,-0.002132899700226308,45.020041023471904,10.498999999999999,0.1506092888727543,10.800218577745508,10.19778142225449,0.057380431992667645,0.26927053928686195,0.22454820575998735,0.021674537235520017,14.329940729316949,19.54397131397309,15.977370495508687,12.676056338028134,15.023474178403772,248490106.0,250428316.05,0.15928545728291404,0.5293565784298948,-0.638684806369526,3261633.8,-1.1473072623639555,0.5331340385300153,0.01351351351351357,-0.013239356129155055,-0.011780416845519115,3.0,10.0,-0.0038610038610037423,0.0,1260.23,1264.48,0.004647910823673218,0.005622668819239562,-0.010656443157812334,0.07523646761775186,-0.013260351015060734,-0.0017466998269914935,-0.010137507692849379,-0.010246701080468434,0.9672999693364395,0.31607216398572946,0.0,0.0,0.0,0.0,0.0,0.0,0.0,0.0
2024-11-01,10.36,10.41,10.27,10.32,2434529,-0.0038610038610037423,-0.012440191387559696,0.0,0.004868549172346803,-0.020872865275142205,-0.020872865275142205,10.354000000000001,10.488000000000001,10.507166666666667,10.4075530910412,10.479121435676152,-0.07156834463495265,-0.051339648742213265,-0.020228695892739387,-0.006934917115789986,-0.0019601449508468397,43.718359802582675,10.488000000000001,0.15541455598027357,10.798829111960549,10.177170888039454,0.05927328603366657,0.22975504298753602,0.21850904820570258,0.021173357384273506,13.395831551397961,18.649547422859225,18.18818712698879,7.462686567164286,15.163618527082917,246055577.0,250303712.55,0.15930428455618642,0.5303915873633952,-0.638957492236837,3203333.4,-0.5749632920062991,0.7599986314256268,0.013565891472868272,-0.016018306636155666,-0.017813238583189173,4.0,11.0,-0.04263565891472865,0.0,1262.39,1254.89,-0.00758414526129314,0.0017322306660707554,-0.012364237368172382,0.07707696891300968,0.003723141400289398,0.003136318506276048,-0.008508627906969823,-0.00861514763731952,0.982446153059557,0.3247831780225149,0.0,0.0,0.0,0.0,0.0,0.0,0.0,0.0
2024-11-04,10.32,10.32,9.83,9.88,6922813,-0.04263565891472865,-0.04633204633204624,-0.05454545454545445,-0.04263565891472865,-0.05454545454545445,-0.05454545454545445,10.266000000000002,10.4595,10.513166666666667,10.326391077034861,10.434742070070511,-0.10835099303564988,-0.06274191760090059,-0.04560907543474929,-0.010966699699964562,-0.004616303181654786,32.564588869319905,10.4595,0.20658819959170935,10.872676399183419,10.046323600816581,0.07900500008287561,-0.20127432392713426,0.2379012590481524,0.02407907480244457,14.490390645502389,15.90582861106447,28.723106544566356,5.376344086021583,8.505028997071355,239132764.0,250022559.45,0.2164239650104187,-1.0243834164574201,2.823196412152737,3359883.0,2.2661014674510445,2.06043275911691,0.049595141700404875,-0.055404178019981765,-0.060226065727104094,0.0,11.0,0.0,0.0,1255.92,1244.71,-0.00811226482002414,-0.008017405580305503,-0.019859362327057428,0.0815413197394677,-0.03452339409470451,-0.034618253334423144,-0.034686092218397024,-0.03538889306819171,1.3210183052623679,0.46894461366066764,0.0,0.0,0.0,0.0,0.0,0.0,0.0,0.0
2024-11-05,9.92,10.01,9.88,9.92,1585639,0.004048582995951344,-0.03875968992248069,-0.042471042471042386,-0.03875968992248069,-0.042471042471042386,-0.05882352941176461,10.186000000000002,10.4285,10.517666666666667,10.263869372875652,10.396613027843065,-0.13274365496741325,-0.07674226507420312,-0.05600138989321013,-0.013381416831392465,-0.005645301400525215,34.2079140695257,10.4285,0.23800210083109752,10.904504201662196,9.952495798337804,0.09128910229893003,-0.034133940650449314,0.2301940262589986,0.023205042969657117,15.506766947170785,15.26420909399801,27.5644554487691,10.112359550561775,7.650463401249236,240718403.0,249679091.05,0.21384785440492918,-1.0327261420182463,3.015069971122502,3297567.7,-1.0578417751395752,0.4808510830573698,0.01310483870967732,-0.04876060794936954,-0.05682502456184835,1.0,11.0,0.01807228915662651,1.0,1244.85,1245.76,0.0008435699881899072,-0.012696349601356793,-0.020613531659302797,0.08126027422870724,0.003205013007761437,-0.026063340321123896,-0.03820999775246181,-0.03901421858237253,1.3391941465489494,0.4621965241237863,0.0,0.0,0.0,0.0,0.0,0.0,0.0,0.0
2024-11-06,9.96,10.14,9.92,10.14,1944866,0.022177419354838745,0.026315789473684292,-0.0174418604651162,-0.02966507177033484,-0.02966507177033484,-0.04967197750702901,10.124,10.402,10.519166666666667,10.244812546279398,10.377604655410245,-0.13279210913084682,-0.08795223388553186,-0.044839875245314964,-0.01309586875057661,-0.004422078426559661,42.50645876911588,10.402,0.23920042246049134,10.880400844920981,9.923599155079017,0.0919824735475835,0.22617105218190656,0.22946588152621303,0.022629771353669923,15.603842325663694,18.265549777349563,25.6767860244535,34.831460674157334,16.77338810358025,242663269.0,249223185.55,0.22569849072520037,-0.7439657502095807,2.4679428599672146,3185130.6,-0.7604969087815882,0.610607929232164,0.021696252465483297,-0.02518746394924043,-0.03604531410916578,2.0,11.0,-0.008832188420019649,0.0,1251.22,1261.28,0.012458258412535228,0.002105463877390301,-0.01604711939774539,0.08931260783518274,0.009719160942303517,-0.03177053564772514,-0.03362485810928362,-0.034173240174572794,1.2945346099974995,0.47398587784689755,0.0,0.0,0.0,0.0,0.0,0.0,0.0,0.0
2024-11-07,10.19,10.23,10.05,10.1,1991647,-0.0039447731755425375,0.01814516129032251,0.022267206477732726,-0.025096525096525046,-0.02131782945736438,-0.04536862003780717,10.072,10.378,10.520666666666665,10.222533693005644,10.35704134760208,-0.134507654596435,-0.09726331802771249,-0.0372443365687225,-0.013317589564003465,-0.003687558076111139,41.481964366998064,10.378,0.24442413525417214,10.866848270508344,9.889151729491656,0.09420857014999878,0.21565819419703197,0.22593260427434064,0.02236956477963769,15.157670894429973,20.071461594796105,24.215597600193036,32.142857142857096,25.695559122525424,240671622.0,248811426.5,0.22467905757473525,-0.8026587002671125,2.6362455724604583,3140984.15,-0.695923078862538,0.6340837472866586,0.017821782178217796,-0.02678743495856628,-0.039984791838286404,3.0,11.0,-0.008910891089108919,0.0,1266.61,1259.75,-0.0012130534060637022,-0.003740668100721267,-0.020686277558381705,0.08785010381639385,-0.0027317197694788353,-0.02135585699580378,-0.024682342479425468,-0.02520371349222761,1.2954913530505023,0.4745983379247442,0.0,0.0,0.0,0.0,0.0,0.0,0.0,0.0
2024-11-08,10.1,10.14,10.01,10.01,1817718,-0.008910891089108919,-0.012820512820512886,0.009072580645161255,-0.030038759689922534,-0.025316455696202556,-0.05832549388523056,10.01,10.347,10.522833333333333,10.189836201774007,10.331334581113037,-0.14149837933902987,-0.10611033028997598,-0.03538804904905389,-0.014135702231671316,-0.0035352696352701192,39.193043116028036,10.347,0.2500336819416023,10.847067363883204,9.846932636116795,0.09665939187845832,0.16304539714102437,0.21908027539760208,0.02188614139836185,14.93652617964497,19.22073298708501,24.49337324672546,23.99999999999996,30.324772605671484,238853904.0,248119926.65,0.22429943997297144,-0.6589126192945802,2.501261548546561,3043015.15,-0.7337887876638839,0.5973410944076305,0.012987012987013066,-0.032569827002996043,-0.04873528992508347,4.0,11.0,0.009036144578313143,1.0,1262.84,1252.56,-0.005707481643183243,-0.001856736447019336,-0.027809902281141663,0.0887828258771134,-0.0032034094459256757,-0.028182023242903198,-0.0305155916040889,-0.03138850279969985,1.2967551495676004,0.47996765285111304,0.0,0.0,0.0,0.0,0.0,0.0,0.0,0.0
2024-11-11,9.96,10.1,9.88,10.05,3328630,0.003996003996004083,-0.004950495049504844,-0.008875739644970349,0.0172064777327936,-0.026162790697674354,-0.07373271889400912,10.044,10.307,10.519833333333334,10.168322939962621,10.310494982512072,-0.1421720425494506,-0.11332267274187091,-0.028849369807579683,-0.01414647189546772,-0.0028705840604556897,40.757652608970666,10.307,0.22838333426156554,10.763766668523132,9.850233331476868,0.08863232143652507,0.21867474390046868,0.219145970012059,0.021805569155428754,15.325048310797603,17.842473146028258,26.974256482843472,29.333333333333417,28.49206349206351,242182534.0,247219051.8,0.20825308425436526,-0.9427743252234756,3.508386216163303,2833640.15,0.38038307276718336,1.1746833838446282,0.021890547263681476,-0.02493451052682638,-0.044661670812275234,0.0,11.0,0.0,0.0,1253.81,1250.32,-0.001788337484831093,0.004507073936900863,-0.02800192795061962,0.08879138217666085,0.005784341480835176,0.012699403795892739,-0.0457307909433895,-0.04704823215026521,1.3967347224761726,0.5327433668192524,0.0,0.0,0.0,0.0,0.0,0.0,0.0,0.0
2024-11-12,10.1,10.23,10.05,10.1,2574209,0.004975124378109319,0.00899100899100902,0.0,0.01814516129032251,-0.02131782945736438,-0.0534208059981256,10.08,10.2785,10.513166666666669,10.15781171842991,10.294902761585252,-0.13709104315534226,-0.11807634682456519,-0.01901469633077707,-0.013573370609439828,-0.0018826432010670368,42.74096626722451,10.2785,0.2159257913460742,10.710351582692148,9.84664841730785,0.08403007884266163,0.2933317751352948,0.2163498292969119,0.02142077517791207,14.891257207187689,21.07412904647594,25.371242187929578,35.99999999999994,29.777777777777796,244756743.0,246677744.65,0.20464139406171422,-1.1970780812958899,4.400060177593268,2731493.35,-0.12763712953626782,0.9424181830792302,0.017821782178217796,-0.017366347229654133,-0.0392999254902584,1.0,11.0,-0.012820512820512886,0.0,1251.79,1244.82,-0.004398873888284638,-0.0007545594657076826,-0.028304243294720033,0.08892232162305413,0.009373998266393957,0.01889972075603019,-0.025116562703405565,-0.02584817575880749,1.4406749762168192,0.4961447466432349,0.0,0.0,0.0,0.0,0.0,0.0,0.0,0.0
2024-11-13,10.14,10.14,9.88,10.01,2204912,-0.008910891089108919,-0.003980099502487677,0.0,-0.012820512820512886,-0.042105263157894646,-0.0538752362948961,10.054,10.25,10.507333333333333,10.135071454056078,10.273798853319677,-0.13872739926359934,-0.12220655731237202,-0.016520841951227314,-0.01385888104531462,-0.00165043376136137,40.13629109407945,10.25,0.21161036687371132,10.673220733747423,9.826779266252577,0.08257965536535074,0.2164600161777142,0.21946769863284676,0.02192484501826641,15.234872390728922,19.290829341190197,28.757186939039972,23.99999999999996,29.777777777777796,242551831.0,246177798.4,0.20482641165237253,-1.189093929662885,4.361626639263847,2690132.45,-0.3927212838376187,0.8196295316239912,0.025974025974025955,-0.023414634146341484,-0.04733202207981735,2.0,11.0,-0.030845771144278666,0.0,1242.94,1246.04,0.0009800613743353725,-0.01208296333883041,-0.026135617594647886,0.08933016526329716,-0.009890952463444291,-0.0007375494816824757,-0.027739618700248214,-0.028484067393176438,1.535487573734515,0.5221909278864391,0.0,0.0,0.0,0.0,0.0,0.0,0.0,0.0
2024-11-14,10.05,10.05,9.7,9.74,2920520,-0.026973026973026948,-0.035643564356435564,-0.030845771144278666,-0.035643564356435564,-0.059845559845559726,-0.08372530573847603,9.982000000000001,10.205499999999999,10.491833333333334,10.074291230355144,10.23425819751822,-0.15996696716307568,-0.12975863928251277,-0.030208327880562907,-0.016423713261096064,-0.003101471034965391,33.53392551818253,10.205499999999999,0.22087088393091564,10.64724176786183,9.763758232138168,0.0865693533608018,-0.02689153920531965,0.2287914344447864,0.023489880333140287,16.219646703991586,17.182923795250094,31.234485154393724,4.545454545454646,21.51515151515154,239631311.0,245318011.35,0.21996134085291555,-0.900999893073057,2.460197604420222,2622343.65,0.25272051783434507,1.1137060545058617,0.035934291581108974,-0.045612659840282066,-0.07165890931041607,3.0,11.0,-0.026694045174537995,0.0,1243.85,1231.89,-0.01135597573111602,-0.02211549910696564,-0.04246338960917817,0.09227802130725099,-0.015617051241910929,-0.013528065249469923,-0.04126191612929786,-0.043091737361829585,1.5070327486390496,0.5226872498204664,0.0,0.0,0.0,0.0,0.0,0.0,0.0,0.0
2024-11-15,9.74,9.74,9.48,9.48,3202325,-0.026694045174537995,-0.05294705294705293,-0.06138613861386133,-0.05294705294705293,-0.08139534883720934,-0.10056925996204924,9.876000000000001,10.1525,10.4705,9.982861810300506,10.178387219924277,-0.1955254096237713,-0.1429119933507645,-0.05261341627300681,-0.020625043209258575,-0.005549938425422659,28.64699975787326,10.1525,0.26007842946635157,10.672656858932703,9.632343141067297,0.10246872374936278,-0.14643961571504202,0.2310206176987302,0.02436926347033019,17.805961743684385,15.80161226950595,35.52570197864795,0.0,9.515151515151556,236428986.0,244462037.7,0.2336626851221046,-0.7503572552104911,1.2995109239189806,2618530.25,0.49568449860213826,1.222947491250101,0.02742616033755272,-0.0662398424033489,-0.09459911179026781,4.0,11.0,0.00421940928270037,1.0,1229.36,1218.57,-0.01081265372719975,-0.027136424602414277,-0.052035847089757836,0.09706041526513044,-0.015881391447338244,-0.025810628344638653,-0.048533412872291404,-0.05119751915016435,1.5842771925297243,0.5414729991849979,0.0,0.0,0.0,0.0,0.0,0.0,0.0,0.0
2024-11-18,9.48,9.57,9.39,9.52,2363632,0.00421940928270037,-0.022587268993839893,-0.04895104895104896,-0.052736318407960336,-0.036437246963562875,-0.08899521531100474,9.77,10.106,10.452833333333334,9.911652301023505,10.129617796226182,-0.2179654952026766,-0.15792269372114692,-0.060042801481529684,-0.022895535210365192,-0.006307016962345555,30.329184036108515,10.106,0.28594073732708136,10.677881474654162,9.534118525345837,0.1131766227298956,-0.012343926120684169,0.2273762878631066,0.023884063851166662,19.52157990767438,14.908099633550988,36.34416075096033,10.92436974789908,5.156608097784597,238792618.0,243857366.7,0.23561186339354917,-0.8597107062825871,1.3201650351928786,2603590.8,-0.20351652850985766,0.9078354401928291,0.018907563025210055,-0.0579853552345142,-0.0892421512508571,0.0,11.0,-0.013655462184873901,0.0,1218.3,1217.12,-0.0011899193316756707,-0.026553202380190655,-0.04895410894145047,0.0969548826379355,0.005409328614376041,-0.02618311602776968,-0.04004110636955427,-0.04210218113133013,1.5820628071809477,0.5439417343655804,0.0,0.0,0.0,0.0,0.0,0.0,0.0,0.0
2024-11-19,9.52,9.65,9.34,9.39,1995190,-0.013655462184873901,-0.009493670886075889,-0.035934291581108835,-0.07029702970297025,-0.053427419354838634,-0.0936293436293435,9.628,10.057500000000001,10.432166666666667,9.831398100866043,10.07483129280202,-0.2434331919359778,-0.1750247933641131,-0.06840839857186468,-0.025924727575716483,-0.007285239464522329,28.017351095677725,10.057500000000001,0.3207372264347355,10.698974452869471,9.41602554713053,0.12756141245229338,-0.020285723783785455,0.23327798158717045,0.02484323552579025,20.606537286989685,15.942576395264545,32.89435569859266,4.310344827586268,5.078238191828471,236797428.0,243324825.15,0.23743988831630392,-0.7958515692996051,1.1131568438314565,2531461.35,-0.4585744234292149,0.7881574016526067,0.03301384451544201,-0.06636838180462346,-0.09989934976754589,1.0,11.0,0.014846235418876086,1.0,1220.68,1205.15,-0.009834691731299916,-0.03186806124580244,-0.050980793612045106,0.09874220162623898,-0.003820770453573985,-0.03842896845716781,-0.04264855001729839,-0.04493960683854048,1.569194464517609,0.5479262282123463,0.0,0.0,0.0,0.0,0.0,0.0,0.0,0.0
2024-11-20,9.43,9.74,9.34,9.57,3492517,0.019169329073482455,0.005252100840336116,0.009493670886076,-0.04395604395604391,-0.056213017751479355,-0.0842105263157894,9.540000000000001,10.0135,10.415333333333333,9.791183008425113,10.037436382224094,-0.2462533737989805,-0.1892705094510866,-0.0569828643478939,-0.025731804994668806,-0.005954322293405841,35.36392016512133,10.0135,0.3243986339123552,10.66229726782471,9.36470273217529,0.12958451447040695,0.15821372715781562,0.24518669718808686,0.025620344533760383,21.062769450565153,16.706708227390717,29.06120020922882,21.495327102803774,12.243347226096395,240289945.0,242823202.8,0.2480142294878912,-0.6367232728729189,0.8251686143207556,2562380.55,0.7835954014187302,1.3629969990210862,0.04179728317659356,-0.0442902082189045,-0.08116238878576454,2.0,11.0,0.008359456635318674,1.0,1203.71,1216.54,0.009451105671492988,-0.02367500240762732,-0.0427728381461957,0.10710914586881952,0.009718223401989468,-0.02028104154841659,-0.0414376881695937,-0.0432892941413654,1.596036246782495,0.5637214632153181,0.0,0.0,0.0,0.0,0.0,0.0,0.0,0.0
2024-11-21,9.57,9.7,9.57,9.65,1212432,0.008359456635318674,0.027689030883919052,0.013655462184874123,-0.00924024640657084,-0.04455445544554448,-0.06492248062015504,9.522,9.98,10.401166666666667,9.76946254559048,10.008737390948236,-0.23927484535775534,-0.19927137663242034,-0.040003468725335,-0.024795320762461694,-0.0041454371736098445,38.37429653831163,9.98,0.3256733914441379,10.631346782888276,9.328653217111725,0.13053041741248,0.24667872117470444,0.2369590759603663,0.024555344659105315,21.48641360245666,16.05202252427678,27.92237908220868,31.632653061224527,19.146108330538212,241502377.0,242495391.3,0.2499104154897103,-0.8045045945279855,0.9455474248663904,2509812.9,-1.0602589966106177,0.48307664686877655,0.013471502590673472,-0.033066132264529036,-0.07221946256028966,3.0,11.0,0.013527575442247697,1.0,1217.3,1228.33,0.00969141992864997,-0.00288986841357608,-0.02312690371477888,0.11006682467075302,-0.0013319632933312953,-0.00635037799299476,-0.041795576905376164,-0.04278506293633555,1.5665471256268388,0.5668725047826203,0.0,0.0,0.0,0.0,0.0,0.0,0.0,0.0
2024-11-22,9.61,9.92,9.61,9.74,4320369,0.00932642487046631,0.017763845350052154,0.03727369542066028,0.02742616033755274,-0.026973026973026948,-0.051606621226874316,9.574000000000002,9.9535,10.390000000000002,9.764929846268869,9.988830917544663,-0.22390107127579384,-0.20419731556109505,-0.01970375571469879,-0.022987789658705734,-0.002022972865985502,41.66588554597496,9.9535,0.3223805368292326,10.598261073658465,9.308738926341535,0.12955464382548149,0.33443479397060155,0.24217628482034018,0.02486409495075361,20.61243136153315,21.07312081522496,25.369357626929826,44.94382022471911,32.69060012958249,245822746.0,242499579.7,0.25373051035199645,-0.8881612893531001,0.8873813176230045,2609849.9,1.328660330509927,1.6554089949770676,0.031827515400410726,-0.021449741297031144,-0.06256015399422543,4.0,11.0,-0.005107252298263476,0.0,1228.95,1228.1,-0.00018724609836118233,0.00782064222818546,-0.01965323456159407,0.10968164143979549,0.009513670968827492,0.01960551810936728,-0.03195338666528025,-0.032593963474741416,1.5749964359986615,0.5687716541263386,0.0,0.0,0.0,0.0,0.0,0.0,0.0,0.0
2024-11-25,9.79,9.83,9.65,9.74,1487293,0.0,0.00932642487046631,0.017763845350052154,0.02310924369747913,-0.030845771144278666,-0.05620155038759689,9.618,9.9245,10.379666666666667,9.761094485304428,9.970398997726539,-0.20930451242211134,-0.20521875493329833,-0.004085757488813013,-0.02148916965319418,-0.00041948228837915947,41.66588554597496,9.9245,0.31364537467116954,10.55179074934234,9.29720925065766,0.126412564732196,0.35293900779388804,0.2377351216188873,0.024408123369495615,19.80087642353275,19.933448549208155,23.997337148919527,44.94382022471911,40.50676450355427,245822746.0,242430206.1,0.2524346275435721,-0.856518303564769,0.9089365675387052,2610652.55,-0.8730826462271896,0.5697016249826121,0.018480492813141656,-0.018590357196836105,-0.06162689874433991,0.0,11.0,0.005133470225872516,1.0,1229.39,1234.7,0.0053741551990882375,0.014443933219403293,-0.0159949632203511,0.11164426900325843,-0.0053741551990882375,0.008665310478075838,-0.04020658716724579,-0.04086014366230262,1.552699270596909,0.5656684740407875,0.0,0.0,0.0,0.0,0.0,0.0,0.0,0.0
2024-11-26,9.74,9.88,9.74,9.79,1926001,0.005133470225872516,0.005133470225872516,0.014507772020725174,0.04259850905218299,-0.03069306930693072,-0.05135658914728691,9.697999999999999,9.898,10.369333333333334,9.765541487565285,9.957036109006054,-0.19149462144076956,-0.2024739282347926,0.010979306794023036,-0.019560226909169517,0.0011214817971422918,43.60663116489647,9.898,0.3005888956873018,10.499177791374603,9.296822208625397,0.12147459918662418,0.41017632258748554,0.23075404150325254,0.023570382176021712,18.770114635286788,20.617329839532403,22.957384089263954,50.56179775280888,46.81647940074905,247748747.0,242457132.55,0.25383459134210934,-0.8891868795683837,0.8842584749864182,2624145.3,-0.546490521992747,0.7339536419724929,0.014300306435137956,-0.01091129521115386,-0.05586987270155597,1.0,11.0,-0.004106776180698213,0.0,1235.63,1242.13,0.006017656110796299,0.030684976973820666,-0.015573237806907558,0.11198033554047893,-0.0008841858849237827,0.011913532078362321,-0.035783351340379355,-0.03634942965250321,1.5379748459888427,0.5650714289336967,0.0,0.0,0.0,0.0,0.0,0.0,0.0,0.0
2024-11-27,9.74,9.83,9.65,9.7,1727196,-0.009193054136874323,-0.004106776180698213,-0.004106776180698213,0.013584117032392706,-0.03096903096903103,-0.0717703349282297,9.724,9.8605,10.347166666666665,9.75545818178601,9.937996397227828,-0.18253821544181825,-0.19848678567619774,0.015948570234379483,-0.018818372725960646,0.0016441824983896376,40.96474872167847,9.8605,0.2736781628886171,10.407856325777235,9.313143674222765,0.11101999407276206,0.35338618333122035,0.22712875282444878,0.02341533534272668,18.24838792573498,19.450238699448583,24.488193252223223,40.4494382022471,45.318352059925054,246021551.0,242246760.4,0.248360067314864,-0.7739767624530817,0.9206860228796812,2559566.3,-0.6456994651624078,0.6748002581531098,0.018556701030927807,-0.016277065057552886,-0.06254530225665633,2.0,11.0,-0.004106776180698213,0.0,1241.36,1241.97,-0.00012881099401840235,0.02090354612261014,-0.01323661441408519,0.11180886563314435,-0.009064243142855921,-0.007319429090217433,-0.058533720514144516,-0.05931890194667966,1.7242366211798317,0.7141114184780981,0.0,0.0,0.0,0.0,0.0,0.0,0.0,0.0
2024-11-28,9.74,9.83,9.65,9.7,1365889,0.0,-0.009193054136874323,-0.004106776180698213,0.005181347150258864,-0.004106776180698213,-0.06370656370656369,9.734,9.8275,10.3295,9.746926153818931,9.92036703447021,-0.17344088065127927,-0.19347760467121405,0.020036724019934782,-0.0178805031599257,0.0020656416515396686,40.96474872167847,9.8275,0.24895307103735184,10.325406142074705,9.329593857925296,0.10132915636218863,0.3719638208631783,0.22376241333698813,0.023068290034741045,17.76392740972259,18.332649315981737,23.081128525570538,40.4494382022471,43.82022471910105,246021551.0,242123332.65,0.24793554368187082,-0.8672386590518568,1.0626340932925422,2540916.35,-0.9009520661422317,0.5375576413603699,0.018556701030927807,-0.012973798015772142,-0.06094196234086846,3.0,11.0,-0.009193054136874323,0.0,1246.37,1242.11,0.00011272413987439833,0.011218483632248644,-0.017691066683538037,0.11010874806776112,-0.00011272413987439833,-0.00603713648198978,-0.04601549702302565,-0.046844221265166075,1.6904039702423377,0.7095810853209842,0.0,0.0,0.0,0.0,0.0,0.0,0.0,0.0
2024-11-29,9.79,9.79,9.65,9.7,1283912,0.0,0.0,-0.009193054136874323,-0.004106776180698213,0.02320675105485215,-0.06007751937984507,9.725999999999999,9.796499999999998,10.309666666666667,9.739706745539095,9.90404355043538,-0.16433680489628522,-0.1876494447162283,0.023312639819943082,-0.01694193864910157,0.0024033649298910395,40.96474872167847,9.796499999999998,0.22148482186319027,10.239469643726379,9.353530356273618,0.09043426605958872,0.39107605750563984,0.21777938381291748,0.022451482867311082,17.314071216282514,17.490850198222716,22.021288603101194,40.4494382022471,40.4494382022471,246021551.0,242121631.35,0.24817123080510875,-0.9054424672709981,1.0992905784808304,2483385.5,-0.8990344599843605,0.5170006831400119,0.014432989690721525,-0.009850456795794327,-0.05913543923178899,4.0,11.0,0.03182751540041062,1.0,1242.51,1250.46,0.00672243199072553,0.018206986401758884,-0.0035301898971225043,0.11024773770781773,-0.00672243199072553,-0.022313762582457097,-0.056547329482722564,-0.05674765949696414,1.6446998477200951,0.7000364489472247,0.0,0.0,0.0,0.0,0.0,0.0,0.0,0.0
2024-12-02,9.74,10.23,9.74,10.05,7104196,0.03608247422680422,0.03608247422680422,0.03608247422680422,0.03182751540041062,0.05567226890756305,0.0172064777327936,9.788,9.805,10.298499999999999,9.787444169302312,9.914855139292019,-0.12741096998970747,-0.17560174977092413,0.048190779781216664,-0.012677708456687309,0.004795102465792703,54.38709096351527,9.805,0.2280235444906631,10.261047088981325,9.348952911018674,0.09302337358109644,0.7686126125125136,0.24008085639770918,0.023888642427632754,17.50596519880342,27.823633767191264,18.548862350318423,79.77528089887645,53.558052434456904,253125747.0,242821280.5,0.23843496058017674,0.18943983164708206,0.8786313623851928,2492454.65,3.375652061685039,2.8502809469371893,0.04875621890547265,0.024987251402345922,-0.02412972763023724,0.0,12.0,-0.004950495049504844,0.0,1255.73,1251.21,0.0005997792812244551,0.013371669231392325,0.0052220999268906,0.10616842069302124,0.03548269494557976,0.018455846169018297,0.011984377805903002,0.011922119307538726,1.6446999759431766,0.6639582190459891,0.0,0.0,0.0,0.0,0.0,0.0,0.0,0.0
2024-12-03,10.1,10.1,10.01,10.05,1898312,0.0,0.03608247422680422,0.03608247422680422,0.026557711950970564,0.07028753993610226,0.013104838709677491,9.84,9.8115,10.291833333333333,9.827837374025034,9.924865869714832,-0.09702849568979843,-0.159887098954699,0.06285860326490056,-0.009654576685552082,0.0062545873895423435,54.38709096351527,9.8115,0.23326684516367116,10.278033690327343,9.344966309672659,0.09509936102070876,0.7556085497626734,0.22936079522644423,0.022821969674273055,17.684152468287117,27.043787251145627,18.028971030531032,79.77528089887645,66.66666666666669,253125747.0,243441647.7,0.23817239950606256,0.23451846156875455,0.912151552048456,2508088.3,-0.4493518360701998,0.7568760637334818,0.008955223880597,0.024308209753860277,-0.02349759518064476,1.0,12.0,-0.026732673267326645,0.0,1251.43,1249.83,-0.0011029323614741848,0.006199029087132546,0.0032670819419471364,0.10625658710207733,0.0011029323614741848,0.020358682863838018,0.009837756767730355,0.009805720674785912,1.60347862300024,0.647857850554418,0.0,0.0,0.0,0.0,0.0,0.0,0.0,0.0
2024-12-04,10.1,10.14,9.83,9.83,2612786,-0.02189054726368167,-0.02189054726368167,0.013402061855670278,0.013402061855670278,0.027168234064785857,-0.030571992110453694,9.866,9.796,10.282166666666665,9.82817008571349,9.917838768254475,-0.08966868254098515,-0.14584341567195622,0.05617473313097107,-0.009121941255441012,0.005714621885144565,46.65435647151611,9.796,0.22022476556554824,10.236449531131095,9.355550468868904,0.0899243632362384,0.5385969306320829,0.2351207384245554,0.023918691599649582,16.837187220240487,24.496896995031154,21.799380062471798,55.05617977528089,71.53558052434461,250512961.0,243834132.3,0.23697356966447206,0.3568781792004155,1.1596413312784162,2541484.3,0.052791580368730474,1.0280551408482044,0.031536113936927825,0.0034708044099633906,-0.04397581573274101,2.0,12.0,0.02238046795523907,1.0,1247.34,1240.41,-0.007537025035404654,-0.0012560689871735642,-0.016546682734999263,0.0990858515698725,-0.014353522228277016,0.014658130842843842,-0.014025309375454431,-0.014261286356183178,1.6357916293592003,0.6580014953548537,0.0,0.0,0.0,0.0,0.0,0.0,0.0,0.0
2024-12-05,9.83,10.05,9.7,10.05,3848187,0.02238046795523907,0.0,0.0,0.03608247422680422,0.041450777202072464,-0.004950495049504844,9.936,9.7935,10.276166666666665,9.86229776483449,9.927628489124514,-0.06533072429002296,-0.12974087739556958,0.06441015310554662,-0.006500569581096811,0.006408970458263346,53.73785371935653,9.7935,0.21685005734009055,10.227200114680182,9.359799885319818,0.08856897221221867,0.7957112429969595,0.2433263999656587,0.02421158208613519,15.854346613235055,21.98002079515225,23.37580961168542,79.77528089887645,71.53558052434462,254361148.0,244518608.6,0.2512832402289744,0.221115644591593,0.40019728799411214,2634311.3,0.8831804451184521,1.4607943260160636,0.03482587064676631,0.02619084086383827,-0.02200885544220421,3.0,12.0,-0.012820512820512886,0.0,1241.81,1267.53,0.021863738602558636,0.020465176192124845,0.006175828537408279,0.12761096466493704,0.000516729352680434,0.015617298034679372,-0.011126323586913123,-0.01105803108298331,1.5308588014122464,0.6679872117937203,0.0,0.0,0.0,0.0,0.0,0.0,0.0,0.0
2024-12-06,10.14,10.19,9.96,10.01,3142846,-0.003980099502487677,0.01831129196337744,-0.003980099502487677,0.03195876288659805,0.02772073921971252,0.0,9.998000000000001,9.7935,10.268,9.885021185629185,9.933730082522699,-0.048708896893513653,-0.1135344812951584,0.06482558440164475,-0.00486602366568568,0.006476082357806668,52.37608364431259,9.7935,0.21685005734009055,10.227200114680182,9.359799885319818,0.08856897221221867,0.7495964292742359,0.24237451425382583,0.02421323818719539,15.156655817767096,24.616022605541705,21.791356068421862,75.28089887640445,70.03745318352063,251218302.0,245136828.5,0.24960170405168025,0.1826731561914715,0.48448570591731266,2700567.7,0.3240355432378918,1.1637723431262248,0.022977022977022844,0.022106499208658814,-0.025126606934164464,4.0,12.0,0.0,0.0,1270.96,1270.14,0.002059122860997409,0.01573820833933115,0.014035255796129631,0.12569411929093366,-0.006039222363485086,0.016220554547266897,-0.014035255796129631,-0.013840993906183652,1.5496323522915292,0.676457250366785,0.0,0.0,0.0,0.0,0.0,0.0,0.0,0.0
2024-12-09,10.05,10.14,10.01,10.05,2497473,0.003996003996004083,0.0,0.02238046795523907,0.0,0.03182751540041062,0.0,9.998,9.7935,10.264333333333333,9.910402541686233,9.9423426690025,-0.0319401273162665,-0.09721561049938003,0.06527548318311353,-0.003178122121021542,0.006495072953543635,53.64122798299744,9.7935,0.21685005734009055,10.227200114680182,9.359799885319818,0.08856897221221867,0.7957112429969595,0.23434776323569548,0.023318185396586612,14.508800079118275,23.640645885022916,20.927902952609017,79.77528089887645,78.27715355805248,253715775.0,245713490.55,0.24960170405168025,0.1826731561914715,0.48448570591731266,2659009.85,-0.11900371730677543,0.9392492472338905,0.012935323383084655,0.02619084086383827,-0.020881369142337403,0.0,12.0,0.0,0.0,1271.46,1273.84,0.0029130647015287447,0.018086492275477317,0.018811184336809728,0.1255541652380206,0.001082939294475338,-0.018086492275477317,-0.018811184336809728,-0.018463857313320342,1.5273099435683355,0.6645198062703009,0.0,0.0,0.0,0.0,0.0,0.0,0.0,0.0
2024-12-10,10.05,10.14,10.05,10.05,2064511,0.0,0.003996003996004083,0.0,0.0,0.026557711950970564,-0.004950495049504844,9.998000000000001,9.791,10.254666666666667,9.931879073734505,9.950317286113426,-0.018438212378921293,-0.08146013087528829,0.063021918496367,-0.001834647997902616,0.006270837661330049,53.64122798299744,9.791,0.21339116540677966,10.21778233081356,9.364217669186441,0.08717849674467551,0.8034333679024135,0.22403720871886007,0.022292259574015927,13.907219750372942,22.962296152143754,20.327393243751303,72.72727272727278,75.92781750085125,253715775.0,246161442.15,0.24894132304930522,0.23527269374154153,0.5430547593614652,2633524.95,-0.41720987592483333,0.7839344753502335,0.008955223880597,0.026452864875906368,-0.019958392926797575,1.0,12.0,-0.003980099502487677,0.0,1274.29,1272.07,-0.0013894994661809434,0.017794420041125525,0.021890715123471738,0.1242981250466722,0.0013894994661809434,-0.017794420041125525,-0.026841210172976582,-0.026266223751463924,1.441814026782518,0.6274497325953785,0.0,0.0,0.0,0.0,0.0,0.0,0.0,0.0
2024-12-11,10.05,10.19,9.96,10.01,2112892,-0.003980099502487677,-0.003980099502487677,0.0,0.01831129196337744,0.03195876288659805,0.0,10.034,9.791,10.245833333333334,9.94389767777535,9.954738227882801,-0.010840550107451108,-0.06733621472172086,0.05649566461426975,-0.0010829720387064044,0.005643922538888087,52.03796544543554,9.791,0.21339116540677966,10.21778233081356,9.364217669186441,0.08717849674467551,0.7565710717012675,0.22446312238179855,0.022423888349830026,12.983957910621916,21.281673881115,21.70359752941602,64.51612903225802,72.33956088613577,251602883.0,246613994.75,0.2472444460328085,0.19697313438209688,0.631788940018233,2628923.95,-0.3778982001112072,0.8037098220357419,0.022977022977022844,0.022367480339086754,-0.023017486783245222,2.0,12.0,-0.008910891089108919,0.0,1273.23,1268.86,-0.002523446036774679,0.022935964721342073,0.018314018811595112,0.12496789732925254,-0.0014566534657129981,-0.004624672757964632,-0.018314018811595112,-0.017984647636461015,1.4708274645965065,0.6393722233629313,0.0,0.0,0.0,0.0,0.0,0.0,0.0,0.0
2024-12-12,10.1,10.1,10.01,10.01,1418927,0.0,-0.003980099502487677,-0.003980099502487677,-0.003980099502487677,0.03195876288659805,0.02772073921971252,10.026,9.8045,10.233333333333333,9.954067265809911,9.958831692484075,-0.004764426674164213,-0.05482185711220953,0.050057430438045315,-0.0004759667007157056,0.005000742301503029,52.037965445435546,9.8045,0.2184749774904527,10.241449954980906,9.367550045019096,0.08913253199671686,0.7351527877019455,0.2148586136402415,0.021464396967057094,12.12664334513882,20.644926029370108,21.054225718759017,62.068965517241274,66.43745575892406,251602883.0,247212573.35,0.22564462991634926,0.3465887213764507,1.2836618186966036,2553844.3,-0.8166509917951529,0.5556043490983378,0.008991008991008976,0.020959763373960882,-0.02182410423452763,3.0,12.0,-0.017982017982017928,0.0,1270.86,1267.35,-0.001190044606970031,-0.0001420084731722504,0.02878503762511242,0.11663667903960698,0.001190044606970031,-0.003838091029315427,-0.0010642984053998994,-0.001034519716438309,1.436127949718551,0.6339541904361558,0.0,0.0,0.0,0.0,0.0,0.0,0.0,0.0
2024-12-13,10.01,10.01,9.83,9.83,2483875,-0.017982017982017928,-0.017982017982017928,-0.02189054726368167,-0.017982017982017928,0.013402061855670278,0.03691983122362874,9.99,9.822000000000001,10.219333333333333,9.934979994146849,9.949288604151922,-0.014308610005073774,-0.04671920769078238,0.03241059768570861,-0.0014556063077389393,0.003297110649614304,45.01605555474883,9.822000000000001,0.2046974661092805,10.231394932218562,9.41260506778144,0.08336284508624736,0.5097705166459269,0.2123687126659385,0.021604141675070042,12.277297725961631,19.395049058781254,25.83372965396588,31.034482758620637,52.53985910270668,249119008.0,247847074.45,0.212989757158289,0.6663491385823012,1.3379957754827791,2517921.8,-0.024647715962852614,0.9864782138984619,0.01831129196337739,0.0008144980655671041,-0.03809772326961969,4.0,12.0,0.0,0.0,1264.98,1262.57,-0.0037716495048722987,-0.005959972916371514,0.03610789696119232,0.10926710643040582,-0.01421036847714563,-0.012022045065646414,0.0008119342624364201,0.0007836387164095182,1.4579960427732717,0.6390125685971006,0.0,0.0,0.0,0.0,0.0,0.0,0.0,0.0
2024-12-16,9.83,9.92,9.74,9.83,1633312,0.0,-0.017982017982017928,-0.017982017982017928,-0.02189054726368167,-0.02189054726368167,0.03256302521008414,9.946000000000002,9.8375,10.2045,9.918829225816564,9.94045241125178,-0.021623185435215575,-0.04170000323966902,0.020076817804453445,-0.002199713676013792,0.002042402625071561,45.01605555474883,9.8375,0.1919669653598129,10.221433930719627,9.453566069280374,0.07805518286548951,0.49023269448216955,0.2100566617612286,0.021368938124234852,12.829047615263342,18.207917384978412,27.31289812002709,31.034482758620637,41.379310344827545,249119008.0,248363393.95,0.21290673824951872,0.7190984612821958,1.399426084547539,2481405.8,-0.6078594382005565,0.6582204329497416,0.01831129196337739,-0.000762388818297377,-0.03669949532069183,0.0,12.0,-0.00915564598168872,0.0,1264.03,1263.79,0.0009662830575729586,-0.007889530867298822,0.038344616800315645,0.10875206672663942,-0.0009662830575729586,-0.014001016396382848,-0.005781591590231505,-0.005568085485960883,1.4703044934422371,0.6444425827418164,0.0,0.0,0.0,0.0,0.0,0.0,0.0,0.0
2024-12-17,9.83,9.88,9.7,9.74,2078557,-0.00915564598168872,-0.00915564598168872,-0.026973026973026948,-0.030845771144278666,-0.030845771144278666,0.03727369542066028,9.884,9.855,10.1875,9.8913170372294,9.925604084492388,-0.03428704726298726,-0.04021741204433267,0.0059303647813454125,-0.0035202307251526958,0.0006088670206720136,41.74925204119948,9.855,0.16275587142771053,10.18051174285542,9.52948825714458,0.06606022178699551,0.3233550670227606,0.2079097573497124,0.021345970980463286,13.519529240417713,17.081939470647264,26.998090637724108,15.517241379310319,25.862068965517224,247040451.0,248875545.1,0.20917198766861927,0.761130785409307,1.5953923294569403,2485574.15,-0.29201800102940373,0.8362482366498702,0.018480492813141836,-0.011669203450025423,-0.04392638036809815,1.0,12.0,0.005133470225872516,1.0,1264.91,1261.72,-0.0016379303523528232,-0.008136344698011833,0.04694021491100697,0.1006028848634951,-0.007517715629335897,-0.022709426446266834,-0.009666519490346692,-0.009233115084005372,1.4896000121600688,0.6453522143308422,0.0,0.0,0.0,0.0,0.0,0.0,0.0,0.0
2024-12-18,9.74,9.83,9.7,9.79,1886838,0.005133470225872516,-0.00406917599186174,-0.00406917599186174,-0.02197802197802201,-0.00406917599186174,0.02298850574712641,9.84,9.866,10.169833333333335,9.87572980073257,9.915559337492951,-0.039829536760381146,-0.040139836987542366,0.00031030022716121985,-0.004068389863164571,3.169563096641674e-05,44.173131518873156,9.866,0.14936356210332583,10.164727124206651,9.567272875793348,0.060556887128857005,0.37279360687142404,0.20234477468187587,0.02066851631071255,14.16069074948963,16.298039764713792,25.759133237831435,24.13793103448255,23.563218390804526,248927289.0,249307412.3,0.19952551815850386,0.9129226963531183,2.6325651719041803,2405290.2,-0.3759842983374142,0.7844533686621264,0.01327885597548527,-0.007703223190756225,-0.03734902243563498,2.0,12.0,-0.005154639175257603,0.0,1262.57,1266.0,0.0033921947817265874,-0.0022539917721418057,0.04065628750390449,0.09714214178468736,0.0017412754441459288,-0.019724030205880205,-0.017667781756778078,-0.016977538087196486,1.5024963274545864,0.6435739124780167,0.0,0.0,0.0,0.0,0.0,0.0,0.0,0.0
2024-12-19,9.7,9.74,9.61,9.65,2743771,-0.0143003064351378,-0.00924024640657084,-0.01831129196337744,-0.035964035964035856,-0.03980099502487566,0.0,9.767999999999999,9.866,10.152,9.841002139081406,9.895888275456436,-0.05488613637503015,-0.04308909686503992,-0.011797039509990226,-0.005687682525909859,-0.0012224911409316297,39.2484843500314,9.866,0.14936356210332583,10.164727124206651,9.567272875793348,0.060556887128857005,0.13846604058194567,0.20074871934745614,0.020802976098181984,15.172538067418188,15.254216291132192,27.311662628580528,6.4516129032259455,15.368928439006298,246183518.0,249541469.35,0.2048990112147597,1.0249162925973878,2.5350538115193864,2481857.15,0.19380360640516092,1.1055313961160094,0.013471502590673656,-0.021893371173727916,-0.04944838455476741,3.0,12.0,-0.005154639175257603,0.0,1256.9,1254.67,-0.008949447077409078,-0.010005128812088038,0.021443748829711895,0.10008844413820728,-0.005350859357728721,-0.02595890715194782,-0.021443748829711895,-0.020993568029840537,1.5267757878244341,0.6620129154035268,0.0,0.0,0.0,0.0,0.0,0.0,0.0,0.0
2024-12-20,9.7,9.74,9.61,9.65,1227111,0.0,-0.0143003064351378,-0.00924024640657084,-0.01831129196337744,-0.035964035964035856,-0.00924024640657084,9.732,9.861500000000001,10.134166666666665,9.811617194607344,9.877674329126329,-0.0660571345189851,-0.04768270439582896,-0.018374430123156135,-0.006845298913884465,-0.001904086023124988,39.2484843500314,9.861500000000001,0.15462263060341505,10.17074526120683,9.552254738793172,0.06271769227943604,0.15803841395237164,0.19569523939406647,0.020279299419074245,16.112110576923275,14.53040566308358,26.015727701281982,6.89655172413809,12.495365220615556,246183518.0,249559507.95,0.20196952851740566,1.1699374160858094,3.0758648835968474,2327194.25,-0.8421983037439448,0.5272920384707894,0.013471502590673656,-0.021447041525123,-0.04777567634240587,4.0,12.0,-0.00915564598168872,0.0,1255.6,1257.5,0.0022555731786046973,-0.004015618935979792,0.023939418614119523,0.10005378094571844,-0.0022555731786046973,-0.014295673027397648,-0.03317966502069036,-0.03240393368740346,1.523692793951952,0.6617944355676572,0.0,0.0,0.0,0.0,0.0,0.0,0.0,0.0
2024-12-23,9.83,9.88,9.74,9.74,2190795,0.00932642487046631,0.00932642487046631,-0.005107252298263476,-0.00915564598168872,-0.030845771144278666,0.0,9.714,9.8615,10.117166666666666,9.800599164667751,9.867476230672526,-0.06687706600477483,-0.05152157671761814,-0.015355489287156694,-0.006866228542584685,-0.0015765389411865189,43.91058537517366,9.8615,0.15462263060341505,10.170745261206829,9.55225473879317,0.06271769227943605,0.30355398248327936,0.19814557943734748,0.020343488648598303,15.88917547667039,18.372460554440014,23.858721514111817,22.41379310344841,11.920652576937508,248374313.0,249687086.3,0.2048990112147597,1.0249162925973876,2.5350538115193837,2362369.35,-0.132819169020345,0.9273719200598332,0.01437371663244359,-0.012320640876134381,-0.0372798708465808,0.0,12.0,-0.009193054136874323,0.0,1262.45,1262.76,0.004182902584493053,-0.0008150088226682728,0.022726168299991967,0.09948271563228304,0.0051435222859732566,-0.008340637159020448,-0.022726168299991967,-0.022221166334061904,1.5395132149188204,0.6686239601978641,0.0,0.0,0.0,0.0,0.0,0.0,0.0,0.0
2024-12-24,9.79,9.79,9.61,9.7,1548033,-0.004106776180698213,0.005181347150258864,0.005181347150258864,-0.004106776180698213,-0.034825870646766344,-0.009193054136874323,9.706,9.857000000000001,10.094333333333333,9.785122370103482,9.855070583956042,-0.06994821385256067,-0.05520690414460665,-0.014741309707954023,-0.007211156067274296,-0.0015197226503045386,42.3548702164616,9.857000000000001,0.15808392174972297,10.173167843499447,9.540832156500555,0.06415092695535078,0.2517141555854071,0.19684946662039407,0.020293759445401453,16.34559075554931,17.172470765078888,27.017563894288674,15.517241379310319,14.942528735632301,246826280.0,249640962.95,0.20450037739158622,1.1449838673617256,2.7739556860350554,2343470.95,-0.6112926581388882,0.6605727286698391,0.018556701030927807,-0.01592776706908816,-0.03906482184724103,1.0,12.0,0.06804123711340204,1.0,1263.03,1260.36,-0.0019005986885869408,-0.0010778936689599394,0.01467640263096448,0.09829992942364735,-0.002206177492111272,-0.0030288825117382734,-0.023869456767838804,-0.02352420604830019,1.4970396644497481,0.6765560305760262,0.0,0.0,0.0,0.0,0.0,0.0,0.0,0.0
2024-12-25,9.7,10.36,9.7,10.36,14083034,0.06804123711340204,0.06365503080082124,0.07357512953367862,0.05822267620020427,0.034965034965035,0.06804123711340204,9.819999999999999,9.889999999999999,10.086833333333335,9.873565082395254,9.892472762922262,-0.018907680527007642,-0.047947059421086846,0.029039378894079204,-0.0018250656879351007,0.0028030288507798463,64.62510022117382,9.889999999999999,0.18937570566131673,10.268751411322633,9.511248588677365,0.07659280309861154,1.1204597342076144,0.22993164757608023,0.022194174476455622,16.513772795781925,31.358726853559595,21.478156124877433,100.0,45.97701149425294,260909314.0,250385351.1,0.3145355116422407,2.06993264535273,5.5519510472852485,2961262.85,3.8091331422340295,4.7557527694645545,0.06370656370656372,0.04752275025278063,0.02708150889773786,2.0,12.0,-0.0038610038610037423,0.0,1262.03,1274.04,0.010854041702370809,0.006350710900473899,0.025821879755549615,0.10453527884213971,0.05718719541103123,0.05187196529973037,0.04221935735785243,0.041156616164117255,1.7312719238772787,0.6763960960828251,0.0,0.0,0.0,0.0,0.0,0.0,0.0,0.0
2024-12-26,10.36,10.58,10.27,10.32,4007319,-0.0038610038610037423,0.0639175257731961,0.05954825462012314,0.0694300518134714,0.03096903096903092,0.0639175257731961,9.953999999999999,9.921000000000001,10.0825,9.94224737741137,9.924141447150243,0.018105930261127057,-0.034736461484644064,0.05284239174577112,0.001754450606698358,0.005120386797070845,63.03564241543137,9.921000000000001,0.20659902684844236,10.334198053696886,9.507801946303116,0.08329766227132035,0.9828193119862794,0.23565081560636025,0.02283438135720545,17.37995761361899,35.08057589648162,19.459967723783237,73.19587628865983,62.90437255599008,256901995.0,250929373.3,0.3153991989729274,2.0827298220491897,5.553272059838025,3093334.35,0.3147875208989048,1.2954690785365637,0.030038759689922527,0.040217719987904355,0.023555665757500677,3.0,12.0,0.008687258687258614,1.0,1275.68,1272.87,-0.0009183385137044864,0.014505806307634428,0.024764312339486727,0.10475390886124765,-0.002942665347299256,0.054924245505836966,0.039153213433709366,0.03820704230451244,1.7053835824663617,0.6677158776593064,0.0,0.0,0.0,0.0,0.0,0.0,0.0,0.0
2024-12-27,10.36,10.54,10.19,10.45,5378576,0.012596899224806002,0.008687258687258614,0.07731958762886593,0.08290155440414493,0.06307222787385536,0.07731958762886593,10.114,9.9585,10.081,10.020363165501928,9.96309393254652,0.057269232955407645,-0.016335322596633724,0.07360455555204137,0.00548030937372322,0.007043498138951328,65.96542970153192,9.9585,0.23099954431485967,10.42049908862972,9.496500911370282,0.09278487495701544,1.0319274562399878,0.2438186144916202,0.02333192483173399,17.76442059708636,31.483580649663907,19.808297889267426,86.59793814432983,86.59793814432992,262280571.0,251742324.3,0.31682535551379265,1.9556995688380556,5.080862895407347,3298067.55,0.7140826206921237,1.630826512331441,0.033492822966507144,0.049354822513430596,0.03660351155639319,4.0,12.0,-0.004761904761904856,0.0,1275.56,1275.14,0.0017833714362034403,0.014027833001988066,0.019736736880827888,0.10277668262861935,0.010813527788602562,0.06887372140215686,0.05758285074803804,0.05646834978621307,1.7304858565390702,0.6692763905218002,0.0,0.0,0.0,0.0,0.0,0.0,0.0,0.0
2024-12-30,10.5,10.72,10.45,10.45,5644230,0.0,0.012596899224806002,0.008687258687258614,0.07289527720739208,0.06307222787385536,0.03980099502487544,10.256,9.9785,10.081,10.086461140040093,9.999161048654186,0.08730009138590766,0.004391760199874552,0.08290833118603311,0.008354075730708867,0.007933811596749581,65.96542970153192,9.9785,0.2553691857930812,10.489238371586163,9.467761628413838,0.10236776501200834,0.9615866226534889,0.2456887134565046,0.02351088167047891,18.671356285658813,34.24533122040697,18.253415012458508,75.67567567567558,78.48983003622178,262280571.0,252200065.5,0.2932477048283133,2.4836655436246446,8.661575138222801,3225069.25,0.8547490255506617,1.7501112573009092,0.02583732057416281,0.047251590920478925,0.03660351155639319,0.0,12.0,-0.012440191387559696,0.0,1273.75,1272.02,-0.002446790156375056,0.00733314327346446,0.01663190032048978,0.10349943276250237,0.002446790156375056,0.06556213393392762,0.023169094704385662,0.02279005281762414,1.7235476506672585,0.669186786535833,0.0,0.0,0.0,0.0,0.0,0.0,0.0,0.0
2024-12-31,10.45,10.5,10.27,10.32,2289811,-0.012440191387559696,-0.012440191387559696,0.0,0.0639175257731961,0.05954825462012314,0.02686567164179099,10.379999999999999,9.991999999999999,10.077333333333334,10.122390195418541,10.022926896902023,0.09946329851651825,0.023406067863203293,0.07605723065331496,0.009637916522918434,0.0073698866912126895,60.412184687575824,9.991999999999999,0.26625274893563045,10.52450549787126,9.459494502128738,0.10658636866918758,0.8079780408946112,0.24456809106675428,0.023698458436700997,18.610141847797504,31.944941714991145,22.284344595572726,63.96396396396397,75.41252592798982,259990760.0,252543316.15,0.2977259694887753,2.456633186272249,8.363579087450272,3244644.2,-0.33836044305888185,0.705720214253384,0.022286821705426396,0.032826261008807256,0.024080444562053493,1.0,12.0,0.003875968992248069,1.0,1272.25,1266.78,-0.004119432084401242,0.005093782728744278,0.013561844410839852,0.10479819048923225,-0.008320759303158454,0.058823743044451815,0.013303827230951137,0.013125816943794222,1.7291017207597055,0.671730146177602,0.0,0.0,0.0,0.0,0.0,0.0,0.0,0.0
2025-01-02,10.32,10.41,10.32,10.36,1965258,0.003875968992248069,-0.008612440191387516,-0.008612440191387516,0.0,0.05822267620020427,0.05391658189216675,10.379999999999999,10.0185,10.072166666666668,10.158945549969534,10.04789527490928,0.11105027506025422,0.04093490930261348,0.07011536575764074,0.010719138519329558,0.00676789244764872,61.48653124731261,10.0185,0.2754952478336771,10.569490495667354,9.467509504332645,0.10999460910662372,0.8098964525571155,0.2335275131334147,0.0225412657464686,18.553299869783434,31.065557796407436,21.67089867200955,67.5675675675675,69.06906906906904,261956018.0,253115469.0,0.28465142135837246,2.700762819588843,9.495686812409337,3212267.8,-0.44013191430720877,0.6117976838668309,0.008687258687258673,0.034086939162549346,0.028577101914516678,3.0,1.0,-0.025936599423631135,0.0,1268.96,1269.71,0.0023129509464943077,-0.003398637405418903,0.02362122201530137,0.10027176599132999,0.0015630180457537612,0.003398637405418903,0.03029535987686538,0.029596260047461742,1.732570327761488,0.6677573724391587,0.0,0.0,0.0,0.0,0.0,0.0,0.0,0.0
2025-01-03,10.41,10.5,10.14,10.14,4426524,-0.021235521235521082,-0.0174418604651162,-0.02966507177033484,-0.0174418604651162,0.050777202072538774,0.008955223880596996,10.344,10.023,10.064833333333333,10.156030849974222,10.054717847138223,0.1013130028359992,0.053010528009290625,0.048302474826708575,0.009991420398027534,0.004763557675217808,52.97173208610663,10.023,0.27676895171165966,10.576537903423318,9.469462096576681,0.11045353754830266,0.6056838197316047,0.2425612621953136,0.023921229013344536,17.650011135262307,27.7722511001088,24.674109485574363,47.747747747747795,59.75975975975979,257529494.0,253273886.3,0.2869071197108685,2.830051598732211,10.782805188087401,3241184.65,0.41692816795730864,1.3657117622101536,0.0355029585798816,0.011673151750972943,0.007468247528523486,4.0,1.0,0.007850834151128527,1.0,1268.74,1254.59,-0.011908231013381121,-0.014361246631627744,-0.010208831349159397,0.07682419867806625,-0.009327290222139961,-0.0030806138334884547,0.019164055229756394,0.019361715720173978,1.7597840676987215,0.6883908262135673,0.0,0.0,0.0,0.0,0.0,0.0,0.0,0.0
2025-01-06,10.19,10.54,10.19,10.27,5620535,0.012820512820512775,-0.008687258687258725,-0.004844961240310197,-0.017224880382775143,0.06424870466321231,0.025974025974025983,10.308,10.036,10.058833333333332,10.173564565362803,10.070664673276132,0.10289989208667016,0.06298840082476653,0.03991149126190363,0.010019463689062334,0.0038862211550052222,56.780459692626316,10.036,0.28217948748604577,10.60035897497209,9.471641025027909,0.11246691410364508,0.7073148566580091,0.25380688632421966,0.024713426126993152,16.969961952670154,25.771601668510623,21.896507321422913,59.45945945945941,58.25825825825826,263150029.0,253870472.65,0.2895386256483157,2.6184806119217656,9.67011144825341,3365069.1,0.7798770502907522,1.6702584205477384,0.03407984420642645,0.023316062176165886,0.020993156926747636,0.0,1.0,-0.01270772238514184,0.0,1254.79,1246.35,-0.006567882734598518,-0.022577913013473228,-0.018730218716047187,0.07908013673192173,0.019388395555111293,0.005353032630698085,0.04470424469007317,0.04555754751927599,1.6946340229085288,0.6643532931197123,0.0,0.0,0.0,0.0,0.0,0.0,0.0,0.0
2025-01-07,10.23,10.45,10.01,10.1,4273956,-0.0165530671859786,-0.0039447731755425375,-0.025096525096525046,-0.03349282296650713,0.03696098562628336,0.004975124378109319,10.238000000000001,10.038499999999999,10.046333333333333,10.16224693992237,10.072837660440863,0.08940927948150801,0.06827257655611484,0.021136702925393172,0.008852403909060199,0.002092742863900314,50.96741346305574,10.038499999999999,0.28253132103965733,10.603562642079314,9.473437357920684,0.1125790988851552,0.5544187453037889,0.2671063944439182,0.026446177667714673,15.970304458393317,22.739234639058857,24.133587203283128,44.144144144144114,50.45045045045047,258876073.0,254128487.55,0.29623969144191414,2.575958709207039,9.253028180347645,3453893.25,0.2836301360828206,1.2374314116396041,0.04356435643564352,0.0061264133087612915,0.00534191579017218,1.0,1.0,0.017910447761193993,1.0,1249.19,1246.95,0.00048140570465760035,-0.019708809609911726,-0.021109401494693092,0.07797486438645984,-0.0170344728906362,-0.013784013356595404,0.02608452587280241,0.02664702870027713,1.6979190265354607,0.670346521616181,0.0,0.0,0.0,0.0,0.0,0.0,0.0,0.0
2025-01-08,10.05,10.27,10.05,10.23,2294854,0.012871287128712883,-0.003894839337877265,0.008875739644970349,-0.008720930232558155,0.05463917525773199,0.017910447761193993,10.22,10.047500000000001,10.039,10.172670487626622,10.084479315223021,0.08819117240360086,0.07225629572561204,0.01593487667798882,0.008620837967116409,0.0015576614543488581,54.7799581826594,10.047500000000001,0.28576536197596886,10.619030723951939,9.475969276048064,0.11376575744253546,0.6596589582604367,0.26374165198363825,0.025781197652359554,15.042051070850539,21.384382922028895,22.695657009964457,55.855855855855886,53.15315315315316,261170927.0,254501245.15,0.29950919051152025,2.3956240019800688,8.30393754681019,3465410.4,-0.4056068510891206,0.6622170926710441,0.02150537634408591,0.018163722318984776,0.01902579938240878,2.0,1.0,-0.008832188420019649,0.0,1246.16,1251.02,0.0032639640723364227,-0.012440992121757533,-0.01654783148726091,0.07944561089476546,0.00960732305637646,0.0037200618891993775,0.034458279248454904,0.03503808355068827,1.6946734003389468,0.670500061986045,0.0,0.0,0.0,0.0,0.0,0.0,0.0,0.0
2025-01-09,10.19,10.32,10.05,10.1,2456076,-0.01270772238514184,0.0,-0.0165530671859786,-0.025096525096525046,-0.025096525096525046,0.00899100899100902,10.168,10.052,10.031,10.161490412607142,10.08562899557687,0.07586141703027138,0.07297731998654391,0.0028840970437274682,0.0075110313891357805,0.0002855541627452939,50.54730367432373,10.052,0.28585237264602514,10.62370474529205,9.480295254707949,0.11374945190848602,0.5419797110267816,0.2641886768419498,0.026157294736826715,13.990680963312219,21.175175461934913,21.03887912738095,44.144144144144114,48.04804804804807,258714851.0,254856843.55,0.30303569752655635,2.368339760508959,8.044563291854429,3482569.6,-0.35660910328541007,0.7052482167190571,0.02673267326732669,0.004775169120573075,0.00687867610407733,3.0,1.0,0.008875739644970349,1.0,1250.56,1245.77,-0.004196575594315077,-0.01885469910451998,-0.018197437069495392,0.08013980362377175,-0.008511146790826762,-0.006241825992005068,0.027188446060504412,0.02769237633618693,1.7015982970947203,0.6732934496106506,0.0,0.0,0.0,0.0,0.0,0.0,0.0,0.0
2025-01-10,10.14,10.45,10.1,10.23,7368815,0.012871287128712883,0.0,0.012871287128712883,0.008875739644970349,-0.008720930232558155,0.021978021978022122,10.186000000000002,10.062999999999999,10.024333333333335,10.17203034912912,10.096323144052658,0.075707205076462,0.07352329700452753,0.0021839080719344706,0.007400508805128251,0.00021348074994471852,54.34616202901005,10.062999999999999,0.288372931060485,10.639745862120968,9.48625413787903,0.11462702218443192,0.644777805068131,0.2703180570675248,0.026424052499269286,13.600280725979022,22.651924911651957,19.093126838797666,55.855855855855886,51.95195195195199,266083666.0,255580882.7,0.306117128362178,2.201260000275011,7.224750882930906,3780064.0,1.2123009773477833,1.9493889521447256,0.034213098729227724,0.016595448673357938,0.020516742593023496,4.0,1.0,0.021505376344086002,1.0,1245.68,1230.48,-0.012273533637830347,-0.01921743358387995,-0.029092200260385725,0.08974304528580561,0.02514482076654323,0.0280931732288503,0.05107022223840785,0.052600486114236844,1.5529683952342919,0.6243677839631404,0.0,0.0,0.0,0.0,0.0,0.0,0.0,0.0
2025-01-13,10.23,10.63,10.14,10.45,7305439,0.021505376344086002,0.034653465346534684,0.021505376344086002,0.017526777020447915,0.0,0.06307222787385536,10.222,10.094,10.022833333333333,10.214794910801563,10.122521429678386,0.09227348112317735,0.0772733338282575,0.015000147294919844,0.008829998193605488,0.001435420793772234,59.95276352999817,10.094,0.29525011698379233,10.684500233967585,9.503499766032414,0.11700024449526161,0.8014393386502383,0.2860096244198445,0.02736934204974589,13.951865981354413,24.375282700070066,16.75663399974217,75.67567567567558,58.55855855855856,273389105.0,256794387.55,0.3052858028066411,2.0026162547498405,6.255949345190481,4021142.2,1.0788340123918105,1.8167571890394723,0.04688995215311007,0.03526847632256791,0.042619352478507455,0.0,1.0,-0.008538899430740043,0.0,1226.66,1235.65,0.0042016123789090365,-0.008585068399727058,-0.0213215900900543,0.09146524969038869,0.017303763965176966,0.026111845420174973,0.08439381796390966,0.08623243049948881,1.580836489025662,0.6301895253222265,0.0,0.0,0.0,0.0,0.0,0.0,0.0,0.0
2025-01-14,10.54,10.63,10.36,10.45,4805130,0.0,0.021505376344086002,0.034653465346534684,0.034653465346534684,0.0,0.06307222787385536,10.291999999999998,10.125,10.022833333333333,10.250980309139784,10.146779101554062,0.1042012075857226,0.08265890857975053,0.02154229900597207,0.009971407424471062,0.0020614640197102463,59.952763529998165,10.125,0.2986020058451283,10.722204011690257,9.527795988309743,0.11796622453140884,0.772101320183832,0.28486607981842715,0.0272599119443471,14.27833800420299,22.72505204401335,15.622193367444709,73.52941176470578,68.35364776541245,273389105.0,258007892.4,0.3052858028066411,2.0026162547498405,6.255949345190481,4179733.1,0.20877252943621233,1.149626037126629,0.02583732057416281,0.032098765432098775,0.042619352478507455,1.0,1.0,0.06340057636887608,1.0,1234.77,1229.07,-0.005325132521345144,-0.014338987128593828,-0.027472918760237053,0.09233773541093937,0.005325132521345144,0.04899245247512851,0.09054514663409241,0.09310295659702028,1.562788772318505,0.6254664063528003,0.0,0.0,0.0,0.0,0.0,0.0,0.0,0.0
2025-01-15,10.41,11.16,10.36,11.07,22436195,0.0593301435406699,0.0593301435406699,0.08211143695014655,0.08211143695014655,0.07267441860465107,0.13655030800821355,10.459999999999999,10.1915,10.034666666666665,10.376983338502894,10.215165834772279,0.16181750373061554,0.09849062760992354,0.063326876120692,0.014617660680272405,0.005720585015419332,71.4230948861921,10.1915,0.35172170518001494,10.89494341036003,9.48805658963997,0.13804511806113534,1.1244283385570235,0.3216613598313967,0.02905703340843692,16.16320936007189,30.45722069648345,12.84692448117903,92.17391304347828,80.45966682795324,295825300.0,260447134.85,0.36026250538825516,1.6043082665959802,2.8175092826938335,5197615.0,3.434511580883235,4.3166327248170555,0.07226738934056014,0.08619928371682284,0.10317565771990456,2.0,1.0,0.003597122302158251,1.0,1233.29,1236.18,0.005784861724718704,-0.011862320346597066,-0.020242209047966253,0.09575424626657,0.053545281815951196,0.09397375729674362,0.1567925170561798,0.1600319165656483,1.694780200907672,0.6129139837871557,0.0,0.0,0.0,0.0,0.0,0.0,0.0,0.0
2025-01-16,11.12,11.2,10.94,11.16,8559330,0.008130081300812941,0.06794258373205753,0.06794258373205753,0.10495049504950504,0.07722007722007729,0.139938712972421,10.672,10.26,10.046500000000002,10.49744744027168,10.285153550715073,0.21229388955660689,0.12125127999926022,0.09104260955734667,0.019022749960269435,0.00815793992449343,72.64779904789044,10.26,0.39956555354403517,11.05913110708807,9.460868892911929,0.15577604426668049,1.0631116046023301,0.31725697698629696,0.028428044532822307,18.005041877054914,29.574908144703727,12.094897708966993,96.63865546218494,87.4473267567897,304384630.0,263220001.9,0.3602513031684815,1.5824836289957072,2.766315257140198,5531239.6,0.6044908371111786,1.5474524010856445,0.023297491039426504,0.08771929824561409,0.11083461902154967,3.0,1.0,0.003597122302158251,1.0,1241.74,1242.36,0.004999271950686612,-0.0027372628976457536,-0.018672985781990614,0.09689610215433962,0.003130809350126329,0.1076877579471508,0.1586116987544116,0.16162980989655584,1.6872279789609237,0.61376242943787,0.0,0.0,0.0,0.0,0.0,0.0,0.0,0.0
2025-01-17,11.12,11.29,11.03,11.16,9510513,0.0,0.008130081300812941,0.06794258373205753,0.09090909090909083,0.10059171597633121,0.15647668393782377,10.857999999999999,10.3355,10.0605,10.599378603306805,10.349956991402845,0.24942161190396028,0.14688534638020023,0.10253626552376005,0.02234960680143013,0.009187837412523303,72.64779904789044,10.3355,0.42035667812241656,11.176213356244833,9.494786643755166,0.16268460282421435,0.9903573815472301,0.31316719291584716,0.028061576426151178,19.921654023803733,29.87381828235142,11.377646560181514,89.84375000000007,92.88543950188779,304384630.0,266130057.5,0.3526336489293929,1.628432238369246,3.0032872743289643,5869576.7,0.7224693812930825,1.6203064524227104,0.023297491039426504,0.07977359585893296,0.10928880274340247,4.0,1.0,-0.019642857142857073,0.0,1242.38,1249.11,0.005433207765864978,0.015140433001755271,-0.00443144412475005,0.09451748767274301,-0.005433207765864978,0.07576865790733556,0.16090812806257382,0.1616243573714642,1.677688003260314,0.6038865942274226,0.0,0.0,0.0,0.0,0.0,0.0,0.0,0.0
2025-01-20,11.2,11.25,10.94,10.98,6231319,-0.016129032258064502,-0.016129032258064502,-0.008130081300812941,0.050717703349282495,0.06913339824732234,0.13782383419689115,10.964,10.402,10.072333333333335,10.657935741259605,10.396626843891523,0.2613088973680817,0.16977005657777655,0.09153884079030516,0.023798624532612177,0.008336870745929433,66.07909837885671,10.402,0.4113085664584634,11.224617132916926,9.579382867083073,0.15816518610208163,0.851317749698736,0.31294096485042955,0.0285009986202577,21.17514789068823,27.76002761626223,12.626839169528662,75.78125000000009,87.42121848739505,298153311.0,268728547.15,0.3617279370912859,1.5633993689777022,2.7158201083397233,6119787.1,0.02267024241409306,1.0182248006634087,0.0282331511839709,0.05556623726206511,0.09011483601945924,0.0,1.0,-0.00453309156844961,0.0,1250.03,1249.55,0.00035225080257150765,0.01124914012867717,-0.006322067594433434,0.09410081025355944,-0.01648128306063601,0.039468563220605324,0.14414590179132458,0.14506299988203009,1.6744959067702525,0.5967502464178572,0.0,0.0,0.0,0.0,0.0,0.0,0.0,0.0
2025-01-21,11.03,11.12,10.81,10.98,10375174,0.0,-0.016129032258064502,-0.016129032258064502,0.050717703349282495,0.0871287128712872,0.1273100616016427,11.070000000000002,10.464,10.083333333333334,10.707484088758127,10.43983967026993,0.26764441848819764,0.18934492895986077,0.07829948952833687,0.024375630099107252,0.007131101049939605,66.07909837885671,10.464,0.3995576501451172,11.263115300290234,9.664884699709766,0.152736104795534,0.8228570394113289,0.31273089593254166,0.02848186666052292,21.619146173220717,25.794483649281577,14.702032702100848,75.78125000000009,80.46875000000011,298153311.0,271217497.05,0.3623499207485493,1.6218931046769682,2.8337978054013564,6529006.05,0.7823581722227877,1.5890893530417238,0.02823315118397074,0.04931192660550465,0.08892561983471081,1.0,1.0,-0.00457038391224851,0.0,1252.75,1246.09,-0.0027689968388620034,0.013847868713742884,-0.013201241724476565,0.09293632665670988,0.0027689968388620034,0.03686983463553961,0.14051130332611927,0.1423910418895027,1.6701630484689627,0.5959517009659687,0.0,0.0,0.0,0.0,0.0,0.0,0.0,0.0
2025-01-22,10.94,11.03,10.81,10.89,8135234,-0.008196721311475419,-0.008196721311475419,-0.024193548387096753,-0.016260162601625994,0.06451612903225801,0.12268041237113425,11.034,10.5235,10.092833333333335,10.735563459718415,10.473184879879565,0.2623785798388507,0.20395165913565877,0.05842692070319194,0.024093533502190147,0.00536519014721689,62.78704819022875,10.5235,0.36708345530398395,11.257666910607968,9.789333089392033,0.1395290370329202,0.7496026412416895,0.3061072605087886,0.028109023003561856,22.031430292715168,24.470301121746786,13.947290909705663,68.7500000000001,73.43750000000013,290018077.0,273377086.9,0.36418663308755167,1.6179676494489044,2.785170965380759,6858366.1,0.2669189746358544,1.18617669010116,0.020202020202020096,0.03482681617332628,0.07898343709232614,2.0,1.0,0.008264462809917328,1.0,1248.26,1242.53,-0.002856936497363738,0.005136792376514654,-0.014146751721730189,0.09316899928395035,-0.005339784814111681,-0.021396954978140648,0.13682716409286444,0.138790600255996,1.7018440433168593,0.6025782110818252,0.0,0.0,0.0,0.0,0.0,0.0,0.0,0.0
2025-01-23,10.89,11.07,10.85,10.98,8460068,0.008264462809917328,0.0,0.0,-0.016129032258064502,0.0871287128712872,0.05984555984555984,10.998000000000001,10.5545,10.101666666666667,10.773169081300198,10.510726740629227,0.2624423406709706,0.21564979544272114,0.046792545228249466,0.023901852520124826,0.004261616141006327,64.68193769653254,10.5545,0.3785495170279896,11.31159903405598,9.797400965944021,0.14346468976379353,0.7810068305862733,0.29995674190101806,0.02731846465400893,22.54650393558419,24.140856892551717,13.216613169621061,75.78125000000009,73.43750000000013,298478145.0,275255528.45,0.281694442566397,1.5697227043411077,4.438901139691466,6577217.8,0.4190456008831984,1.2862684887825975,0.020036429872495504,0.04031455777156667,0.08694934829236112,3.0,1.0,-0.011839708561020124,0.0,1245.59,1259.63,0.013762243165155175,0.013900962683924378,-0.011310476908103273,0.09837694815931772,-0.005497780355237847,-0.03002999494198888,0.07115603675366311,0.07197005236905829,1.6275242719845309,0.5999208098610115,0.0,0.0,0.0,0.0,0.0,0.0,0.0,0.0
2025-01-24,10.98,11.03,10.85,10.85,5678270,-0.011839708561020124,-0.0036730945821855654,-0.011839708561020124,-0.02777777777777779,0.06060606060606055,0.05135658914728669,10.936,10.581,10.109833333333333,10.784989222638629,10.53585809317521,0.24913112946341798,0.22234606224686052,0.026785067216557462,0.02296139442059152,0.0024686697895444664,59.93457182384402,10.581,0.3798185162194943,11.340637032438988,9.821362967561011,0.14358511150911787,0.6770582452624211,0.2913884031938025,0.026856074027078573,23.024786603962568,23.075672271752158,12.633446915415695,65.62500000000003,70.05208333333344,292799875.0,277050422.45,0.28568875741922495,1.5488563962949258,4.199930590296176,6660765.35,-0.22037512951794894,0.8524951265547885,0.016589861751152048,0.025422927889613423,0.07321254883858952,4.0,1.0,0.02027649769585249,1.0,1259.26,1265.05,0.00430285083715054,0.012761085893155943,-0.006143596753792613,0.09985260245697591,-0.016142559398170664,-0.040538863670933734,0.057500185901079304,0.05785562754666351,1.6253623662106702,0.597612368505833,0.0,0.0,0.0,0.0,0.0,0.0,0.0,0.0
2025-02-03,10.85,11.16,10.85,11.07,7816338,0.02027649769585249,0.008196721311475308,0.016528925619834656,0.008196721311475308,0.0593301435406699,0.0593301435406699,10.954,10.612,10.122333333333334,10.828837034540378,10.575424160347417,0.25341287419296066,0.22855942463608056,0.024853449556880097,0.02289185855401632,0.00224511739447878,64.66152689398493,10.612,0.39361482642168005,11.39922965284336,9.82477034715664,0.1483659353266792,0.7908935139484204,0.2927178029656738,0.026442439292292123,23.912046162365318,24.502336826321827,11.677780374345337,82.2580645161291,74.55477150537644,300616213.0,278967204.55,0.2904923285722768,1.4461509379639161,3.602810533882073,6782653.45,0.23204312830810697,1.1524012036911602,0.02800361336946707,0.04315868827742175,0.09362136529785614,0.0,2.0,0.015287769784172678,1.0,1259.09,1253.03,-0.00950160072724393,0.0027850026009363926,-0.01733927255046519,0.10466477603814342,0.029778098423096422,0.005411718710538915,0.07666941609113509,0.07802226541619106,1.5191290608220986,0.5571034271180849,0.0,0.0,0.0,0.0,0.0,0.0,0.0,0.0
2025-02-04,11.12,11.47,11.12,11.29,14504859,0.019873532068653832,0.04055299539170498,0.02823315118397063,0.02823315118397063,0.08038277511961711,0.08038277511961711,11.016000000000002,10.654,10.145833333333334,10.899785183072627,10.628355704025386,0.27142947904724046,0.23713343551831256,0.0342960435289279,0.024041583618001815,0.0030377363621725334,68.64533600457177,10.654,0.41939053524448505,11.49278107048897,9.81521892951103,0.15745843260540082,0.8791215743753259,0.30038081703955427,0.026605918249739086,25.583347191038623,29.543334326571603,10.56702080212371,87.32394366197173,78.40233605936697,315121072.0,281609229.6,0.2962406156817216,1.2290814932121754,2.765412363815115,7225684.9,1.527534800653112,2.0074026477407005,0.031000885739592688,0.05969588886803079,0.11277207392197108,1.0,2.0,-0.011423550087873546,0.0,1256.91,1264.68,0.00929746294980971,0.014918665585953006,-0.005770349522806195,0.1104366278807193,0.010576069118844122,0.013314485598017622,0.0861531246424233,0.08665314356806086,1.4318580444996638,0.5510472146792855,0.0,0.0,0.0,0.0,0.0,0.0,0.0,0.0
2025-02-05,11.38,11.38,11.2,11.25,6602762,-0.003542958370239102,0.016260162601625883,0.03686635944700467,0.03305785123966931,0.016260162601625883,0.09011627906976738,11.088,10.7005,10.168,10.953664385676838,10.674403429653136,0.2792609560237018,0.24555893961939043,0.03370201640431139,0.024823196090995717,0.002995734791494346,67.16281243205945,10.7005,0.4317830229958039,11.564066045991607,9.836933954008392,0.16140667183619598,0.8181574834667251,0.2917821872510148,0.025936194422312427,27.135269574806692,28.241531521226616,10.101393694083606,83.94160583941601,84.50787133917231,308518310.0,284035607.1,0.29132010193351193,1.2497992205731274,3.002901188459776,7441332.45,-0.18128391558257625,0.887309100133001,0.016000000000000132,0.05135274052614358,0.10641227380015739,2.0,2.0,0.0,0.0,1268.43,1269.61,0.0038982193123950903,0.021794242392537688,0.002234010641153139,0.11039354348902604,-0.0074411776826341924,0.011263608847131623,0.08788226842861424,0.08768637613125296,1.4165210772795638,0.5459805944757133,0.0,0.0,0.0,0.0,0.0,0.0,0.0,0.0
2025-02-06,11.25,11.34,11.12,11.25,6408378,0.0,-0.003542958370239102,0.016260162601625883,0.024590163934426146,0.008064516129032251,0.0859073359073359,11.142,10.745000000000001,10.186499999999999,10.999254480188094,10.717040212641793,0.2822142675463013,0.2528900052047726,0.029324262341528684,0.02508571267078234,0.002606601097024772,67.16281243205945,10.745000000000001,0.4406155980706841,11.626231196141369,9.863768803858633,0.16402628127340485,0.7865309366096174,0.28665488816165663,0.02548043450325837,28.0277438535059,26.69334408866734,11.541077445698276,83.4586466165413,84.90806537264304,308518310.0,286363721.7,0.2917513855612152,1.278570125105413,3.030260715337408,7663488.45,-0.28189927260007336,0.8362220471539955,0.01955555555555561,0.04699860400186129,0.10440288617287607,3.0,2.0,-0.011555555555555652,0.0,1273.58,1271.48,0.001472893250683338,0.009407524431777503,0.0013940191067252083,0.11021381034770328,-0.001472893250683338,0.015182639502648643,0.0845133168006107,0.08439566762741335,1.40058736964626,0.530401548692552,0.0,0.0,0.0,0.0,0.0,0.0,0.0,0.0
2025-02-07,11.25,11.51,11.12,11.12,12316540,-0.011555555555555652,-0.011555555555555652,-0.015057573073516406,0.02488479262672816,-0.0035842293906810374,0.09664694280078878,11.196,10.794,10.2035,11.01783071400531,10.746889085779438,0.27094162822587187,0.25650032980899246,0.014441298416879411,0.02436525433685898,0.0012986779151869974,62.107076450118875,10.794,0.42397120061084287,11.641942401221685,9.946057598778316,0.1571136559610311,0.6922300379897913,0.29403668186439547,0.026442147649675854,29.31612658826666,28.29411516147488,10.447671544463011,66.08695652173908,77.82906965923216,296201770.0,288297335.5,0.28239337335091647,1.4506224369188605,3.48355139764428,8057989.25,0.9464023493185963,1.5284880157912843,0.03507194244604322,0.030201964054104025,0.089822119860832,4.0,2.0,-0.0035842293906810374,0.0,1271.98,1275.2,0.0029257243527227583,0.008023398284652927,0.01642767756797059,0.10098252326984077,-0.01448127990827841,0.01686139434207523,0.0802192652328182,0.07892274777951802,1.3792946749537744,0.5207163357703628,0.0,0.0,0.0,0.0,0.0,0.0,0.0,0.0
2025-02-10,11.16,11.29,11.03,11.12,6740026,0.0,-0.011555555555555652,-0.011555555555555652,0.004516711833784992,0.012750455373406133,0.08276533592989277,11.206,10.8365,10.222,11.033549065696802,10.774526931277258,0.2590221344195438,0.25700469073110277,0.002017443688441034,0.02329335741182948,0.00018142479212599228,62.107076450118875,10.8365,0.4110868137280564,11.658673627456112,10.014326372543886,0.15174154523252215,0.6724088383114265,0.2916054903026529,0.026223515314986776,29.91474028723986,26.49215272871089,11.986836518913828,66.08695652173908,71.87751988667317,296201770.0,289949922.55,0.281210793072461,1.5830474325017654,3.871997599385435,8113963.8,-0.30704563949327673,0.830669961825563,0.02338129496402876,0.026161583537119837,0.08784973586382305,0.0,2.0,0.008064516129032251,1.0,1272.27,1263.26,-0.00936323713927234,0.008164209955068946,0.013567617442933333,0.10413836532915584,0.00936323713927234,-0.003647498121283954,0.06919771848695944,0.06827143773745847,1.3300713008295735,0.5095215348422371,0.0,0.0,0.0,0.0,0.0,0.0,0.0,0.0
2025-02-11,11.16,11.42,11.12,11.25,6668845,0.011690647482014427,0.011690647482014427,0.0,-0.003542958370239102,0.024590163934426146,0.11386138613861396,11.197999999999999,10.894,10.241999999999999,11.066849209435755,10.809747158590053,0.2571020508457025,0.25702416275402273,7.788809167974531e-05,0.02285351563072911,6.923385927088472e-06,65.14959161048526,10.894,0.3820498727433288,11.658099745486657,10.129900254513343,0.14027900596413753,0.7329538794527818,0.2922050981381778,0.02597378650117136,30.834751767289628,27.727184026340662,11.10779373634509,62.85714285714285,65.0103519668737,302870615.0,292149649.65,0.2713575375899755,1.5944437365316704,4.149290009607546,8233708.25,-0.35581900970947355,0.8099442921116375,0.02666666666666673,0.03267853864512582,0.09841827768014078,1.0,2.0,0.023111111111111082,1.0,1265.44,1268.45,0.004108417902886297,0.002980991238890507,0.017242070652391916,0.10483345370512845,0.00758222957912813,-0.006523949609129609,0.09661931548622205,0.0949816354176709,1.3408020822155258,0.5134182895015511,0.0,0.0,0.0,0.0,0.0,0.0,0.0,0.0
2025-02-12,11.25,11.69,11.25,11.51,16852797,0.023111111111111082,0.03507194244604328,0.03507194244604328,0.023111111111111082,0.0569329660238751,0.12512218963831856,11.25,10.958,10.2655,11.135026254137946,10.861617739435234,0.2734085147027123,0.2603010331437607,0.01310748155895164,0.023753997802147032,0.0011387907522981441,70.28792520041848,10.958,0.3720441399959179,11.702088279991836,10.213911720008165,0.13580731520201417,0.8709237296453967,0.30276187684259365,0.026304246467644975,32.321201540960516,31.218857601333212,9.954735456692339,79.54545454545456,69.49651797477885,319723412.0,295077273.9,0.2773929843538445,1.4500437817668528,3.356258109722603,8961605.4,1.7286969151932157,1.8805555754552639,0.038227628149435235,0.05037415586785898,0.121231308752618,2.0,2.0,0.0,0.0,1270.83,1266.91,-0.0012140801765934128,-0.0021266373138206784,0.012701635465460326,0.10468545533363216,0.024325191287704495,0.02523774842493176,0.11242055417285823,0.1110105387764948,1.3440366944574003,0.506362436499222,0.0,0.0,0.0,0.0,0.0,0.0,0.0,0.0
2025-02-13,11.51,11.51,11.38,11.51,5739986,0.0,0.023111111111111082,0.03507194244604328,0.023111111111111082,0.04826958105646617,0.13960396039603973,11.302,11.0285,10.2905,11.192714522732109,10.909646055032624,0.28306846769948457,0.26485452005490545,0.01821394764457912,0.024593263918287103,0.0015824454947505752,70.28792520041848,11.0285,0.3323801723138894,11.693260344627777,10.363739655372221,0.12055317488829453,0.8621605920774416,0.29042174278240834,0.0252321236127201,33.70147633079777,30.220690627899785,9.636450646625724,79.54545454545456,73.98268398268402,319723412.0,298127701.95,0.26954999239232913,1.5317806139216577,3.7932460436482227,9125800.9,-0.7741560087572629,0.6289843557730916,0.0112945264986967,0.04365960919436018,0.11850736115835003,3.0,2.0,-0.01211072664359869,0.0,1267.25,1270.35,0.0027152678564379418,-0.0008887280963917332,0.01973076892203207,0.10330554605387549,-0.0027152678564379418,0.023999839207502816,0.11987319147400766,0.11755376529505601,1.3418707440194753,0.5078361812251377,0.0,0.0,0.0,0.0,0.0,0.0,0.0,0.0
2025-02-14,11.56,11.6,11.34,11.42,10742758,-0.007819287576020795,-0.007819287576020795,0.015111111111111075,0.026978417266187105,0.052534562211981495,0.11632453567937429,11.362,11.088,10.3185,11.227681519234862,10.947450050956133,0.28023146827872836,0.26792990969967007,0.012301558579058292,0.024538657467489348,0.0010771942713711288,66.36003312245836,11.088,0.2850595505652572,11.658119101130513,10.517880898869485,0.10283533570175213,0.7911672309712686,0.28824876115509346,0.02524069712391361,35.17807689706889,30.5038340667642,9.015588811352773,69.31818181818183,76.13636363636368,308980654.0,300272551.35,0.27323688025806364,1.6334734980590888,3.8960415848068273,9294498.05,0.3316156761175074,1.1558190600728566,0.022767075306479843,0.029942279942279937,0.1067500121141638,4.0,2.0,-0.007005253940455369,0.0,1277.52,1276.08,0.004510567953713629,0.0006900878293600865,0.03705870879656703,0.09117554817780602,-0.012329855529734424,0.026288329436827018,0.07926582688280726,0.07643330720860497,1.247089395194424,0.47060894864895664,0.0,0.0,0.0,0.0,0.0,0.0,0.0,0.0
2025-02-17,11.42,11.65,11.34,11.34,9055995,-0.007005253940455369,-0.01476976542137276,-0.01476976542137276,0.019784172661870603,0.024390243902439046,0.08516746411483256,11.406,11.132499999999999,10.349499999999999,11.244961285506422,10.976527824959383,0.26843346054703865,0.2680306198691438,0.00040284067789486677,0.023671381000620693,3.552386930289831e-05,62.99037988235978,11.132499999999999,0.24717083374192655,11.626841667483852,10.638158332516145,0.08881053985786724,0.7098750860474238,0.2898024210725868,0.02555576905402,36.655647948545905,29.405502376749805,8.326737095174305,60.22727272727272,69.69696969696973,299924659.0,301599329.05,0.2700240200790237,1.9010901315465665,4.9533099448507025,9382025.85,-0.07507395857604608,0.9652494189194757,0.027336860670194047,0.01863911969458809,0.09570510652688546,0.0,2.0,-0.011333914559721103,0.0,1277.12,1272.72,-0.0026330637577580696,0.007488561341291611,0.030000404645328382,0.09204788963823406,-0.0043721901826973,0.012295611320578992,0.055167059469504176,0.05356023087049211,1.1779942045599547,0.44356144838612516,0.0,0.0,0.0,0.0,0.0,0.0,0.0,0.0
2025-02-18,11.47,11.51,11.34,11.34,7478802,0.0,-0.007005253940455369,-0.01476976542137276,0.008000000000000007,0.004428697962798989,0.08516746411483256,11.424000000000001,11.177,10.379833333333332,11.259582626197743,11.003451689777206,0.2561309364205364,0.2656506831794223,-0.009519746758885894,0.0225865023298533,-0.0008394838411715956,62.990379882359775,11.177,0.1917262302567666,11.560452460513533,10.793547539486466,0.06861455856017415,0.7125426445063162,0.2812451052816877,0.024801155668579166,38.0276782106317,28.13590938519467,7.967227268642174,58.33333333333337,62.626262626262665,299924659.0,302926106.75,0.2700240200790237,1.9010901315465665,4.9533099448507025,9515709.45,-0.4810509408710316,0.785942660323661,0.014991181657848318,0.014583519728012861,0.09250309092952702,1.0,2.0,0.011423550087873435,1.0,1274.05,1278.14,0.004258595763404482,0.007639244747526641,0.03992449575695467,0.08886097848500753,-0.004258595763404482,0.00036075525247336593,0.04524296835787789,0.04350601273695909,1.170075267043329,0.44125394235008514,0.0,0.0,0.0,0.0,0.0,0.0,0.0,0.0
2025-02-19,11.38,11.6,11.38,11.51,11313346,0.014991181657848296,0.014991181657848296,0.007880910683012221,0.0,0.023111111111111082,0.039747064137307886,11.424,11.199000000000002,10.415166666666666,11.298108376013474,11.040973786830746,0.25713458918272813,0.2639474643800835,-0.00681287519735535,0.022340103317352575,-0.00059190922652957,67.10674399680951,11.199000000000002,0.2036741463583131,11.606348292716628,10.791651707283375,0.07274726184777688,0.8817372081344973,0.27972759776156714,0.02430300588719089,39.50293423913708,28.56608900415519,7.438274125241408,78.5714285714286,65.71067821067827,311238005.0,303696742.0,0.18132059008084225,0.4181059327196261,-0.7458339794830002,8959567.0,0.7851416323256242,1.2627112448626145,0.019113814074717538,0.027770336637199522,0.1051191371557505,2.0,2.0,-0.01896551724137918,0.0,1280.6,1288.56,0.008152471560235908,0.017088822410431526,0.04237247002863653,0.0905882369788135,0.006838710097612388,-0.017088822410431526,-0.002625405891328647,-0.0025186830684971184,1.159850277038677,0.4330792283708237,0.0,0.0,0.0,0.0,0.0,0.0,0.0,0.0
2025-02-20,11.6,11.6,11.34,11.38,7348817,-0.011294526498696666,0.003527336860670305,0.003527336860670305,-0.011294526498696666,0.011555555555555541,0.01971326164874565,11.398,11.21,10.445333333333334,11.310707087396016,11.066086839658098,0.24462024773791846,0.2600820210516505,-0.015461773313732052,0.021495628096477894,-0.0013586795530520256,61.4757851359159,11.21,0.20736441353340077,11.624728827066802,10.7952711729332,0.07399265424920624,0.7049531994223032,0.2783184836357409,0.02445680875533751,40.53680322183846,26.65995228418058,7.968511668845628,63.095238095238244,66.66666666666676,303889188.0,303671969.9,0.18568559291428868,0.572282835396201,-0.705836508689216,8899041.35,-0.5135645280932359,0.8257987249379396,0.022847100175746905,0.015165031222123204,0.08948174623436311,3.0,2.0,0.00790861159929701,1.0,1292.94,1292.98,0.0034301856335754444,0.017813988270948933,0.0407450336456423,0.09009033007479544,-0.01472471213227211,-0.0291085147696456,-0.021031771996896653,-0.0202083808396607,1.1168197406940243,0.4114083221733953,0.0,0.0,0.0,0.0,0.0,0.0,0.0,0.0
2025-02-21,11.38,11.73,11.29,11.47,11991698,0.00790861159929701,-0.0034752389226758718,0.011463844797178213,0.004378283712784592,0.03147482014388503,0.0277777777777779,11.408,11.2255,10.475666666666665,11.335213689335092,11.096006333016758,0.23920735631833345,0.25590708810498713,-0.016699731786653682,0.020855044142836395,-0.0014559487172322303,63.74397898018691,11.2255,0.21488001547999658,11.655260030959994,10.795739969040007,0.0765685325303984,0.7844610740717777,0.28986716337604523,0.025271766641329137,41.80585147962081,26.97281012178293,7.104533371866796,62.85714285714295,68.17460317460329,315880886.0,304246782.7,0.18721321306009575,0.4581641264845264,-0.8740562329347121,9023100.6,0.9591498673651285,1.328999701056198,0.038360941586748146,0.02178076700369691,0.09491838228275062,4.0,2.0,-0.007819287576020795,0.0,1293.63,1296.75,0.0029157450231247495,0.016198044009779977,0.03813915507841581,0.0892625252443593,0.004992866576172261,-0.011819760296995385,-0.010361377300637908,-0.009980721033352458,1.1378066703171206,0.41209212556913816,0.0,0.0,0.0,0.0,0.0,0.0,0.0,0.0
2025-02-24,11.51,11.51,11.34,11.42,5585191,-0.0043591979075850995,0.0035149384885764245,-0.007819287576020795,0.007054673721340388,0.026978417266187105,0.04007285974499086,11.424000000000001,11.247499999999999,10.503666666666666,11.348257737129693,11.120005863904407,0.22825187322528606,0.25037604512904693,-0.02212417190376087,0.019987029179096852,-0.0019373180301016524,61.574963206613795,11.247499999999999,0.2109096838385928,11.669319367677184,10.825680632322813,0.0750067779821624,0.7044714079274019,0.28130522313489914,0.024632681535455267,42.98425343327585,25.808498359632832,6.797858178140054,55.71428571428571,60.55555555555566,310295695.0,304853901.9,0.1769465028420089,0.5871141762823345,-0.8159315814586109,8990794.2,-1.088437606897528,0.6212121950249957,0.014886164623467594,0.015336741498110706,0.0872393767255879,0.0,2.0,0.007846556233652935,1.0,1298.39,1304.56,0.006022749180643938,0.02501728581306173,0.04402384858549069,0.0902325044249538,-0.010381947088229038,-0.01796261209172134,-0.003950988840499825,-0.0037843856209346383,1.1107948251649233,0.4044994796110457,0.0,0.0,0.0,0.0,0.0,0.0,0.0,0.0
2025-02-25,11.47,11.6,11.42,11.56,9999909,0.012259194395796813,0.007846556233652935,0.01581722319859402,0.01940035273368612,0.027555555555555555,0.052823315118396996,11.468,11.2765,10.534,11.38083346987897,11.15259802213371,0.22823544774526106,0.24594792565228976,-0.017712477907028706,0.019743550843015663,-0.0015322212722343172,65.15066095845201,11.2765,0.21206441424606853,11.700628828492137,10.852371171507864,0.07522348751689562,0.8342144897434814,0.27406913576812064,0.023708402748107323,44.287504584726776,26.943371104961436,6.478956768559625,75.71428571428577,64.76190476190483,320295604.0,305961016.55,0.18040269772606027,0.4170776695397677,-1.1063930628584429,8972030.95,0.3293141847805049,1.11456470176354,0.015570934256055338,0.025140779497184518,0.0973988988038732,1.0,2.0,-0.01211072664359869,0.0,1306.86,1303.16,-0.001073158766173976,0.019575320387438033,0.04579926008554769,0.08919575931766657,0.013332353161970789,-0.0001749676537519118,0.007024055032849308,0.006716446741676485,1.1158118136224249,0.40383773849142185,0.0,0.0,0.0,0.0,0.0,0.0,0.0,0.0
2025-02-26,11.56,11.65,11.42,11.42,7385758,-0.01211072664359869,0.0,-0.0043591979075850995,-0.007819287576020795,-0.007819287576020795,0.04866850321395777,11.45,11.303,10.561166666666667,11.386859089897591,11.17240557604973,0.21445351384786093,0.23964904329140402,-0.025195529443543085,0.018778766536590275,-0.0022062635239529847,59.2163186055,11.303,0.1935295435084321,11.690059087016865,10.915940912983137,0.0684878504851568,0.6511397147419271,0.27092134035611204,0.023723409838538708,45.60925944934016,26.62778784574265,6.086075189297547,55.71428571428571,62.38095238095243,312909846.0,307105605.0,0.18401922300064483,0.3765529822517917,-1.1288453723075287,8934557.15,-0.4938289606492096,0.8266507087035645,0.020140105078809145,0.010351234185614455,0.08131992993198356,2.0,2.0,-0.007846556233653046,0.0,1305.16,1302.96,-0.00015347309616631222,0.011175265412553648,0.04863464061229905,0.0876428495318085,-0.011957253547432378,-0.018994552988574442,3.386260165871846e-05,3.229208758437352e-05,1.131320889402427,0.40417025997401856,0.0,0.0,0.0,0.0,0.0,0.0,0.0,0.0
2025-02-27,11.47,11.47,11.16,11.38,11193672,-0.003502626970227629,-0.01557093425605538,-0.003502626970227629,0.0,-0.011294526498696666,0.03642987249544638,11.450000000000001,11.323,10.589166666666667,11.385803845297962,11.187782940786787,0.19802090451117493,0.2313234155353582,-0.03330251102418327,0.017400782470226268,-0.0029264069441285825,57.601932308216135,11.323,0.17847600457927984,11.67995200915856,10.96604799084144,0.0630490168963278,0.5798426658731605,0.2737126731878184,0.024052080244975252,44.69573429012951,24.473648267799163,12.37873143939261,50.00000000000013,60.47619047619056,301716174.0,307267506.45,0.18382176668897898,0.5319388781452232,-1.005792075492783,9071237.35,0.6687191588856457,1.2339741060793652,0.02724077328646753,0.005034001589684811,0.07468324545526084,3.0,2.0,-0.015817223198594133,0.0,1307.31,1307.8,0.003714619021305321,0.01146189422883559,0.0382413883441961,0.07695946224672294,-0.00721724599153295,-0.01146189422883559,-0.001811515848749723,-0.0017447925589239022,1.1130108332610913,0.39961653913751144,0.0,0.0,0.0,0.0,0.0,0.0,0.0,0.0
2025-02-28,11.38,11.38,11.16,11.2,7560964,-0.015817223198594133,-0.019264448336252293,-0.03114186851211087,-0.023539668700959138,-0.019264448336252293,0.032258064516129004,11.395999999999999,11.3405,10.614166666666668,11.357218638329044,11.188687908135915,0.16853073019312959,0.2187648784669125,-0.05023414827378292,0.015047386624386571,-0.004485191810159189,50.87977819740213,11.3405,0.14336097244756077,11.627221944895123,11.053778055104878,0.05056601470748594,0.25498910616800957,0.26987605367440287,0.02409607622092883,43.84746092800533,23.048601858105023,11.657945286006385,13.114754098360642,39.609679937548854,294155210.0,307335273.2,0.18824078614212586,0.4477807348484886,-0.9728390340949667,9165372.05,-0.518405864925459,0.8249489446530432,0.0196428571428572,-0.012389224461002657,0.05519353065871058,4.0,2.0,0.0,0.0,1307.14,1305.36,-0.0018657287046949245,0.006639676113360249,0.03186435318762104,0.07750669022110815,-0.013951494493899208,-0.030179344814319387,0.00039371132850796187,0.0003815533769451207,1.132684013101765,0.403169213964984,0.0,0.0,0.0,0.0,0.0,0.0,0.0,0.0
2025-03-03,11.25,11.34,11.16,11.25,6921303,0.0044642857142858094,-0.011423550087873546,-0.01488616462346759,-0.01488616462346759,-0.007936507936507908,0.016260162601625883,11.362,11.349499999999999,10.639999999999999,11.340723463201499,11.193229544570292,0.14749391863120742,0.2045106864997715,-0.05701676786856408,0.013110570544996215,-0.005068157143872362,52.536735068629646,11.349499999999999,0.13056456358145566,11.61062912716291,11.088370872837087,0.046015970247660555,0.3094812304528488,0.26345633555480263,0.02341834093820468,43.0597785203186,21.92378864713018,11.089016595613362,15.789473684210494,26.301409260857117,301076513.0,307358288.2,0.17542633081875716,0.513314207832456,-0.5795817719865366,9120620.3,-0.7045084204603903,0.7588631882855599,0.015999999999999976,-0.00876690603110264,0.05733082706766934,0.0,3.0,0.015111111111111075,1.0,1306.97,1309.37,0.0030719495005209208,0.00368706690378362,0.044963009664573006,0.06559662960406272,0.0013923362137648887,-0.01857323152725121,-0.028702847062947123,-0.02746781158517808,1.1587453557723193,0.4095058726987598,0.0,0.0,0.0,0.0,0.0,0.0,0.0,0.0
2025-03-04,11.25,11.42,11.2,11.42,9868841,0.015111111111111075,0.019642857142857295,0.0035149384885764245,-0.01211072664359869,0.007054673721340388,0.011514614703277415,11.334,11.356,10.662833333333333,11.352919853478191,11.210027356083604,0.14289249739458754,0.1921870486787347,-0.04929455128414717,0.012512477880436737,-0.004316510620328124,57.75461154183503,11.356,0.13068241938723232,11.617364838774465,11.094635161225535,0.04603114455344582,0.6224342193465938,0.2603523115866025,0.0227979257081088,42.645445906430595,22.795345697287097,10.419708249503435,45.61403508771924,24.839420956763487,310945354.0,307149502.3,0.16928904342641615,0.45385796501027414,-0.5797085559289011,8888819.4,0.34239295342039305,1.1102532919051094,0.019264448336252245,0.005635787249031354,0.07100989418072112,1.0,3.0,-0.02276707530647981,0.0,1306.82,1311.91,0.0019398642095054264,0.006714447957273162,0.03734541544106018,0.06001393673741995,0.013171246901605649,-0.018825174600871852,-0.025830800737782766,-0.024900867496290946,1.1683507265587283,0.42587650757344003,0.0,0.0,0.0,0.0,0.0,0.0,0.0,0.0
2025-03-05,11.42,11.47,11.16,11.16,6783410,-0.02276707530647981,-0.008000000000000007,-0.0035714285714284477,-0.02276707530647981,-0.03040834057341435,-0.008000000000000007,11.282,11.3515,10.681333333333333,11.323239876020008,11.206321626003337,0.11691825001667056,0.17713328894632188,-0.06021503892965133,0.010476545700418508,-0.005395612807316427,48.900265150372604,11.3515,0.13596729482936717,11.623434589658734,11.079565410341266,0.047911657430072536,0.14789326683243287,0.2638985750447024,0.02364682572085147,42.45154177491228,22.23599737140392,9.545424971543627,0.0,20.467836257309937,304161944.0,306931684.0,0.18825908685240056,0.15448152037738397,-0.5036913402940228,8897851.8,-0.7406221611400114,0.7623649114947048,0.02777777777777782,-0.016870017178346464,0.04481338160029957,2.0,3.0,0.012499999999999956,1.0,1312.84,1304.71,-0.0054881813539038315,0.0013430957205133875,0.027646285079670152,0.06480548045967353,-0.01727889395257598,-0.0241101710269932,-0.03564628507967016,-0.03468730982363899,1.2212115455556785,0.44032898579219143,0.0,0.0,0.0,0.0,0.0,0.0,0.0,0.0
2025-03-06,11.2,11.34,11.12,11.34,5744670,0.016129032258064502,-0.007005253940455369,0.008000000000000007,-0.0035149384885765356,-0.0035149384885765356,0.008000000000000007,11.274,11.356,10.7065,11.325818356632315,11.216223727780868,0.10959462885144688,0.1636255569273469,-0.054030928075900014,0.009664429351979443,-0.0047646321054585555,54.14193222541206,11.356,0.13390491520421438,11.623809830408428,11.088190169591572,0.04716622585565833,0.4701280569581801,0.2607629625415094,0.022994970241755678,41.91778060358342,20.89599566092049,10.065877527859303,36.06557377049184,27.226536286070388,309906614.0,307001099.2,0.1971358596353581,0.054019600807297216,-0.8435227027168093,8864666.4,-1.0799320987886705,0.6480413070028219,0.019400352733686125,-0.001408946812257783,0.05916966328865647,3.0,3.0,-0.007936507936507908,0.0,1308.02,1318.22,0.010354791486230752,0.007967579140541359,0.03676031081888831,0.07223168049943517,0.00577424077183375,-0.011482517629117894,-0.0287603108188883,-0.027740559238973894,1.1764947139421418,0.4313593267287572,0.0,0.0,0.0,0.0,0.0,0.0,0.0,0.0
2025-03-07,11.34,11.42,11.25,11.25,6636542,-0.007936507936507908,0.008064516129032251,-0.01488616462346759,0.0044642857142858094,-0.019180470793374038,0.011690647482014427,11.284,11.3625,10.7265,11.314153994073497,11.218725673871173,0.09542832020232339,0.1499861095823422,-0.05455778938001882,0.008482517351317635,-0.004849581278223895,51.30799319375433,11.3625,0.12468381062366352,11.611867621247328,11.113132378752674,0.043893090648594375,0.27442941582134794,0.25427989378854443,0.022602657225648394,41.75107145000555,22.145372780467504,9.585192598283493,21.311475409836152,19.125683060109356,303270072.0,307354514.3,0.19460976497584004,0.04329918077682227,-0.7567007629573316,8580666.5,-0.6918648694988716,0.7734296630687139,0.015111111111111105,-0.00990099009900991,0.04880436302615032,4.0,3.0,0.023111111111111082,1.0,1320.08,1326.05,0.005939827949811072,0.015850033707176525,0.03987609786700119,0.07362452163338144,-0.01387633588631898,-0.011385747992890716,-0.028185450384986765,-0.02710462375546563,1.1847900973693961,0.39297715916275233,0.0,0.0,0.0,0.0,0.0,0.0,0.0,0.0
2025-03-10,11.25,11.6,11.25,11.51,14943666,0.023111111111111082,0.014991181657848296,0.03136200716845883,0.023111111111111082,0.007880910683012221,0.03507194244604328,11.336,11.382000000000001,10.751499999999998,11.34428414883142,11.240301549880716,0.10398259895070439,0.14078540745601464,-0.03680280850531026,0.00903410937886224,-0.003197463814536078,58.126800530214304,11.382000000000001,0.11487292750576075,11.611745855011524,11.15225414498848,0.04037003250949259,0.7785686818889046,0.2611170442322198,0.022686102887247594,42.2283641738213,24.949019583207562,8.66748224482232,63.93442622950816,40.43715846994541,318213738.0,308455112.7,0.2102446552532253,0.027884349732119344,-0.9740474495365345,8990848.5,1.9141497265186085,1.6620974093824403,0.03040834057341439,0.011245826743981668,0.07054829558666253,0.0,3.0,0.020140105078809034,1.0,1331.6,1330.28,0.0031899249651219375,0.01596951205541597,0.05305321153206788,0.0602759251327305,0.019921186145989145,0.007141599055695114,-0.0179812690860246,-0.017075366077526133,1.2164394243959484,0.3988312167311802,0.0,0.0,0.0,0.0,0.0,0.0,0.0,0.0
2025-03-11,11.42,11.91,11.34,11.65,22837819,0.012163336229365829,0.03555555555555556,0.02733686067019403,0.020140105078809034,0.007785467128027745,0.03555555555555556,11.382,11.402000000000001,10.778166666666666,11.391317356703508,11.270649583222886,0.12066777348062274,0.13676188066093628,-0.016094107180313538,0.010357748796619978,-0.0013814684274947244,61.27177891984031,11.402000000000001,0.12505156831044792,11.652103136620896,11.151896863379106,0.04387004676739084,0.9957954613258533,0.283180112501347,0.02430730579410704,43.45843086044821,29.181323158826746,7.421312994368632,67.08860759493678,50.77816974476039,341051557.0,310364159.8,0.21054582252271964,0.0254649496220223,-0.98436774943853,9799297.2,3.0078123724697674,2.3305568280957947,0.048927038626609465,0.021750570075425246,0.0808888339080549,1.0,3.0,-0.018819503849443864,0.0,1319.17,1332.54,0.001698890459151503,0.015725164073755016,0.05052623280381563,0.060079950186747264,0.010464445770214326,0.004414941005054018,-0.014970677248260067,-0.014250645800918171,1.2225438033564793,0.39923937822622335,0.0,0.0,0.0,0.0,0.0,0.0,0.0,0.0
2025-03-12,11.69,11.73,11.47,11.47,7472334,-0.015450643776824036,-0.0034752389226758718,0.019555555555555548,0.0277777777777779,0.004378283712784592,-0.0034752389226758718,11.444,11.4,10.801833333333333,11.403422378749124,11.28541628076193,0.11800609798719286,0.1330107241261876,-0.015004626138994753,0.010288238708560842,-0.0013081626973840237,55.50007261507239,11.4,0.12354415362451303,11.647088307249026,11.152911692750974,0.04334882583316245,0.6416497623447867,0.2815243901798222,0.024544410652120506,44.60063564088748,27.256307502748907,6.931748363421035,44.30379746835456,58.442277097599856,333579223.0,311056950.35,0.20322216754527261,0.12189416823097238,-1.0040503647075751,9330274.05,-0.461236965014671,0.8008697236497571,0.022667829119442002,0.006140350877193113,0.061856783570690244,2.0,3.0,-0.03487358326068002,0.0,1337.63,1334.41,0.0014033349843156628,0.022763679285051852,0.05327923846208482,0.05865005975832184,-0.0168539787611397,0.005014098492726049,-0.05675447738476069,-0.05388360020048344,1.2159656731958162,0.3926802247236422,0.0,0.0,0.0,0.0,0.0,0.0,0.0,0.0
2025-03-13,11.47,11.51,11.03,11.07,19292962,-0.03487358326068002,-0.04978540772532192,-0.038227628149435255,-0.023809523809523725,-0.027240773286467568,-0.038227628149435255,11.39,11.378,10.819500000000001,11.352126628172336,11.26945951922401,0.08266710894832485,0.12294200109061507,-0.040274892142290214,0.0074676701850338615,-0.003638201638869938,45.29020347641408,11.378,0.14088442445029523,11.65976884890059,11.09623115109941,0.0495287131131289,-0.04654728725648457,0.2957012194526921,0.026711943943332622,42.6981491870035,24.096016269413873,16.756520829174157,4.545454545454646,38.64595320291536,314286261.0,310785092.8,0.23776859318044763,-0.26602457862227374,-0.3515691104372261,10007922.85,2.06139418322713,1.9277688576506165,0.04336043360433608,-0.027069783793285285,0.023152641064744017,3.0,3.0,0.0,0.0,1335.66,1326.27,-0.00610007419009162,0.00610671966743026,0.04401936474200019,0.06628162954382306,-0.0287735090705884,-0.029916243476953985,-0.08224699289143544,-0.07877918328819544,1.3266629839578206,0.41622127393913266,0.0,0.0,0.0,0.0,0.0,0.0,0.0,0.0
2025-03-14,11.07,11.16,10.94,11.07,8419722,0.0,-0.03487358326068002,-0.04978540772532192,-0.016000000000000014,-0.011607142857142816,-0.030647985989492144,11.354000000000001,11.360499999999998,10.837166666666667,11.308722531530439,11.254684740022233,0.05403779150820576,0.10916115917413322,-0.05512336766592746,0.0048814626475343955,-0.004979527341095524,45.29020347641408,11.360499999999998,0.15628836371156188,11.673076727423123,11.047923272576874,0.05502869194544684,0.03531409328699299,0.2902939894917856,0.026223485952284152,40.47483147012327,22.79164312377435,18.063955363504597,13.402061855670174,20.750437956493155,314286261.0,311050373.15,0.23677851666528635,-0.35289189514080693,-0.2597201705767572,9891771.05,-0.32608963691539555,0.851184480255434,0.019873532068654078,-0.025571057611900705,0.02148470541193115,4.0,3.0,-0.0071428571428571175,0.0,1325.84,1326.15,-9.047931416672483e-05,7.54119377097684e-05,0.03923735189016386,0.0661336221827978,9.047931416672483e-05,-0.016075411937709783,-0.069885337879656,-0.06724675335480257,1.327880479178614,0.41622897894087557,0.0,0.0,0.0,0.0,0.0,0.0,0.0,0.0
2025-03-17,11.2,11.2,11.07,11.12,4412013,0.004516711833784992,0.004516711833784992,-0.03051438535309514,-0.033883579496090444,-0.011555555555555652,-0.01940035273368612,11.276,11.3495,10.858666666666666,11.279688295910372,11.244708092613179,0.03498020329719331,0.09432496799874523,-0.05934476470155192,0.003145701735359111,-0.0053367594156071875,46.71135594488091,11.3495,0.16529001625549625,11.680080032510993,11.018919967489008,0.05825455438759283,0.15288284616468742,0.27884441881380084,0.02507593694368713,38.57004493689762,23.05730237519517,17.462413008491907,18.556701030927794,12.168072477350899,318698274.0,311989053.9,0.23672471932672898,-0.47520593420993507,-0.17786203415443452,9659571.95,-1.1222238260132753,0.45675036356036464,0.0116906474820143,-0.02022115511696565,0.024066797642436022,0.0,3.0,-0.011607142857142816,0.0,1330.62,1336.26,0.007623571994118228,0.0044952942237723725,0.049924570997548434,0.0667568271222461,-0.0031068601603332358,-0.038378873719862816,-0.06932492373123456,-0.06602848018440788,1.2657987986524952,0.40414360036103875,0.0,0.0,0.0,0.0,0.0,0.0,0.0,0.0
2025-03-18,11.2,11.29,11.07,11.07,8379569,-0.004496402877697703,0.0,0.0,-0.04978540772532192,-0.030647985989492144,-0.023809523809523725,11.16,11.336,10.879333333333333,11.247428558078006,11.23176675241961,0.015661805658396588,0.07859233553067552,-0.06293052987227893,0.0014147972591144163,-0.0056847813796096595,45.44019527666329,11.336,0.17673649728831214,11.689472994576624,10.982527005423377,0.06236291365148619,0.12373363159100101,0.2746412460413864,0.024809507320811778,37.15676860627144,24.078737099862764,16.463257378259485,13.402061855670174,15.120274914089409,310318705.0,312508756.2,0.2370426635761134,-0.4239530592045032,-0.2290169458599208,9704610.3,-0.28445167485919143,0.863462698754632,0.019873532068653915,-0.023465067043048737,0.017525583675470413,1.0,3.0,0.0,0.0,1340.16,1330.97,-0.00395881041114754,-0.0011782010296125245,0.0413335002425399,0.0700890191237296,-0.000537592466550163,-0.04860720669570939,-0.06514302405206363,-0.06255731140589538,1.2671906057537319,0.40687632644312277,0.0,0.0,0.0,0.0,0.0,0.0,0.0,0.0
2025-03-19,11.12,11.25,11.03,11.12,5513766,0.004516711833784992,0.0,0.004516711833784992,-0.03051438535309514,-0.0035842293906810374,-0.033883579496090444,11.09,11.3165,10.902333333333333,11.227824164527544,11.22348773372186,0.0043364308056830225,0.06374115458567702,-0.05940472377999399,0.00038996679907221427,-0.0053421514190642085,46.993622045422306,11.3165,0.17803828683461267,11.672576573669225,10.960423426330774,0.06293051273259855,0.2240762036447007,0.27073829989557313,0.024346969415069527,35.61628148032399,22.681150742216428,16.563006676733018,18.556701030927794,16.838487972508613,315832471.0,312738479.5,0.2304372950316319,-0.4173852216421671,-0.025366481473855666,9414631.3,-0.824231077860809,0.5856592599648591,0.01978417266187056,-0.017364025979764053,0.019965145075977686,2.0,3.0,-0.0035842293906810374,0.0,1330.4,1324.63,-0.004763443203077422,-0.007329081766473511,0.02799248773825047,0.07013541501951208,0.009280155036862414,-0.02318530358662163,-0.061876067234340915,-0.0601911667374907,1.2261697992133933,0.39798073663987626,0.0,0.0,0.0,0.0,0.0,0.0,0.0,0.0
2025-03-20,11.16,11.2,10.94,11.12,5124934,0.0,0.004516711833784992,0.0,0.004516711833784992,-0.01940035273368612,-0.022847100175747093,11.1,11.3035,10.9245,11.211235831523306,11.215821975668389,-0.004586144145083182,0.05007569483952498,-0.05466183898460816,-0.0004124230346297826,-0.004915633002212965,46.99362204542231,11.3035,0.18259172172407243,11.668683443448144,10.938316556551856,0.06461422452304932,0.24875640819398565,0.26997127847446073,0.024277992668566614,33.680758603031805,21.120905617968063,17.804836731124585,18.556701030927794,16.838487972508617,315832471.0,313335643.65,0.2276194171143482,-0.5463944390575999,0.2304981538766658,9303437.15,-0.8688331046712746,0.5508645801944284,0.02338129496402876,-0.016233909850931205,0.017895555860680146,3.0,3.0,-0.0036133694670280603,0.0,1326.8,1323.93,-0.0005284494538098095,-0.0017643466262524665,0.023936951847669752,0.07001611351728422,0.0005284494538098095,0.006281058460037459,-0.046784052023416844,-0.045690363980903426,1.2272041098004207,0.3977892687529236,0.0,0.0,0.0,0.0,0.0,0.0,0.0,0.0
2025-03-21,11.07,11.16,10.98,11.03,2702325,-0.008093525179856065,-0.008093525179856065,-0.0036133694670280603,-0.0036133694670280603,-0.01955555555555566,-0.03836094158674819,11.091999999999999,11.2815,10.9475,11.183353395904335,11.202057384878138,-0.018703988973802765,0.036319758076859436,-0.0550237470506622,-0.001695737894270423,-0.004988553676397299,44.357148207368105,11.2815,0.18790465107280238,11.657309302145604,10.905690697854395,0.06662399541649688,0.1653888041566384,0.2635447585834278,0.023893450460872875,31.883487359831914,20.09051327678825,16.936220217441555,9.278350515463897,15.463917525773189,313130146.0,313198106.65,0.22634373862627474,-0.3899953286661896,0.1751156201529385,8838968.5,-1.2318803546951762,0.30572854739781,0.016319129646418833,-0.022293134778176626,0.007535967115779751,4.0,3.0,-0.0036429872495447047,0.0,1324.0,1321.88,-0.0015484202336981667,-0.003219846925310077,0.019379217273954197,0.07035137693082837,-0.006545104946157898,-0.0003935225417179833,-0.057740158860702384,-0.056642472087190865,1.2110027600032665,0.3844142995674374,0.0,0.0,0.0,0.0,0.0,0.0,0.0,0.0
2025-03-24,10.98,11.07,10.85,10.94,4748662,-0.008159564823209453,-0.01618705035971224,-0.01618705035971224,-0.01618705035971224,-0.04952215464813203,-0.042031523642732105,11.056000000000001,11.2575,10.969000000000001,11.145914411919053,11.182645726739016,-0.0367313148199635,0.02170954349749485,-0.05844085831745835,-0.0033575242065780166,-0.005341943173442262,41.82985522568631,11.2575,0.19957520677165363,11.656650413543307,10.858349586456693,0.07091279831993015,0.10228025673139779,0.2604344186846116,0.023805705547039452,29.718104698818856,18.878276939622587,19.479781197208613,8.490566037735832,12.108539194709202,308381484.0,313102396.1,0.22730097475367939,-0.3455258726092654,0.0914779743278371,8797142.05,-0.8074849174988584,0.5397959897669266,0.020109689213894028,-0.028203419942260832,-0.0026438143859970342,0.0,3.0,-0.011743450767841113,0.0,1322.9,1330.32,0.006384845825642138,-0.004445242692290519,0.019746121297602226,0.07070718152287321,-0.014544410648851591,-0.011741807667421722,-0.06177764494033433,-0.06058139732046619,1.159759429231813,0.3700466733180046,0.0,0.0,0.0,0.0,0.0,0.0,0.0,0.0
2025-03-25,11.07,11.07,10.89,10.94,4181066,0.0,-0.008159564823209453,-0.01618705035971224,-0.011743450767841113,-0.060944206008583746,-0.05363321799307963,11.03,11.2265,10.989,11.114235271623814,11.164671969202793,-0.05043669757897895,0.00728029528220009,-0.05771699286117904,-0.004610301424038296,-0.005275776312722033,41.82985522568631,11.2265,0.198262850516149,11.623025701032297,10.829974298967702,0.07064101920140695,0.13873716223924615,0.25468910306428216,0.023280539585400564,27.70739222787816,17.925269132892154,18.496408423638545,8.490566037735832,8.753160863645215,308381484.0,312506690.1,0.22114965376740378,-0.2915472911679295,0.3529659656703294,8506199.9,-0.8467100627611892,0.49153159450202905,0.01645338208409504,-0.025519975059012157,-0.004459004459004601,1.0,3.0,0.0,0.0,1335.29,1331.92,0.001202718143003212,0.0007137651487261198,0.022069431228705527,0.07028770289839881,-0.001202718143003212,-0.012457215916567232,-0.07570264922178516,-0.07406801036087873,1.1528917273690475,0.36723782613524053,0.0,0.0,0.0,0.0,0.0,0.0,0.0,0.0
2025-03-26,10.98,11.12,10.89,10.98,4366554,0.00365630712979903,0.00365630712979903,-0.00453309156844961,-0.012589928057553879,-0.042720139494333065,-0.038528896672504365,11.001999999999999,11.2045,11.010333333333334,11.093583691373997,11.15099256407666,-0.057408872702662705,-0.00565753831477247,-0.05175133438789024,-0.00522849478166327,-0.004713236283050113,43.4894733826236,11.2045,0.20006512097722046,11.60463024195444,10.804369758045558,0.07142313212627806,0.21946634312939464,0.25292559570254763,0.023035118005696506,25.9051133520433,18.172995317514655,17.294989618571705,12.264150943396295,9.748427672956014,312748038.0,312498599.7,0.2192868998156679,-0.4651728759221961,0.5785778802685927,8355239.7,-0.7689739665862465,0.5226126546674658,0.02094717668488148,-0.020036592440537238,-0.002754987738790793,2.0,3.0,-0.0036429872495447047,0.0,1333.33,1326.09,-0.004377139768154348,0.0011021945750886442,0.01775188800884142,0.07284042108442007,0.008033446897953378,-0.013692122632642523,-0.056280784681345786,-0.05529912088048794,1.1249425119905647,0.36081079639995034,0.0,0.0,0.0,0.0,0.0,0.0,0.0,0.0
2025-03-27,10.98,11.07,10.94,10.94,1892474,-0.0036429872495447047,0.0,0.0,-0.01618705035971224,-0.011743450767841113,-0.038664323374341114,10.966,11.1825,11.02,11.069955431162613,11.135363485256166,-0.06540805409355244,-0.017607641470528464,-0.04780041262302397,-0.005978798363213203,-0.004369324737022302,42.19308828339084,11.1825,0.20390593806703414,11.590311876134068,10.77468812386593,0.07293751417555448,0.20268153750348686,0.24414519600950857,0.022316745521892924,24.23156868162522,17.48181136226086,16.637199357704976,8.490566037735832,9.748427672956014,310855564.0,312955569.2,0.21930131329540933,-0.463414843125596,0.5763355434078207,7890179.8,-1.1244246855705438,0.2398518218811693,0.011882998171846506,-0.02168566957299345,-0.007259528130671544,3.0,3.0,-0.02010968921389389,0.0,1325.98,1323.81,-0.001719340316268081,-9.063923319219125e-05,0.012241933017280937,0.0725992827459318,-0.0019236469332766237,-0.01609641112652005,-0.05090625639162205,-0.050290602207993085,0.7881975471898844,0.2858026652853786,0.0,0.0,0.0,0.0,0.0,0.0,0.0,0.0
2025-03-28,10.94,10.98,10.72,10.72,6663727,-0.02010968921389389,-0.023679417122040025,-0.02010968921389389,-0.02810516772438787,-0.031616982836494945,-0.042857142857142705,10.904,11.1585,11.026666666666667,11.016116134060674,11.104595819681634,-0.08847968562096042,-0.03178205030061486,-0.056697635320345566,-0.008253702016880636,-0.005288958518688952,35.86133842893291,11.1585,0.22850256246414416,11.615505124928289,10.701494875071711,0.08191156964256642,0.020246080316050075,0.24527768200882938,0.022880380784405723,23.559880249351455,16.15815970201022,21.78423108757465,0.0,6.918238993710737,304191837.0,313457400.55,0.22341069741388625,-0.4577851338587646,0.3792964607903717,7845317.95,-0.22124249041267807,0.849389029542136,0.024253731343283562,-0.03929739660348608,-0.027811366384522418,4.0,3.0,0.013120899718837897,1.0,1324.42,1317.46,-0.0047967608644744475,-0.003343722576935937,0.009269473555187924,0.0746461517436196,-0.015312928349419441,-0.024761445147451933,-0.05212661641233063,-0.051647867866956076,0.8394728261112806,0.30186252473582836,0.0,0.0,0.0,0.0,0.0,0.0,0.0,0.0
2025-03-31,10.67,10.94,10.58,10.81,6389851,0.008395522388059629,-0.011882998171846348,-0.015482695810564606,-0.011882998171846348,-0.027877697841726556,-0.039111111111111097,10.878,11.136500000000002,11.032666666666668,10.984405959589802,11.082773907112625,-0.09836794752282252,-0.045099229745056396,-0.05326871777776612,-0.009099717624682934,-0.004927725973891408,39.838778048603494,11.136500000000002,0.24011565195929405,11.61673130391859,10.656268696081414,0.08624456587232754,0.16005964486714133,0.25347213329391294,0.023447930924506283,23.56715098567622,14.5189438647696,23.519467431043136,20.000000000000032,9.496855345911982,310581688.0,313932659.3,0.2253683138756883,-0.4742943164092449,0.29401334327293005,7818745.35,-0.26723973858541156,0.8172476163327151,0.033302497687326495,-0.029318008350918245,-0.020182488367877283,0.0,3.0,-0.0036730945821855654,0.0,1313.51,1306.86,-0.008045785071273626,-0.01763485477178428,-0.0019169524275033378,0.07976641272073286,0.016441307459333254,0.005751856599937932,-0.03719415868360776,-0.03726559505651372,0.7580601925291128,0.2792919876822245,0.0,0.0,0.0,0.0,0.0,0.0,0.0,0.0
2025-04-01,10.89,10.94,10.76,10.85,1667771,0.0037002775208139216,0.012126865671641784,-0.00822669104204754,-0.00822669104204754,-0.019873532068654054,-0.049912434325744326,10.86,11.108,11.039333333333332,10.96372811965291,11.065531395474652,-0.10180327582174264,-0.05644003896039365,-0.04536323686134899,-0.009382790398317294,-0.004180943489525253,41.57297974181266,11.108,0.2385173501358661,11.585034700271732,10.630965299728269,0.08589029533160458,0.2295794206867581,0.24822412377291914,0.0228777994260755,23.573902383692076,13.766913270132665,22.30124114389356,29.032258064516093,16.3440860215054,312249459.0,313997864.55,0.2174476843549951,-0.49705807153584947,0.5975243046596964,7408691.85,-1.044978325512022,0.22511005097343872,0.016589861751152048,-0.023226503420958,-0.01715079413008025,1.0,4.0,-0.0036730945821855654,0.0,1313.03,1317.33,0.008011569716725564,-0.010954111358039587,0.004131380963632969,0.08457625935762558,-0.004311292195911642,0.0027274203159920463,-0.054043815289377295,-0.05382145834095253,0.7492981081368257,0.2797316308232192,0.0,0.0,0.0,0.0,0.0,0.0,0.0,0.0
2025-04-02,10.89,11.07,10.85,10.85,3808361,0.0,0.0037002775208139216,0.012126865671641784,-0.011839708561020124,-0.024280575539568305,-0.02777777777777779,10.834,11.0925,11.048166666666667,10.946231485860155,11.049566106920974,-0.10333462106081903,-0.06581895538047873,-0.0375156656803403,-0.009523928208370417,-0.0034576650396627006,41.57297974181266,11.0925,0.2449462884196685,11.582392576839336,10.602607423160663,0.08832861425996602,0.25249676004018207,0.2462081149319964,0.022691992159631004,22.692701542976643,16.659727019336255,20.877859647247426,38.0281690140845,29.020142359533565,312249459.0,314402240.3,0.20385006523472343,-0.6681730687316871,1.5935237550044552,7259939.4,-0.6217254110015544,0.5245720095129168,0.020276497695852595,-0.021861618210502587,-0.017936610900752825,2.0,4.0,-0.025096525096525046,0.0,1321.53,1317.83,0.0003795556162844438,-0.006228838163322203,0.010055874485517702,0.08184465956686683,-0.0003795556162844438,-0.00561087039769792,-0.03783365226329549,-0.03745698947849441,0.7230998681030654,0.2700987393580721,0.0,0.0,0.0,0.0,0.0,0.0,0.0,0.0
2025-04-03,10.36,10.58,10.1,10.1,11942978,-0.06912442396313367,-0.06912442396313367,-0.0656799259944496,-0.07678244972577697,-0.09172661870503596,-0.10934744268077601,10.666,11.0305,11.043833333333334,10.816042026497055,10.97922787677868,-0.16318585028162502,-0.08529233436070799,-0.07789351592091703,-0.016157014879368815,-0.007712229299100697,25.554507082673922,11.0305,0.32337813941680366,11.677256278833607,10.383743721166393,0.11726690156087335,-0.21935907733134918,0.2821932495797109,0.027939925700961477,24.311151184016182,13.497052584830442,35.89836809895202,0.0,22.35347569286689,300306481.0,313922233.65,0.306028771131465,-2.034677210558451,5.842913097777252,7569854.8,0.7760707874788512,1.5777023886904673,0.04752475247524757,-0.08435701010833596,-0.0854624752878681,3.0,4.0,0.051961823966065745,1.0,1272.87,1229.84,-0.06676885485988326,-0.07098450684010549,-0.06704495455993698,0.24801149140100054,-0.00235556910325041,-0.005797942885671481,-0.04230248812083903,-0.04534247210259257,0.9491772696823724,0.5676060875209333,0.0,0.0,0.0,0.0,0.0,0.0,0.0,0.0
2025-04-04,9.43,10.19,9.43,9.92,12236413,-0.017821782178217838,-0.08571428571428574,-0.08571428571428574,-0.0746268656716419,-0.10063463281958296,-0.11822222222222223,10.506,10.963999999999999,11.040166666666666,10.678189407035969,10.900766552572852,-0.22257714553688324,-0.11274929659594304,-0.10982784894094019,-0.02243721225170194,-0.011071355740014133,23.240080039828214,10.963999999999999,0.40285037055049405,11.769700741100987,10.15829925889901,0.14697204325081878,-0.14788323178986704,0.3163223031811601,0.031887328949713724,26.86768945224498,11.180753250414728,44.866897043136,26.344086021505397,21.457418345196658,288070068.0,313162233.45,0.3090304292663653,-1.9057100110224678,5.250518952906147,7849848.35,0.7662722665889772,1.5588088399185445,0.07661290322580643,-0.09522072236410062,-0.10146284023489982,4.0,4.0,-0.02320675105485237,0.0,1159.33,1210.67,-0.015587393482078826,-0.0810574894114432,-0.08701029372949731,0.2490940920702049,-0.0022343886961390114,0.0064306237398013,-0.031211928492724916,-0.034186506461527766,0.9386193121776341,0.5678205059071341,0.0,0.0,0.0,0.0,0.0,0.0,0.0,0.0
2025-04-08,9.48,9.83,9.26,9.26,9484940,-0.06653225806451613,-0.08316831683168313,-0.14654377880184333,-0.14338575393154496,-0.15356489945155394,-0.1954821894005213,10.196,10.8515,11.023333333333333,10.460006421338127,10.779228289419308,-0.3192218680811809,-0.15404381089299063,-0.16517805718819029,-0.03447320389645582,-0.017837803152072385,17.118144123101715,10.8515,0.5348809508469904,11.921261901693981,9.781738098306018,0.19716387627406007,-0.24385711319492664,0.34087071009679154,0.036811091803109236,29.437379176523564,9.634440711316936,42.22405335848406,0.0,8.781362007168491,278585128.0,311180802.95,0.3568268397267985,-1.8293434354799583,2.8455780410826073,7576912.05,0.34729185682456015,1.2518213141988366,0.06155507559395251,-0.14666175183154406,-0.1599637133353493,1.0,4.0,0.029036004645760727,1.0,1173.14,1132.79,-0.06432801671801569,-0.13319712899621994,-0.1484574676008058,0.3253591770294131,-0.002204241346500435,-0.010188624935325019,-0.04702472179971551,-0.05522298653389024,0.9871001251613536,0.6848499491519566,0.0,0.0,0.0,0.0,0.0,0.0,0.0,0.0
2025-04-09,8.61,9.48,8.61,8.86,10230073,-0.043196544276457916,-0.10685483870967749,-0.12277227722772277,-0.183410138248848,-0.19012797074954302,-0.23948497854077255,9.798,10.712,11.002666666666666,10.213851587286108,10.637063230943804,-0.42321164365769626,-0.20787737744593177,-0.2153342662117645,-0.047766551202900256,-0.024304093251892155,14.606796276338883,10.712,0.6639245359780813,12.039849071956162,9.384150928043837,0.24791804928233055,-0.19736841298976418,0.3786656593755922,0.04273878773990883,32.40870327089071,8.05333173575799,47.555758985917116,9.652509652509654,11.99886522467171,268355055.0,307545977.85,0.3640883004907279,-1.543022091382379,1.5370478398504703,6946524.75,0.776559027278753,1.4726893472883689,0.09819413092550802,-0.17289021657953696,-0.19474066892874453,2.0,4.0,0.0,0.0,1073.61,1094.3,-0.03397805418480038,-0.16930457819984357,-0.17878637789484741,0.33602265373026213,-0.009218490091657539,-0.014105560049004429,-0.06069860064592514,-0.07391329005274705,1.017955153461662,0.7161220722373008,0.0,0.0,0.0,0.0,0.0,0.0,0.0,0.0
2025-04-10,9.48,9.48,9.48,9.48,512502,0.06997742663656892,0.023758099352051865,-0.04435483870967738,-0.12626728110599073,-0.13661202185792354,-0.17349607672188316,9.524,10.6125,10.990166666666665,10.100951343088246,10.551354843466486,-0.45040350037823984,-0.2563826020323934,-0.19402089834584646,-0.0475109177614177,-0.020466339487958486,31.404881637717025,10.6125,0.6928345667200265,11.998169133440054,9.226830866559947,0.26113905930554604,0.09135266396947779,0.39590382656305,0.04176200702141877,35.16778992994592,7.152487832848512,42.23618232667202,34.11764705882356,14.590052237111097,268867557.0,304310394.55,0.4687452202339411,0.10474253598922319,2.6387080973663273,6598533.15,-1.3637610067012984,0.07766908013487815,0.0,-0.10671378091872796,-0.1374107156397384,3.0,4.0,0.00899100899100902,1.0,1166.09,1168.34,0.06765969112674775,-0.11343648270262474,-0.12445200500595777,0.43304313939616096,0.0023177355098211727,-0.012830798403365984,-0.0490440717159254,-0.05601528642214426,1.0196233681976,0.7758791849205768,0.0,0.0,0.0,0.0,0.0,0.0,0.0,0.0
2025-04-11,10.01,10.1,9.7,10.1,12384217,0.06540084388185652,0.13995485327313784,0.09071274298056164,0.0,-0.07678244972577697,-0.08762420957542916,9.524,10.564,10.990166666666665,10.10080498261313,10.517921151357857,-0.4171161687447267,-0.28852931537486004,-0.12858685336986664,-0.04129863056878482,-0.012731371620778876,43.396195766519625,10.564,0.6930740068328834,11.950148013665768,9.177851986334232,0.26242862810786965,0.3326297064146421,0.4119106960942607,0.040783237237055514,35.33427072248846,17.13479330576322,37.695247796993534,59.36254980079683,34.37756883737671,281251774.0,302658670.2,0.5270336110216182,0.2536092630967673,1.7506253764864557,6253095.9,1.6958932989579445,1.980493694331475,0.03960396039603964,-0.04392275653161681,-0.08099664851913069,4.0,4.0,0.004868549172346803,1.0,1185.86,1222.46,0.04632213225602144,-0.006000780589344834,-0.07827214669712801,0.47157568605648076,0.019078711625835076,0.006000780589344834,-0.009352062878301148,-0.010146230088186492,1.0639989754241035,0.804578019277852,0.0,0.0,0.0,0.0,0.0,0.0,0.0,0.0
2025-04-14,10.27,10.45,10.19,10.32,7662394,0.0217821782178218,0.08860759493670889,0.16478555304740428,0.040322580645161255,-0.03731343283582089,-0.0677506775067751,9.604000000000001,10.5265,10.991666666666667,10.13452729298034,10.503260325331349,-0.36873303235100785,-0.30457005877008964,-0.06416297358091821,-0.0357299449952527,-0.006217342401251765,46.940663749791376,10.5265,0.684491936056469,11.895483872112939,9.157516127887062,0.2601023839097399,0.4245790968737708,0.40748850351609917,0.03948532010814914,34.44278583973992,22.218691745793866,35.38259066239144,68.12749003984068,53.86922896648705,288914168.0,301390065.55,0.5348674086385318,0.16109675791156994,1.4380729949820377,6215229.5,0.40251580488089994,1.2328416834808755,0.025193798449612382,-0.01961715669975772,-0.061106899166034845,0.0,4.0,0.017526777020447915,1.0,1235.01,1241.44,0.015526070382670953,0.025415678921588913,-0.06387663537307242,0.47637073149033815,0.006256107835150848,0.014906901723572341,-0.003874042133702682,-0.004138388464694054,1.0854524445510274,0.8188724587834074,0.0,0.0,0.0,0.0,0.0,0.0,0.0,0.0
2025-04-15,10.27,10.76,10.1,10.45,12957802,0.012596899224806002,0.034653465346534684,0.10232067510548504,0.12850971922246224,-0.033302497687326627,-0.06025179856115104,9.841999999999999,10.493,10.991666666666667,10.18306155559875,10.499315116047544,-0.3162535604487946,-0.30690675910583065,-0.00934680134296395,-0.030263498607540157,-0.0008944307505228662,48.9739689949396,10.493,0.6701618029291725,11.833323605858345,9.152676394141656,0.25547004781441807,0.4839590977089209,0.42552503897923494,0.040720099423850235,32.805680485923475,24.960793846792715,31.46264174248145,73.30677290836654,66.9322709163347,301871970.0,300548750.35,0.5371300275141716,0.12432089633624677,1.3492837897734038,6642518.95,1.6330176321541952,1.9507361736619508,0.06315789473684212,-0.0040979700752883375,-0.04927975739196366,1.0,4.0,-0.003795066413662118,0.0,1232.64,1227.79,-0.010995295785539483,0.08386373467279906,-0.08117432236241451,0.47551767237985837,0.023592195010345485,0.044645984549663176,0.02092252380126347,0.022770939374548105,1.0670509420812226,0.8111162987706362,0.0,0.0,0.0,0.0,0.0,0.0,0.0,0.0
2025-04-16,10.54,10.58,10.41,10.5,5321251,0.004784688995215447,0.01744186046511631,0.03960396039603964,0.1851015801354403,-0.032258064516129004,-0.05149051490514911,10.169999999999998,10.464500000000001,10.9925,10.231821316275864,10.49936584819217,-0.2675445319163057,-0.29903431366792566,0.03148978175161998,-0.025480431611076732,0.0029990268334876176,49.771237452521504,10.464500000000001,0.6563092579762057,11.777118515952413,9.151881484047589,0.25087075654879104,0.5135225884628942,0.40727325048071816,0.038787928617211254,31.2855112288082,24.216587460794724,30.524582678781822,76.82926829268293,72.75451041363007,307193221.0,300392476.15,0.5376957145496685,0.07886457660386507,1.3220183729031818,6489603.05,-0.303043500211255,0.8199655601431586,0.016190476190476182,0.0033924219981842363,-0.04480327496020009,2.0,4.0,0.004784688995215447,1.0,1225.29,1210.3,-0.014245107062282658,0.10600383806999902,-0.09066320052292698,0.47696415789785895,0.019029796057498105,0.07909774206544129,0.03917268561777787,0.043078302385106015,1.0535874302923511,0.8043958191376465,0.0,0.0,0.0,0.0,0.0,0.0,0.0,0.0
2025-04-17,10.45,10.54,10.32,10.5,3436480,0.0,0.004784688995215447,0.01744186046511631,0.10759493670886067,-0.032258064516129004,-0.055755395683453224,10.374,10.4335,10.983,10.273079575310346,10.499412822400156,-0.22633324708981029,-0.2844941003523026,0.05816085326249232,-0.021555547341886694,0.005539128882142126,49.771237452521504,10.4335,0.6381080175842303,11.70971603516846,9.15728396483154,0.2446381435124282,0.5260535826879896,0.39389658973209535,0.03751396092686622,30.06426071162943,23.250480151658742,30.938866868051957,76.82926829268293,75.6551031645775,307193221.0,299960513.65,0.5371980544379049,0.10090752744590001,1.3429137702173515,6385738.75,-0.7541604470490687,0.5381491687238222,0.020952380952380844,0.006373700100637425,-0.04397705544933084,3.0,4.0,-0.003795066413662118,0.0,1201.63,1217.25,0.005742377922829167,0.04186281390691082,-0.08106414621441471,0.47828764328924067,-0.005742377922829167,0.06573212280194984,0.025308750530961488,0.027541368014645684,1.0348932211179862,0.8377861845321773,0.0,0.0,0.0,0.0,0.0,0.0,0.0,0.0
2025-04-18,10.54,10.67,10.45,10.5,7583957,0.0,0.0,0.004784688995215447,0.03960396039603964,0.03960396039603964,-0.055755395683453224,10.453999999999999,10.4025,10.972,10.307990409877986,10.499456317037183,-0.19146590715919665,-0.2658884617136814,0.07442255455448477,-0.01823484830087587,0.007087862338522359,49.771237452521504,10.4025,0.6177367434518835,11.637973486903768,9.167026513096232,0.23753395566522814,0.539458556186562,0.38147540475123143,0.03633099092868871,28.56522620206242,24.726870853285284,29.664388389005925,76.82926829268293,76.82926829268293,307193221.0,299528551.15,0.5371980544379049,0.10090752744590001,1.3429137702173515,6508689.9,0.27517467093768594,1.16520484406547,0.020952380952381014,0.009372746935832676,-0.0430185927816259,4.0,4.0,0.003809523809523707,1.0,1228.37,1219.12,0.0015362497432735989,-0.002732195736465881,-0.0791658169238556,0.4785301584564212,-0.0015362497432735989,0.04233615613250552,0.02341042124040238,0.025423058429691947,1.0338298040645988,0.8375406958351089,0.0,0.0,0.0,0.0,0.0,0.0,0.0,0.0
2025-04-21,10.5,10.67,10.36,10.54,6121920,0.003809523809523707,0.003809523809523707,0.003809523809523707,0.021317829457364157,0.0625,-0.04442429737080689,10.498,10.378,10.961666666666666,10.343684192973681,10.502459552812207,-0.15877535983852553,-0.24446584133865024,0.0856904815001247,-0.015064075886008116,0.008130026707791718,50.54335160409197,10.378,0.601030693672838,11.580061387345676,9.175938612654324,0.2316556923001881,0.5673842458069959,0.3763700186975721,0.03570873042671462,27.382962172428552,23.272122755153344,29.627198467451375,78.45528455284548,77.37127371273714,313315141.0,299537800.9,0.5371627155116547,0.042931633320734984,1.3379363919971339,6679669.65,-0.1465544510699103,0.9165004140586502,0.0294117647058824,0.015609944112545682,-0.03846738634635849,0.0,4.0,-0.008612440191387516,0.0,1220.38,1207.07,-0.009884178751886519,-0.027685590926665893,-0.08685357218506984,0.4789519992063768,0.013693702561410226,0.04900342038403005,0.04242927481426295,0.046464919011720784,1.0279732071136336,0.8338267370692102,0.0,0.0,0.0,0.0,0.0,0.0,0.0,0.0
2025-04-22,10.45,10.54,9.83,10.36,13638699,-0.017077798861480087,-0.01333333333333342,-0.01333333333333342,-0.008612440191387516,0.1187904967602591,-0.05301645338208405,10.479999999999999,10.349,10.951333333333332,10.346194317131577,10.491906993344635,-0.1457126762130585,-0.2247152083135319,0.0790025321004734,-0.014064930136395608,0.007625727036725232,47.039175441264376,10.349,0.5862988280642245,11.52159765612845,9.176402343871551,0.2266108138232581,0.5046904408952674,0.40020073164774544,0.03862941425171288,27.353341532987557,20.323029989322006,35.33231566781611,71.1382113821138,75.47425474254743,299676442.0,299102548.8,0.5395074867810855,0.0811171803191167,1.2604578653723697,7124171.5,1.5975643201162317,1.9144259792173728,0.06853281853281845,0.0010629046284664767,-0.05399646922749135,1.0,4.0,0.0,0.0,1201.38,1197.13,-0.008234816539222978,-0.02497169711432723,-0.10011876841662148,0.47751727769552443,-0.008842982322257109,0.016359256922939713,0.047102315034537434,0.052342813008400046,1.0321679497301819,0.8381134951095023,0.0,0.0,0.0,0.0,0.0,0.0,0.0,0.0
2025-04-23,10.72,10.85,10.5,10.72,7991264,0.0347490347490349,0.01707779886148031,0.020952380952381056,0.020952380952381056,0.20993227990970675,-0.02010968921389389,10.524,10.338,10.947,10.40370288372672,10.508802771615404,-0.1050998878886844,-0.2007921442285624,0.09569225633987799,-0.009804094019466828,0.008926516449615484,53.920117981527724,10.338,0.5766107872733642,11.491221574546728,9.18477842545327,0.22310341933579586,0.6656229853964298,0.40661496510147793,0.03793050047588414,26.448777300908525,24.019351555559375,32.29103299376367,94.19642857142861,81.263308168796,307667706.0,299066859.9,0.5552324574685968,-0.022546712534137103,0.8142694734238864,7314681.4,0.16823424832341496,1.0924965234986175,0.032649253731343246,0.0369510543625462,-0.020736274778477948,2.0,4.0,-0.016728624535315983,0.0,1215.65,1211.0,0.01158604328686108,0.0005783689994216523,-0.09078623340741188,0.4806688354875507,0.02316299146217382,0.020374011952959403,0.07067654419351799,0.0777336934287618,1.0470235223516138,0.8353291786338659,0.0,0.0,0.0,0.0,0.0,0.0,0.0,0.0
2025-04-24,10.76,10.76,10.45,10.58,3931613,-0.013059701492537323,0.021235521235521304,0.00379506641366234,0.007619047619047636,0.11603375527426163,-0.03642987249544627,10.540000000000001,10.318000000000001,10.941833333333333,10.430825516999532,10.514076640384634,-0.08325112338510188,-0.1772839400598703,0.09403281667476843,-0.007868726217873523,0.008887789855838225,51.137564917118034,10.318000000000001,0.5598646452961997,11.4377292905924,9.198270709407602,0.2170438632666019,0.6169925633817197,0.3997138961656581,0.037780141414523453,25.709493603569914,22.68875715976586,31.39571042212854,87.94642857142858,84.42702284165703,303736093.0,298616262.65,0.556768120165406,0.05426774196833879,0.7693503202665405,7292934.35,-0.832095333378692,0.5390989156511466,0.02930056710775052,0.025392517929831326,-0.03306880321701111,3.0,4.0,-0.008466603951082008,0.0,1214.78,1223.35,0.010198183319570564,0.005011295953994521,-0.0774758877602576,0.48341830619646126,-0.023257884812107887,0.002607751665053115,0.04104601526481133,0.04449316253117552,1.0332675073151778,0.8251519120618936,0.0,0.0,0.0,0.0,0.0,0.0,0.0,0.0
2025-04-25,10.63,10.94,10.5,10.54,7788059,-0.003780718336483968,-0.01679104477611959,0.01737451737451745,0.003809523809523707,0.0435643564356436,-0.03656307129798908,10.548,10.298,10.934499999999998,10.447621591307296,10.51599688924503,-0.06837529793773456,-0.15550221163544317,0.08712691369770861,-0.006487219918191135,0.008266310597505561,50.338269102990836,10.298,0.5433773526458645,11.38475470529173,9.21124529470827,0.2110613139040066,0.6113406727487029,0.4025914750109682,0.038196534631021656,24.523849033877095,24.111139639865495,28.94478339361725,82.83261802575106,88.32515838953611,295948034.0,297870886.15,0.5567761256186031,0.05491654278123915,0.7691558728250336,7587713.6,0.0522457931955545,1.0264039222566335,0.041745730550284584,0.02349970868129736,-0.036078467236727696,4.0,4.0,-0.016933207902163794,0.0,1227.16,1229.23,0.00480647402623946,0.008292866986022718,-0.07144529804125965,0.4843058172671222,-0.008587192362723428,-0.004483343176499011,0.03488222674327057,0.03756615164371935,1.0352905919621747,0.8239290700952009,0.0,0.0,0.0,0.0,0.0,0.0,0.0,0.0
2025-04-28,10.63,10.67,10.45,10.45,2705947,-0.008538899430740043,-0.012287334593572896,-0.02518656716417922,-0.008538899430740043,0.012596899224806002,-0.02518656716417922,10.530000000000001,10.2845,10.927833333333334,10.447987500336943,10.511108230782437,-0.06312073044549393,-0.13702591539745332,0.07390518495195939,-0.0060402612866501375,0.007072266502579846,48.501356142779,10.2845,0.5356400499943047,11.355780099988609,9.21321990001139,0.20832905828938875,0.5772440372978829,0.3895492267958991,0.03727743797089944,23.537725511815772,23.138504318999097,28.693971089749574,78.96995708154506,83.24966789290825,293242087.0,297323398.65,0.5530874641610225,0.009375293008485702,0.8761722531027186,7389824.6,-1.1756504866477646,0.36617201983386727,0.02105263157894743,0.016092177548738373,-0.043726264736834164,0.0,4.0,-0.012287334593572896,0.0,1234.3,1226.8,-0.0019768472946478655,0.016345365223226604,-0.06881423344921289,0.484290178294399,-0.006562052136092178,-0.024884264653966648,0.04362766628503367,0.04685173233117079,1.0398290914714428,0.828037091143181,0.0,0.0,0.0,0.0,0.0,0.0,0.0,0.0
2025-04-29,10.58,10.58,10.41,10.45,3146934,0.0,-0.008538899430740043,-0.012287334593572896,0.008687258687258614,0.0,-0.033302497687326627,10.548,10.266499999999999,10.917499999999999,10.448297115669721,10.506581695168922,-0.05828457949920107,-0.12127764821780287,0.0629930687186018,-0.005577471722411586,0.006028044853454718,48.501356142779,10.266499999999999,0.5229498818695478,11.312399763739094,9.220600236260903,0.20375001485201297,0.5877235115456892,0.3738671391676206,0.03577675972895891,22.717763068000814,22.38698720767838,28.526231003714074,66.43835616438352,76.08031042389325,293242087.0,296456418.6,0.5520588496965216,0.04862087328311657,0.91053438848787,7227678.75,-0.9973819463350754,0.4354003697245122,0.016267942583732053,0.017873666780304998,-0.04282115869017622,1.0,4.0,0.004686035613870709,1.0,1227.25,1226.3,-0.0004075643951744201,0.024366610142591005,-0.06164394043738419,0.48401735789604944,0.0004075643951744201,-0.01567935145533239,0.028341442750057566,0.030203292727994935,1.0548166414978424,0.8442628912698534,0.0,0.0,0.0,0.0,0.0,0.0,0.0,0.0
2025-05-05,10.67,10.76,10.45,10.72,4673414,0.02583732057416288,0.02583732057416288,0.01707779886148031,0.0,0.020952380952381056,-0.011981566820276401,10.547999999999998,10.26,10.908,10.490097559412842,10.522390458489742,-0.03229289907690003,-0.10348069838962232,0.07118779931272229,-0.0030123973019496294,0.0066406529209629,54.303207988639876,10.26,0.516078329428071,11.292156658856142,9.227843341143858,0.20120012843199644,0.7228343905225505,0.36930520065564776,0.03445011200145968,21.413616541359758,24.52614588920563,26.815850925616125,82.25806451612914,75.88879258735261,297915501.0,295739720.7,0.5601536430065928,-0.03213616948927744,0.6802882020395297,7377960.9,-0.6884530130549497,0.6334289464721885,0.02891791044776124,0.04483430799220289,-0.01723505683901716,0.0,5.0,-0.008325624421831601,0.0,1233.97,1240.05,0.011212590720052207,0.0239884393063583,-0.05866411605292521,0.48509189859254737,0.014624729854110674,-0.0239884393063583,0.04668254923264881,0.049591808863066245,1.0582899312918579,0.8439043470396115,0.0,0.0,0.0,0.0,0.0,0.0,0.0,0.0
2025-05-06,10.81,10.89,10.72,10.72,6771283,0.0,0.02583732057416288,0.02583732057416288,0.013232514177693888,0.020952380952381056,-0.011981566820276401,10.575999999999999,10.253499999999999,10.899166666666668,10.52546716565702,10.537028202305317,-0.011561036648297218,-0.0850967660413573,0.07353572939306008,-0.0010784549112217553,0.006859676249352619,54.303207988639876,10.253499999999999,0.5090266769971314,11.271553353994262,9.235446646005736,0.19857675018174545,0.7291137287499326,0.3550691148945301,0.03312211892672855,19.93932347609784,26.30257170692649,25.898787082846724,80.18018018018027,76.29220028689767,297915501.0,295023022.8,0.5601536430065928,-0.03213616948927744,0.6802882020395297,7526107.0,-0.1964842728100644,0.8997059170165931,0.015858208955223874,0.045496659677183526,-0.01643856563957491,1.0,5.0,0.012229539040451431,1.0,1244.3,1241.95,0.0015321962824079716,0.01520415253198193,-0.05757950570255643,0.4852021537165267,-0.0015321962824079716,-0.001971638354288041,0.04559793888228003,0.0483838574799591,1.0597651258021772,0.8448910996034882,0.0,0.0,0.0,0.0,0.0,0.0,0.0,0.0
2025-05-07,10.63,10.85,10.63,10.76,5349339,0.003731343283581934,0.003731343283581934,0.02966507177033506,0.020872865275142427,0.024761904761904763,0.0653465346534654,10.620000000000001,10.2865,10.891,10.561549140171325,10.553544631764183,0.008004508407141842,-0.06647651115165747,0.07448101955879931,0.0007439134207380894,0.006922027840037111,55.170960481291246,10.2865,0.5198306910604908,11.326161382120983,9.246838617879018,0.20214093853516407,0.7277183745317279,0.34542132097349215,0.03210235325032455,18.719012439167912,25.105986256849864,26.58165229313274,83.7837837837838,82.07400949336443,303264840.0,295170940.75,0.4970731128796355,0.19334472389992047,1.3279823090848148,7196425.05,-0.49602550282229424,0.743332830236313,0.02044609665427499,0.04603120594954557,-0.012028280231383692,2.0,5.0,-0.008294930875575979,0.0,1241.1,1250.37,0.006779661016949046,0.017197757946031178,0.01669322838743259,0.42216158522994557,-0.003048317733367112,0.003675107329111249,0.048653306266032814,0.04785446082217093,1.0587236615173925,0.8448302912802433,0.0,0.0,0.0,0.0,0.0,0.0,0.0,0.0
2025-05-08,10.85,10.89,10.67,10.76,5572940,0.0,0.003731343283581934,0.003731343283581934,0.02966507177033506,0.020872865275142427,0.08467741935483875,10.682,10.328500000000002,10.885,10.59208004168343,10.568837622003873,0.023242419679556647,-0.048532724985414645,0.07177514466497129,0.002160076178397458,0.006670552478157183,55.170960481291246,10.328500000000002,0.522587439170667,11.373674878341335,9.283325121658669,0.20238657662609927,0.7064247854314953,0.33646265518967133,0.03126976349346388,17.46139860247511,24.78259715619784,25.340172228557332,83.7837837837838,82.58258258258265,303264840.0,295930679.35,0.4908573480397372,0.12413490509725864,1.5379929361632418,6863251.4,-0.3642066301470162,0.8119970659970287,0.020446096654275152,0.041777605654257366,-0.011483693155718844,3.0,5.0,-0.016651248843663202,0.0,1255.34,1269.8,0.015539400337500231,0.035050537985001684,0.048840724557476234,0.42023520271771087,-0.015539400337500231,-0.005385466214666623,0.03583669479736251,0.034167909348183034,1.0477868079467978,0.8430577409922706,0.0,0.0,0.0,0.0,0.0,0.0,0.0,0.0
2025-05-09,10.81,11.07,10.63,10.63,8086082,-0.012081784386617,-0.012081784386617,-0.00839552238805974,0.017224880382775254,0.026061776061776287,0.1479481641468683,10.718,10.397,10.876833333333334,10.597913881424441,10.573368168522105,0.024545712902336092,-0.033917037407864496,0.05846275031020059,0.0023090981093448816,0.00549978836408284,51.48584794937496,10.397,0.46136068776017025,11.319721375520341,9.474278624479659,0.1774976196057211,0.6262569645515187,0.3438581798189805,0.032347900265191014,16.682678017676565,26.25655558019702,23.0240853658956,64.5161290322581,77.36123219994194,295178758.0,296760360.85,0.41912563310519557,0.9797874731625941,1.64683061003816,6793308.5,0.3691644717275606,1.1903010145939934,0.04139228598306674,0.022410310666538535,-0.022693492284825534,4.0,5.0,-0.004664179104477695,0.0,1274.5,1267.3,-0.001968813986454543,0.03343390687433745,0.11874222053513894,0.3386553668098782,-0.010112970400162458,-0.016209026491562195,0.029205943611729346,0.026106052918749123,1.054058203427431,0.8442282928324488,0.0,0.0,0.0,0.0,0.0,0.0,0.0,0.0
2025-05-12,10.72,10.76,10.54,10.67,4159924,0.0037629350893695346,-0.008364312267657992,-0.008364312267657992,-0.004664179104477695,-0.004664179104477695,0.2042889390519187,10.708000000000002,10.4875,10.867166666666666,10.609004053512988,10.580526081964912,0.028477971548076297,-0.02143803561667634,0.04991600716475264,0.002668975777701621,0.0046781637455250834,52.53636363199672,10.4875,0.28951638441048516,11.066532768820972,9.90846723117903,0.11042341240924358,0.657590390239577,0.3350111669747676,0.03139748518976267,15.660824321051939,25.024945840181054,23.86301288477599,67.74193548387095,72.01394943330432,299338682.0,298309542.2,0.37498867257102153,1.6048690243928112,2.182524029179639,6489801.05,-0.6751251830164198,0.6409940717674235,0.020618556701030986,0.017401668653158398,-0.01814333696302317,0.0,5.0,0.0,0.0,1272.92,1283.26,0.012593703148425783,0.03484536913834124,0.17267659691126758,0.30467803960901196,-0.008830768059056249,-0.03950954824281894,0.03161234214065112,0.02695742562264436,1.0468274219120246,0.8433452602018661,0.0,0.0,0.0,0.0,0.0,0.0,0.0,0.0
2025-05-13,10.76,10.81,10.63,10.76,5420003,0.008434864104967188,0.012229539040451431,0.0,0.003731343283581934,0.017013232514177634,0.1350210970464134,10.716000000000001,10.5515,10.854666666666667,10.632234199126374,10.593820446263807,0.03841375286256721,-0.009467677920827632,0.04788143078339484,0.0035700513812794805,0.004449947098828517,54.90257243795402,10.5515,0.17318304888490038,10.897866097769802,10.2051339022302,0.06565248500588558,0.8009821130625935,0.3239389407622842,0.03010584951322344,14.87195645588801,25.13420579330711,22.91588943941488,74.99999999999996,69.08602150537637,304758685.0,300104098.6,0.299606635189718,1.780018792237705,4.147051011805649,6735176.1,-0.415353879940328,0.8047307033293458,0.01672862453531596,0.019760223664881726,-0.00872128731114119,1.0,5.0,0.0,0.0,1292.75,1293.43,0.00792512818914326,0.041450944079874485,0.10706643614016476,0.20861068487264808,0.0005097359158239279,-0.03771960079629255,0.027954660906248652,0.025251114109929862,1.0495557319707562,0.8538083119913616,0.0,0.0,0.0,0.0,0.0,0.0,0.0,0.0
2025-05-14,10.76,10.89,10.67,10.76,4970180,0.0,0.008434864104967188,0.012229539040451431,0.0,0.020872865275142427,0.0653465346534654,10.716,10.5845,10.842166666666666,10.651890476183855,10.606130042836858,0.045760433346996976,0.0015779443327372895,0.04418248901425969,0.004252828377973697,0.004106179276418187,54.90257243795402,10.5845,0.14284607099958488,10.87019214199917,10.298807858000831,0.05398311530996626,0.8071488049547231,0.31651473070783537,0.029415867166155706,14.398552306244962,25.691723227002083,21.77816408539225,74.99999999999996,72.58064516129032,304758685.0,301279444.15,0.20372634388174823,0.8740258702712875,0.96288462224654,6364474.25,-0.4820600896747245,0.7809254629319932,0.020446096654275152,0.01658084935518911,-0.007578436044455961,2.0,5.0,0.015726179463459777,1.0,1295.3,1309.73,0.012602150870166806,0.047473947711477615,0.07138883889861436,0.14506638566869126,-0.012602150870166806,-0.047473947711477615,-0.006042304245148955,-0.005639693102795884,1.0423899727996602,0.8510733023910837,0.0,0.0,0.0,0.0,0.0,0.0,0.0,0.0
2025-05-15,10.81,11.03,10.67,10.98,17108044,0.020446096654275214,0.020446096654275214,0.029053420805998265,0.020446096654275214,0.050717703349282495,0.06395348837209314,10.76,10.6175,10.834833333333332,10.702368864463262,10.633824113737832,0.06854475072542954,0.014971305611275739,0.053573445114153795,0.006242691322898865,0.004879184436626029,60.487033110540885,10.6175,0.1543023348051987,10.926104669610398,10.308895330389602,0.05813132462639946,1.0873209897595577,0.3196208213715614,0.02910936442363947,14.39730582003829,26.753467849871967,20.026056912833063,86.36363636363639,78.7878787878788,321866729.0,302927072.2,0.20216335458024756,0.8756965366941878,1.042378539944181,6836756.75,2.733689543564017,2.5023625420050233,0.032786885245901586,0.03414174711561113,0.013398144872248663,3.0,5.0,-0.019945602901178527,0.0,1314.19,1313.2,0.0026494010215847297,0.034178610804851184,0.05780384070112121,0.13792545679108695,0.017796695632690485,-0.01373251415057597,0.006149647670971925,0.005813599302963324,1.0466008958704274,0.8485132327980399,0.0,0.0,0.0,0.0,0.0,0.0,0.0,0.0
2025-05-16,11.03,11.03,10.76,10.81,6697849,-0.015482695810564606,0.004646840148698983,0.004646840148698983,0.016933207902163572,0.034449760765550286,0.034449760765550286,10.796,10.635499999999999,10.826,10.718927500699683,10.64687417938688,0.07205332131280251,0.026387708751581095,0.04566561256122141,0.006665432128843895,0.004224385990862295,54.83625589306153,10.635499999999999,0.15473151619913683,10.944963032398272,10.326036967601725,0.05819435520629467,0.7819399762350668,0.31607647698787844,0.029239267066408735,14.396148368560667,25.1210789355762,18.80414753327122,60.606060606060645,73.98989898989903,315168880.0,303591917.7,0.2092630345413827,0.9587136866168958,1.133920705633289,6523759.1,0.050165156577953375,1.0266855193963247,0.024976873265494873,0.01640731512387772,-0.001477923517458013,4.0,5.0,0.0,0.0,1314.25,1301.39,-0.008993298812062123,0.026899708040716508,0.05994510461886815,0.13542043273362375,-0.0064893969985024835,-0.009966500138552936,-0.025495343853317864,-0.024053456865094303,1.048541120577501,0.8492401735870931,0.0,0.0,0.0,0.0,0.0,0.0,0.0,0.0
2025-05-19,10.76,10.94,10.72,10.76,7674019,-0.0046253469010176795,-0.020036429872495543,0.0,0.008434864104967188,0.003731343283581934,0.024761904761904763,10.814000000000002,10.648499999999999,10.816333333333334,10.725246346745886,10.655253869802667,0.0699924769432183,0.03510866238990854,0.034883814553309765,0.006504877039332556,0.0032419902001217253,53.260260459040786,10.648499999999999,0.15366659055452714,10.955833181109053,10.341166818890944,0.05772328142161896,0.6813992221693049,0.3092138714887442,0.028737348651370277,14.217933474691486,23.84442271719844,18.77252068163601,53.03030303030297,66.6666666666667,307494861.0,303606999.7,0.21013305283157238,1.0580855772444997,1.2361912668187538,6641397.5,0.2978169439191571,1.1554825622167624,0.02044609665427499,0.010470958350941473,-0.005208172825048707,0.0,5.0,-0.008325624421831601,0.0,1293.61,1296.29,-0.003918886728805471,0.01015382697193079,0.07104850037180865,0.12236140673139045,-0.0007064601722122088,-0.0017189628669636026,-0.04628659560990389,-0.04321615276417057,1.0490781374561042,0.8495517401513945,0.0,0.0,0.0,0.0,0.0,0.0,0.0,0.0
2025-05-20,10.81,10.94,10.72,10.72,6135611,-0.0037174721189590088,-0.008325624421831601,-0.023679417122040025,-0.0037174721189590088,0.0,0.020952380952381056,10.806000000000001,10.6595,10.803166666666668,10.724439216477288,10.660049879446914,0.06438933703037364,0.04096479731800157,0.023424539712372072,0.0060064680065647046,0.0021851249731690363,51.973366739400014,10.6595,0.15031458240713733,10.960129164814274,10.358870835185725,0.05640586609395843,0.6006223066171529,0.30284145209669094,0.02825013545678087,14.052448216098677,22.60714800240601,17.798424330141902,46.96969696969703,53.53535353535358,301359250.0,303315301.15,0.21085263377710112,1.0908308526926287,1.2466214186558038,6776354.05,-0.18914331277152985,0.9054442779594729,0.020522388059701385,0.005675688353112385,-0.0076983600487511294,1.0,5.0,0.025092936802973975,1.0,1298.62,1315.15,0.01454921352475158,0.016792559319019906,0.08042719244197993,0.12837980936057516,-0.01826668564371059,-0.020510031437978915,-0.05947481148959888,-0.05504749594016978,1.0332053230245726,0.8431514405974289,0.0,0.0,0.0,0.0,0.0,0.0,0.0,0.0
2025-05-21,10.76,11.12,10.67,11.03,15187205,0.02891791044776104,0.025092936802973975,0.020351526364477124,0.025092936802973975,0.025092936802973975,0.05047619047619034,10.86,10.685999999999998,10.797333333333334,10.771448567788473,10.687453592080477,0.08399497570799674,0.049570832996000604,0.03442414271199614,0.00761513832348112,0.003120955821577166,60.03318611963201,10.685999999999998,0.16655645478816325,11.019112909576325,10.352887090423671,0.062345669020461736,1.0163414417614751,0.31335277694692726,0.028409136622568203,14.538458221835205,24.39125843063498,15.972711419007885,87.32394366197184,62.441314553990644,316546455.0,303782962.85,0.23267173039466077,0.8808279747551225,0.1135018189373513,7156516.45,2.0726374346201943,2.1221505052224114,0.040797824116047085,0.03219165262960888,0.0215485305013583,2.0,5.0,-0.019873532068654054,0.0,1329.83,1323.05,0.006006919362810281,0.010170035045391046,0.08525001640527607,0.12826591557017947,0.02291099108495076,0.01492290175758293,-0.03477382592908573,-0.03204222566544501,1.0419522701727268,0.8399550068933274,0.0,0.0,0.0,0.0,0.0,0.0,0.0,0.0
2025-05-22,11.07,11.07,10.81,10.85,8486151,-0.016319129646418795,0.012126865671641784,0.008364312267657992,-0.011839708561020124,0.008364312267657992,0.02941176470588247,10.834,10.7015,10.787,10.783533403513324,10.699494066741183,0.08403933677214148,0.056464533751228785,0.027574803020912697,0.0077455609928241,0.0025414564996232903,54.33165385628716,10.7015,0.16667885920321818,11.034857718406435,10.368142281593563,0.06230112010586106,0.7227337058669004,0.309541864307861,0.028529204083673827,14.98975322716198,22.927868285574437,15.014404632707986,59.70149253731349,64.66504438966082,308060304.0,303520221.0,0.24202756298847009,0.8917770469884375,0.005641613474839764,7274728.0,0.312426846020211,1.1665248515133486,0.023963133640552976,0.013876559360837204,0.005840363400389181,3.0,5.0,-0.008294930875575979,0.0,1319.97,1313.84,-0.006961188163712606,0.00048735912275343907,0.08845385934535699,0.12439133851495865,-0.009357941482706189,-0.012327067683773563,-0.05904209463947452,-0.05424400320927247,1.0443026099439445,0.8403801102105536,0.0,0.0,0.0,0.0,0.0,0.0,0.0,0.0
2025-05-23,10.85,10.98,10.76,10.76,6480875,-0.008294930875575979,-0.024478694469628248,0.003731343283581934,-0.0046253469010176795,0.012229539040451431,0.038610038610038755,10.824000000000002,10.7215,10.776000000000002,10.779912879895889,10.703975987723318,0.07593689217257094,0.06035900543549722,0.015577886737073714,0.0070573319862984145,0.0014477589904343601,51.688347336147515,10.7215,0.14629728205563436,11.01409456411127,10.428905435888732,0.05458090082754634,0.5657906959360977,0.3031460168572996,0.028173421641012972,15.135076901959405,21.73934838749301,15.414219263858643,37.931034482758726,61.652156894014716,301579429.0,303615370.35,0.23496203087145318,0.9752380542072887,0.13401385434267735,6916836.8,-0.12184807161834119,0.9369709286765303,0.020446096654275152,0.0035909154502633545,-0.0014847809948034252,4.0,5.0,-0.0036866359447004227,0.0,1313.93,1314.46,0.00047189916580414604,0.010043107754016845,0.09800940582894091,0.11635684029394963,-0.008766830041380125,-0.014668454655034524,-0.059399367218902155,-0.05409732093693553,1.0470436948877877,0.8412727919744237,0.0,0.0,0.0,0.0,0.0,0.0,0.0,0.0
2025-05-26,10.85,10.85,10.45,10.81,7349306,0.004646840148698983,-0.0036866359447004227,-0.019945602901178527,0.004646840148698983,0.013120899718837897,0.008395522388059629,10.834,10.726,10.763499999999999,10.784541667604215,10.711829618262332,0.07271204934188269,0.06282961421677431,0.009882435125108377,0.006726369041802283,0.0009141938136085454,53.05481034108425,10.726,0.14762684109114507,11.02125368218229,10.430746317817711,0.05505382848821368,0.6422505544708803,0.31006415851034963,0.028683085893649363,14.298511136024594,19.736136398636436,21.135227000213415,53.73134328358228,50.45462343455153,308928735.0,303678421.8,0.20118048255168305,0.9427778978569438,0.5103729595860719,6884738.9,0.1301075511925164,1.0674778095070534,0.03700277520814064,0.00783143762819316,0.0043201560830585795,0.0,5.0,0.028571428571428692,1.0,1317.08,1332.51,0.013731874686182977,0.02794127857192441,0.10033856317093304,0.11827192558097391,-0.009085034537483994,-0.023294438423225428,-0.09194304078287341,-0.08355886438980553,1.042400825019955,0.8432608775809863,0.0,0.0,0.0,0.0,0.0,0.0,0.0,0.0
2025-05-27,10.85,11.25,10.85,11.16,18463656,0.03237742830712298,0.0371747211895912,0.028571428571428692,0.041044776119402826,0.0371747211895912,0.05482041587901709,10.922,10.754999999999999,10.759166666666667,10.842304487972797,10.745027424316975,0.097277063655822,0.06971910410458386,0.027557959551238145,0.008716582764858602,0.002469351214268651,61.30530731323889,10.754999999999999,0.17233687939621278,11.099673758792424,10.410326241207574,0.06409553859459316,1.087512088850238,0.31934529004532464,0.02861516935890006,14.475905894879219,26.740668340525446,19.05519008674899,88.75000000000003,60.137459255447034,327392391.0,304861236.7,0.22394397014037337,0.8688144246692242,0.01575052912747366,7611341.05,2.503491569937291,2.4258085242415985,0.03584229390681007,0.03765690376569042,0.03725505383006733,1.0,5.0,-0.02399999999999991,0.0,1338.09,1339.81,0.005478382901441536,0.01875071284644325,0.09519761311153796,0.11659938125387799,0.026899045405681443,0.022294063272959574,-0.04037719723252087,-0.0368674992979634,1.0488905865607925,0.8359786684405957,0.0,0.0,0.0,0.0,0.0,0.0,0.0,0.0
2025-05-28,11.25,11.25,10.98,10.98,8241600,-0.016129032258064502,0.015726179463459777,0.020446096654275214,-0.00453309156844961,0.020446096654275214,0.041745730550284854,10.911999999999999,10.777,10.7525,10.86348841290006,10.762432800293496,0.10105561260656337,0.07598640580497977,0.0250692068015836,0.009203607705515789,0.002283170018359162,55.86734506044993,10.777,0.17152873013924932,11.120057460278497,10.433942539721501,0.06366474163097299,0.7958688026128385,0.31582062647065856,0.02876326288439513,14.640629599529941,25.107738613333193,17.891577197433296,66.25000000000009,69.57711442786082,319150791.0,306021374.55,0.23284430527645011,0.7935358912310059,-0.15091343363890186,7634018.1,0.14009167712837656,1.0795887423950437,0.02459016393442619,0.018836410875011644,0.02115787026272975,2.0,5.0,-0.012692656391658952,0.0,1344.08,1341.87,0.0015375314410250862,0.014224708060919689,0.09163460052227812,0.11709247650832949,-0.017666563699089588,-0.0187577996293693,-0.049888869971993266,-0.04570107062209694,1.0491260970113727,0.8327388969309659,0.0,0.0,0.0,0.0,0.0,0.0,0.0,0.0
2025-05-29,11.03,11.07,10.89,10.89,5911007,-0.008196721311475419,-0.024193548387096753,0.007400555041628065,0.0036866359447005337,-0.008196721311475419,0.04210526315789487,10.92,10.799,10.747333333333332,10.867567118607742,10.771882222493979,0.09568489611376307,0.07992610386673643,0.015758792247026643,0.008786491837811118,0.001447088360608507,53.32058680397308,10.799,0.1547799796656191,11.108559959331238,10.489440040668761,0.05733122684160359,0.646982833627117,0.3061191531513258,0.028110115073583637,14.388964093545338,24.05320223804194,19.24014547432928,55.000000000000114,70.0000000000001,313239784.0,307021259.4,0.2326390793994795,0.7938558008138544,-0.1460257458746431,7794271.1,-0.4481314680985033,0.7583784197601235,0.016528925619834683,0.008426706176497989,0.013274610756156768,3.0,5.0,-0.011937557392102893,0.0,1346.68,1341.86,-7.452286734155322e-06,0.021326797783596252,0.09378871861754146,0.11586796021686316,-0.008189269024741264,-0.017640161838895718,-0.05168345545964659,-0.047251772284660376,1.047726922499787,0.8338948759150185,0.0,0.0,0.0,0.0,0.0,0.0,0.0,0.0
2025-05-30,10.89,10.94,10.76,10.76,5559079,-0.011937557392102893,-0.020036429872495543,-0.03584229390681004,0.0,-0.0046253469010176795,0.02966507177033506,10.920000000000002,10.814499999999999,10.739166666666668,10.851018331129627,10.771002057864795,0.08001627326483174,0.0799441377463555,7.213551847623512e-05,0.007436456623125627,6.704044468051591e-06,49.78992068303746,10.814499999999999,0.13180827383991667,11.078116547679832,10.550883452320166,0.04875242455588939,0.39663016134671797,0.2971106422119454,0.02761251321672355,13.598409908303571,23.012325832390864,21.53288774887169,38.75000000000003,53.333333333333435,307680705.0,307743190.3,0.2379121605065284,0.8265078363217054,-0.23080492545158132,7914878.35,-0.5752397718540933,0.7023581101533923,0.01672862453531596,-0.005039530260298575,0.0019399394738883746,4.0,5.0,0.020446096654275214,1.0,1342.89,1332.6,-0.006900868943108818,0.013800343867443665,0.0866835195302944,0.12167568636555315,-0.0050366884489940755,-0.013800343867443665,-0.057018447759959345,-0.052470150448775454,1.0488805450324141,0.8343593316446138,0.0,0.0,0.0,0.0,0.0,0.0,0.0,0.0
2025-06-02,10.76,11.03,10.72,10.98,6895473,0.020446096654275214,0.008264462809917328,0.0,0.015726179463459777,0.020446096654275214,0.02425373134328357,10.954,10.8275,10.731833333333332,10.870861664801991,10.786483386911847,0.08437827789014385,0.08083096577511317,0.0035473121150306763,0.007684724762308182,0.00032307032013029836,55.19666779908524,10.8275,0.13478540448871043,11.09707080897742,10.55792919102258,0.049793730589225586,0.7828570359277545,0.2980313106253778,0.027143106614333133,13.207596871812356,23.45958923953397,19.933056991841685,66.25000000000009,53.333333333333435,314576178.0,308576224.15,0.23129581077705622,0.8181090410528611,-0.11619618686614377,8025981.3,-0.28035436584971457,0.8591439155234514,0.02823315118397074,0.014084507042253502,0.02312434967619703,0.0,6.0,-0.0036133694670280603,0.0,1330.71,1336.3,0.0027765270898993943,0.0028442563282826683,0.07761783799040356,0.11887323543601303,0.01766956956437582,0.012881923135177109,-0.05336410664711999,-0.04952043736268885,1.049995130610303,0.8327238631294082,0.0,0.0,0.0,0.0,0.0,0.0,0.0,0.0
2025-06-03,11.07,11.16,10.98,11.03,8119862,0.004553734061930603,0.025092936802973975,0.012855831037649201,-0.011648745519713288,0.02891791044776104,0.02891791044776104,10.928,10.843,10.729666666666668,10.895344485601685,10.804521654548006,0.0908228310536785,0.08282933883082624,0.007993492222852255,0.008234164193443201,0.0007247046439575935,56.347175438503164,10.843,0.13951419471273793,11.122028389425475,10.563971610574525,0.05146700902434294,0.8350913510719034,0.2896005027235651,0.026255711942299646,13.31571414093318,25.624461649811863,19.048106313533264,72.49999999999994,59.166666666666714,322696040.0,309815251.1,0.2315213332673739,0.7643688732891668,-0.19030968062025644,8093410.25,0.006577416081432741,1.0032683070773534,0.016319129646418833,0.017246149589597026,0.027990928578085494,1.0,6.0,0.008159564823209342,1.0,1341.31,1347.25,0.008194267754246809,0.005553026175353359,0.08478602198156127,0.11955919771866969,-0.0036405336923162057,-0.017201771695066648,-0.055868111533800224,-0.05150150389267261,1.043752604382475,0.8347315368618993,0.0,0.0,0.0,0.0,0.0,0.0,0.0,0.0
2025-06-04,11.03,11.2,11.03,11.12,10385483,0.008159564823209342,0.012750455373406133,0.03345724907063197,0.012750455373406133,0.008159564823209342,0.03345724907063197,10.956,10.861,10.726,10.929906872432195,10.827890420877784,0.10201645155441064,0.08666676137554313,0.015349690178867503,0.00917414132683549,0.001380367821840603,58.41708472600546,10.861,0.15099320305381186,11.162986406107624,10.559013593892377,0.055609318867069955,0.9288272497731154,0.28105760967188187,0.02527496489855053,13.557616788287449,25.533946785291,18.225148934520412,83.74999999999993,74.16666666666669,333081523.0,311306085.25,0.23261164729218986,0.7085245419216132,-0.30444259670570706,8345217.45,0.5102780027572462,1.2444832099611736,0.015287769784172657,0.023846791271521894,0.03673317173223922,2.0,6.0,0.0044642857142858094,1.0,1350.52,1345.74,-0.0011208016329560255,0.002884034966129434,0.07627342306677232,0.12049970668855381,0.009280366456165368,0.0098664204072767,-0.04281617399614035,-0.039781874269587014,1.0399275622567972,0.8323445953188477,0.0,0.0,0.0,0.0,0.0,0.0,0.0,0.0
2025-06-05,11.2,11.65,11.2,11.25,20305345,0.011690647482014427,0.01994560290117864,0.024590163934426146,0.03305785123966931,0.03686635944700467,0.04553903345724919,11.028,10.885499999999999,10.726,10.979151968981087,10.85915779710906,0.11999417187202788,0.0933322434748401,0.026661928397187784,0.010666148610846922,0.0023699491908611365,61.273569774921405,10.885499999999999,0.1720304440622065,11.229560888124412,10.541439111875585,0.06321453091257431,1.0297027540488657,0.2988392089810333,0.026563485242758512,15.08903605103034,33.05519358149346,15.916375366422006,66.66666666666667,74.30555555555554,353386868.0,313812186.65,0.23513432697334186,0.5721309622597919,-0.5507831313348827,9081837.7,2.364036881843273,2.2358189686653396,0.0400000000000001,0.03348491112029772,0.048853253775871686,3.0,6.0,-0.023214285714285743,0.0,1346.33,1342.09,-0.0027122623983830696,0.00017140387223713027,0.05693022523232005,0.11397356652356486,0.014402909880397496,0.03288644736743218,-0.011391191775070864,-0.01077761947111222,1.0413933301198997,0.8321389581038647,0.0,0.0,0.0,0.0,0.0,0.0,0.0,0.0
2025-06-06,11.2,11.25,10.94,10.94,7811768,-0.027555555555555555,-0.01618705035971224,-0.008159564823209453,0.016728624535315983,0.016728624535315983,0.029162746942615225,11.063999999999998,10.901,10.7165,10.973128589137843,10.865146108434315,0.10798248070352834,0.09626229092057775,0.011720189782950585,0.009870427852242078,0.0010713153366499622,52.08527340471898,10.901,0.16143762034664616,11.223875240693292,10.578124759306707,0.05923772877594581,0.5603948446406994,0.2996364083395309,0.02738906840397906,15.351718055225975,30.612444940363346,20.938157730957062,40.833333333333314,63.75,345575100.0,316332003.75,0.2534198357059911,0.2779605749181501,-0.4375849015031684,9068122.0,-0.26443848358968247,0.8614537828229484,0.028336380255941547,0.0035776534262912385,0.02085568982410302,4.0,6.0,-0.01645338208409508,0.0,1339.13,1329.89,-0.009090299458307416,-0.0020336184901694754,0.04938846366290561,0.12053722375293734,-0.01846525609724814,0.01876224302548546,-0.020225716720290388,-0.019273812721070205,1.0467577038994236,0.8352800406308197,0.0,0.0,0.0,0.0,0.0,0.0,0.0,0.0
2025-06-09,10.94,10.98,10.72,10.76,8512916,-0.01645338208409508,-0.04355555555555557,-0.03237410071942437,-0.020036429872495543,-0.0046253469010176795,0.008434864104967188,11.02,10.9055,10.701666666666666,10.940339575424328,10.857357507809551,0.08298206761477722,0.09360624625941764,-0.010624178644640422,0.007712088068287846,-0.0009873771974572884,47.62001276263928,10.9055,0.15581618725458676,11.217132374509173,10.593867625490827,0.05715141433390002,0.2665518542013401,0.2968052363152787,0.02758412976907795,14.757979449259992,28.696990746681777,24.922511529400857,25.833333333333353,44.44444444444448,337062184.0,318218178.85,0.26113075709979805,0.3822395248309652,-0.5992551157983266,9285771.6,-0.16757437095649633,0.9167699106447977,0.02416356877323418,-0.01334189170601996,0.005450864351347118,0.0,6.0,0.0,0.0,1329.66,1310.57,-0.014527517313462135,-0.019254658385093215,0.021281735579695482,0.12842459557851307,-0.0019258647706329457,-0.0007817714874023274,-0.012846871474728294,-0.012579165011147642,1.0461023975421977,0.838144750791317,0.0,0.0,0.0,0.0,0.0,0.0,0.0,0.0
2025-06-10,10.76,10.89,10.67,10.76,5769469,0.0,-0.01645338208409508,-0.04355555555555557,-0.024478694469628248,-0.03584229390681004,0.0,10.966,10.9055,10.689833333333333,10.912595025359048,10.8501458405644,0.062449184794648005,0.08737483396646373,-0.024925649171815722,0.005803827583145725,-0.002316510146079528,47.620012762639284,10.9055,0.15581618725458676,11.217132374509173,10.593867625490827,0.05715141433390002,0.2665518542013401,0.29131914800704456,0.027074270260877747,14.026233995743226,27.149022771289147,24.804096348031152,25.833333333333353,30.83333333333337,337062184.0,319833353.8,0.2594630717292191,0.4691156587431339,-0.47252612619225415,9303244.9,-0.7686738630400134,0.6201566294358218,0.020446096654275152,-0.01334189170601996,0.006563869096805508,1.0,6.0,-0.008294930875575979,0.0,1307.74,1316.23,0.0043187315442898555,-0.023024679903507095,0.017627548456429665,0.12650040439184,-0.0043187315442898555,-0.0014540145661211534,-0.017627548456429665,-0.0173222005272633,1.046490887692465,0.8416632467754321,0.0,0.0,0.0,0.0,0.0,0.0,0.0,0.0
2025-06-11,10.85,10.85,10.72,10.76,3696436,0.0,0.0,-0.01645338208409508,-0.03237410071942437,-0.020036429872495543,0.0,10.894,10.9055,10.684666666666665,10.889118867611502,10.843468370892962,0.04565049671854027,0.07902996651687905,-0.03337946979833878,0.004242611219195193,-0.00310218120802405,47.620012762639284,10.9055,0.15581618725458676,11.217132374509173,10.593867625490827,0.05715141433390002,0.2665518542013401,0.279796351720827,0.026003378412716265,13.346756074620517,26.248017211209238,23.980912806192283,25.833333333333353,25.833333333333353,337062184.0,321448528.75,0.2594630717292191,0.4691156587431339,-0.47252612619225415,9239557.7,-1.187296669917246,0.4000663365087271,0.012081784386617007,-0.01334189170601996,0.007050602108941373,2.0,6.0,0.0036866359447005337,1.0,1322.07,1315.2,-0.0007825380062754794,-0.02269383387578583,0.004176433310682404,0.1187700737768254,0.0007825380062754794,-0.00968026684363854,-0.004176433310682404,-0.004159063260340656,1.03789545320605,0.8504054673899736,0.0,0.0,0.0,0.0,0.0,0.0,0.0,0.0
2025-06-12,10.85,10.98,10.81,10.89,5292454,0.012081784386617223,0.012081784386617223,0.012081784386617223,-0.03199999999999992,0.0,-0.008196721311475419,10.822,10.901,10.681666666666667,10.889254426440502,10.846915158234225,0.04233926820627687,0.07169182685475861,-0.02935255864848174,0.0038879034165543495,-0.002695368103625504,51.37988224737837,10.901,0.1548479729827681,11.210695945965536,10.591304054034463,0.056819731394465944,0.48224064579582304,0.275525183740768,0.025300751491346925,13.16888253688124,28.12117660692743,22.613186958378535,36.66666666666674,29.44444444444451,342354638.0,322472924.2,0.25237703201390316,0.5002268456049571,-0.22368417598185114,8648778.2,-0.7701823685168493,0.6119308274086622,0.01561065197428833,-0.0010090817356205317,0.019503822749258992,3.0,6.0,-0.008364312267657992,0.0,1321.25,1322.99,0.005923053527980615,-0.014231534397842083,0.00745507158087122,0.12021241745979165,0.006158730858636607,-0.017768465602157835,-0.01565179289234664,-0.015535971115601455,1.0396958474306925,0.8504783277791569,0.0,0.0,0.0,0.0,0.0,0.0,0.0,0.0
2025-06-13,10.76,10.85,10.58,10.67,10515702,-0.02020202020202022,-0.008364312267657992,-0.008364312267657992,-0.02468007312614251,-0.008364312267657992,-0.01295097132284928,10.768,10.894,10.674166666666668,10.855522976218886,10.833810331698356,0.021712644520530233,0.06169599038791294,-0.039983345867382704,0.0020349245098903687,-0.0037472676539252766,45.435984423553855,10.894,0.16216950196769667,11.218339003935393,10.569660996064608,0.059544520641709675,0.15468229648287946,0.2779876706164275,0.02605320249451054,12.342386688869832,25.88120965114312,26.721774119673867,8.411214953271012,23.637071651090395,331838936.0,323306427.0,0.25666412735726274,0.4635275026375406,-0.2982173850593227,8839670.85,0.38516275730693394,1.189603343658435,0.025304592314901554,-0.02056177712502294,-0.0003903505347804259,4.0,6.0,0.016933207902163572,1.0,1313.08,1315.49,-0.0056689770897738745,-0.01082796321500279,0.01083456919140291,0.11731183738046212,-0.014533043112246347,-0.01385210991113972,-0.02378554051425219,-0.023530596636874956,1.0449120195005532,0.8488611840598549,0.0,0.0,0.0,0.0,0.0,0.0,0.0,0.0
2025-06-16,10.63,10.89,10.58,10.81,4058427,0.013120899718837897,-0.00734618916437102,0.004646840148698983,0.004646840148698983,-0.015482695810564606,0.004646840148698983,10.778,10.8965,10.669833333333333,10.84851944141598,10.832046603424404,0.01647283799157684,0.05265135990864572,-0.036178521917068884,0.0015238518031060904,-0.0033467642846502204,49.4440989637697,10.8965,0.16037045928273735,11.217240918565475,10.575759081434525,0.05887044804578994,0.3651559639055824,0.280274265572397,0.02592731411400527,11.49620167239573,24.85589381742425,24.610640492306292,21.495327102803774,22.191069574247205,335897363.0,324726552.1,0.26060644715551295,0.2969746469444758,-0.5590730099174752,8658891.25,-1.0278549534223915,0.4687005394599453,0.028677150786309016,-0.007938328821181062,0.013136725034755381,0.0,6.0,0.0,0.0,1313.4,1338.11,0.01719511360785697,0.021013757372746245,0.03226129955488344,0.1298765054219736,-0.004074213889019074,-0.01636691722404726,-0.027614459406184455,-0.026751423712282896,1.0411303311271307,0.8493577014434233,0.0,0.0,0.0,0.0,0.0,0.0,0.0,0.0
2025-06-17,10.89,10.94,10.81,10.89,5878131,0.007400555041628065,0.020618556701031077,0.0,0.012081784386617223,-0.012692656391658952,0.01585820895522394,10.803999999999998,10.905,10.665999999999999,10.854901065813522,10.836339447615188,0.018561618198333463,0.04583341156658327,-0.027271793368249808,0.0017044644810223564,-0.0025042969116850144,51.630606970283246,10.905,0.15493631968626612,11.214872639372532,10.595127360627467,0.056831295620822044,0.47579650783242333,0.26954038946008285,0.02475118360514994,10.902308259720812,25.324610691697767,23.762799556638917,28.97196261682247,19.62616822429911,341775494.0,326747364.3,0.26128690039275276,0.18750266465975443,-0.6285352549229021,8646017.25,-0.6173089270025585,0.6798657497473765,0.011937557392102754,-0.0013755158184317606,0.021001312582036524,1.0,6.0,-0.00457038391224851,0.0,1343.7,1347.69,0.0071593516228114495,0.023901597745074943,0.024742424818461783,0.12256283135479694,0.00024120341881661567,-0.01181981335845772,-0.008884215863237843,-0.008669706306745018,1.0438008163396784,0.8514667455593473,0.0,0.0,0.0,0.0,0.0,0.0,0.0,0.0
2025-06-18,10.94,11.16,10.89,10.89,8153041,0.0,0.007400555041628065,0.020618556701031077,0.012081784386617223,-0.020683453237409943,-0.012692656391658952,10.830000000000002,10.898,10.662166666666668,10.86030090184221,10.840314303347396,0.01998659849481399,0.040664048952229415,-0.020677450457415425,0.001835316666190449,-0.0018987557812135375,51.630606970283246,10.898,0.15212875433252823,11.202257508665056,10.593742491334943,0.055837311188301805,0.4868532414613209,0.26957321878436263,0.024754198235478662,11.13506413123348,29.34216618224479,22.062769542735253,28.97196261682247,26.479750778816264,341775494.0,328008816.25,0.23943095385467306,0.18999911435710387,-0.2552906899415521,8294309.05,-0.03354500670268473,0.9829680749597822,0.024793388429752025,-0.0007340796476417166,0.021368389789442332,2.0,6.0,-0.011882998171846348,0.0,1350.17,1346.83,-0.0006381289465678952,0.024049574209245694,0.017973621556252484,0.12140723845782207,0.0006381289465678952,-0.011967789822628472,-0.030666277947911436,-0.03012482573077835,1.043788534852837,0.8514615272776043,0.0,0.0,0.0,0.0,0.0,0.0,0.0,0.0
2025-06-19,10.94,10.94,10.81,10.81,2888998,-0.00734618916437102,-0.00734618916437102,0.0,-0.00734618916437102,-0.039111111111111097,-0.0036866359447004227,10.814,10.895999999999999,10.6585,10.852562301558793,10.838068799395737,0.014493502163055894,0.035429939594394715,-0.02093643743133882,0.0013407495062956424,-0.001936765719827828,49.164563264756886,10.895999999999999,0.1530531383471915,11.202106276694382,10.589893723305616,0.05618690835065763,0.35952591216242663,0.2596037031569081,0.024015143677789834,11.004470484422196,28.292631956118623,23.47476787960651,21.495327102803774,26.479750778816264,338886496.0,329550125.85,0.2336314798674752,0.16924801992192726,-0.042383108145574826,8014451.4,-1.1700723689457715,0.36047358151051984,0.012025901942645606,-0.007892804698971911,0.014214007599568479,3.0,6.0,-0.0036866359447004227,0.0,1346.33,1352.04,0.0038683427010091087,0.021957837927724322,0.02907507763502415,0.11812601186456836,-0.011214531865380128,-0.02930402709209534,-0.03276171357972457,-0.03183607716457004,1.041402358614025,0.8498243038366374,0.0,0.0,0.0,0.0,0.0,0.0,0.0,0.0
2025-06-20,10.85,10.89,10.76,10.81,4634102,0.0,-0.00734618916437102,-0.00734618916437102,0.013120899718837897,-0.011882998171846348,0.004646840148698983,10.842,10.8985,10.656333333333333,10.846014255165132,10.835989629070127,0.010024626095004763,0.030348876894516725,-0.020324250799511962,0.000927347464847804,-0.001880134209020533,49.164563264756886,10.8985,0.1511107993633824,11.200721598726766,10.596278401273235,0.05546113662004227,0.3535842567625163,0.2503462957885576,0.02315876926813669,10.665973008075479,27.243216401924528,24.030649360700636,21.495327102803774,23.987538940810037,338886496.0,331415479.2,0.23161061071931383,0.08936624301704911,0.05480522987608195,7922112.75,-0.7416070713936623,0.5849578447365572,0.01202590194264577,-0.008120383539019116,0.014420219587725658,4.0,6.0,0.020522388059701413,1.0,1354.69,1349.35,-0.001989586106919905,0.025739458300709117,0.02654321926874914,0.11872082576690395,0.001989586106919905,-0.01261855858187122,-0.021896379120050158,-0.021330206764843207,1.0452672768339093,0.8533023595667992,0.0,0.0,0.0,0.0,0.0,0.0,0.0,0.0
2025-06-23,10.72,11.07,10.63,10.94,8323777,0.012025901942645634,0.012025901942645634,0.0045913682277318735,0.012025901942645634,0.016728624535315983,0.012025901942645634,10.868,10.905,10.656333333333333,10.860473600524342,10.843694100990858,0.016779499533484454,0.027635001422310273,-0.010855501888825819,0.0015337750944684145,-0.0009922762238414825,53.36263872664672,10.905,0.14989469988182272,11.204789399763644,10.605210600236354,0.0549820082097469,0.5583743121464506,0.26389298894651775,0.024121845424727402,11.0035455092693,28.870765943111525,21.168697692629618,33.64485981308405,25.545171339563893,347210273.0,333329556.1,0.23489139739672502,0.029949978737538387,-0.12298207829565985,7970836.3,0.07962821505016257,1.0442790049520903,0.04021937842778789,0.003209536909674515,0.02661953767712477,0.0,6.0,0.0,0.0,1345.24,1358.18,0.006543891503316468,0.014998766917518225,0.019264395764384545,0.11127598848634045,0.005482010439329166,-0.002972864974872591,-0.007238493821738912,-0.007101684167345468,1.0469580865124397,0.8534748126727505,0.0,0.0,0.0,0.0,0.0,0.0,0.0,0.0
2025-06-24,10.98,11.03,10.85,10.98,5193307,0.00365630712979903,0.015726179463459777,0.015726179463459777,0.008264462809917328,0.020446096654275214,-0.016129032258064502,10.886000000000001,10.896,10.656333333333333,10.878862277366752,10.853790834250795,0.025071443115956882,0.027122289761039597,-0.002050846645082715,0.002283373689977858,-0.00018678020447019262,54.604847197901506,10.896,0.1387690243004286,11.173538048600857,10.618461951399144,0.0509431073055904,0.6513306020984619,0.257900632593195,0.02348821790466257,11.317005688949276,27.431469116293613,20.113372749851678,37.38317757009348,30.841121495327126,352403580.0,334580115.55,0.20355633225671385,-0.45982338419965657,-0.529611090464948,7307318.85,-0.5692027709635095,0.7106993832628503,0.016393442622950793,0.007709251101321479,0.030373174012324533,1.0,6.0,-0.0036133694670280603,0.0,1365.69,1366.77,0.006324640327497022,0.014157558488969935,0.020122256140796102,0.11176939548560764,-0.002668333197697992,-0.005893095679052607,-0.036251288398860604,-0.03553621948804653,1.0483250096527674,0.8547648202225944,0.0,0.0,0.0,0.0,0.0,0.0,0.0,0.0
2025-06-25,11.07,11.34,11.03,11.03,16946644,0.004553734061930603,0.00822669104204743,0.020351526364477124,0.012855831037649201,0.025092936802973975,0.004553734061930603,10.914000000000001,10.898500000000002,10.657833333333334,10.902114234694944,10.866843365047032,0.035270869647911596,0.028752005738413997,0.0065188639094975985,0.003197721636256718,0.00059101214048029,56.176170454797116,10.898500000000002,0.1407975403494355,11.180095080698873,10.616904919301131,0.051675933513579096,0.7334912947939941,0.2651934445508239,0.024042923350029364,12.592017000031483,33.12129709233003,18.163094474897967,59.210526315789394,43.41285456632233,369350224.0,337090087.2,0.1959056181057556,-0.6777169666065177,0.019003542908523675,7742571.05,2.143458096915726,2.1887618325439844,0.028105167724388078,0.01206588062577385,0.034919542746336685,2.0,6.0,-0.012589928057553879,0.0,1369.05,1366.75,-1.4633039940870063e-05,0.014790285336679476,0.01854128939465083,0.1118098906968158,0.004568367101871473,-0.0019344542990302749,-0.013987555332720225,-0.013732929119676052,1.0479812219151519,0.8543421706130317,0.0,0.0,0.0,0.0,0.0,0.0,0.0,0.0
2025-06-26,11.12,11.12,10.89,10.98,4447843,-0.00453309156844961,0.0,0.00365630712979903,0.015726179463459777,0.008264462809917328,0.008264462809917328,10.948,10.903,10.662166666666668,10.914096660126491,10.87522533800651,0.03887132211998079,0.030775869014727356,0.008095453105253433,0.0035401932714008003,0.0007372908110431178,54.15734798919693,10.903,0.14194513395203667,11.186890267904074,10.619109732095927,0.05207562467285583,0.6356157795906168,0.2626796270829078,0.023923463304454263,13.098992443990625,31.049817087843298,20.834052679181536,52.63157894736848,49.741760944417145,364902381.0,339673217.05,0.19422257319285813,-0.729417986281903,0.18102458485875886,7669412.85,-0.7424504144196712,0.5799456994938016,0.02094717668488148,0.007062276437677761,0.02980945086208231,3.0,6.0,-0.008159564823209453,0.0,1368.73,1365.67,-0.0007901957197731235,0.010081062690453058,0.017744026947669855,0.11193255356812513,-0.0037428958486764863,0.00564511677300672,-0.009479564137752527,-0.009314291105380179,1.044184148584191,0.8562919583737688,0.0,0.0,0.0,0.0,0.0,0.0,0.0,0.0
2025-06-27,11.03,11.07,10.94,10.94,4695475,-0.0036429872495447047,-0.008159564823209453,-0.0036429872495447047,0.012025901942645634,0.025304592314901564,0.016728624535315983,10.974,10.912,10.664333333333332,10.9180817893378,10.880023461117139,0.0380583282206608,0.03223236085591404,0.005825967364746755,0.003478823420535722,0.0005325381503424822,52.53091696019599,10.912,0.13805414650944556,11.188108293018892,10.63589170698111,0.05060635869114582,0.5507047428634875,0.2532025108627002,0.023144653643756872,13.5697553562384,29.91112486429838,20.07000393443072,47.36842105263152,53.07017543859649,360206906.0,342299527.1,0.18935798200782875,-0.8394321855340049,0.6286671320551861,7626232.65,-0.6713563632395163,0.6157004664681978,0.011882998171846506,0.002565982404691969,0.025849404557247047,4.0,6.0,-0.0036429872495447047,0.0,1369.13,1371.44,0.004225032401678375,0.016370845221773456,0.029146030316674176,0.10856024618596279,-0.00786801965122308,-0.004344943279127822,-0.012417405781358193,-0.0120657374323615,1.0504942264903532,0.8606406880877576,0.0,0.0,0.0,0.0,0.0,0.0,0.0,0.0
2025-06-30,10.98,11.03,10.89,10.94,4612947,0.0,-0.0036429872495447047,-0.008159564823209453,0.0,0.012025901942645634,-0.0036429872495447047,10.974,10.91,10.665833333333333,10.921453821747368,10.884466167701055,0.03698765404631388,0.03318341949399401,0.003804234552319867,0.003380955580101817,0.00034773624792686173,52.53091696019599,10.91,0.137304885488382,11.184609770976763,10.635390229023237,0.05034092960160645,0.5546229653323914,0.24511661722965009,0.022405540880223958,13.754730747779192,28.690843465086903,20.70824225367112,47.36842105263152,49.12280701754386,360206906.0,344581063.5,0.17470426096930455,-1.0860613437191993,0.9242359641465305,7512106.35,-0.6566476469586069,0.6140683830973719,0.01279707495429605,0.00274977085242889,0.025705133213532294,0.0,6.0,-0.008093525179856065,0.0,1374.9,1376.07,0.003376013533220368,0.013172039052260942,0.029761281149442542,0.1086774847168301,-0.003376013533220368,-0.013172039052260942,-0.03340426839898725,-0.03243884676038766,1.0515933721183532,0.860749505927117,0.0,0.0,0.0,0.0,0.0,0.0,0.0,0.0
2025-07-01,11.12,11.38,11.03,11.03,13468371,0.00822669104204743,0.00822669104204743,0.004553734061930603,0.004553734061930603,0.012855831037649201,0.0,10.983999999999998,10.91,10.668833333333334,10.938153233786235,10.89524645157505,0.042906782211185046,0.03512809203743222,0.007778690173752829,0.0038900074534165955,0.000705230296804427,55.98056369923303,10.91,0.137304885488382,11.184609770976763,10.635390229023237,0.05034092960160645,0.7184918613295689,0.2590368588561037,0.023484756015965887,15.015836199037095,34.86096065948748,18.19574085250487,56.24999999999986,50.32894736842099,373675277.0,347130025.35,0.17648615079005134,-1.0881343309392075,0.8539901219258368,7779531.8,1.2336319035782402,1.7312572718065116,0.03173164097914791,0.010999083409715782,0.03385249871119922,1.0,7.0,0.0,0.0,1378.14,1377.84,0.0012862717739650087,0.008099387607278352,0.022705511226572606,0.10575206169083738,0.006940419268082421,-0.003545653545347749,-0.022705511226572606,-0.02220141671021303,1.0517359277518354,0.8600020295168708,0.0,0.0,0.0,0.0,0.0,0.0,0.0,0.0
2025-07-02,10.98,11.12,10.94,10.98,6053092,-0.00453309156844961,0.00365630712979903,0.00365630712979903,-0.00453309156844961,0.008264462809917328,-0.012589928057553879,10.974,10.903,10.6835,10.944591197819122,10.90152449219912,0.043066705620001144,0.036715814753946,0.006350890866055142,0.003922286486338902,0.0005784053612072079,53.64802067765784,10.903,0.12937501589129238,11.161750031782585,10.644249968217416,0.0474640065638053,0.6487922522550633,0.2533913689378106,0.02307753815462756,15.736715148387956,33.09210660098058,19.8094970946336,50.0,51.20614035087715,367622185.0,348857058.45,0.17449911057278977,-0.9607260402668597,0.7369009096031601,7562912.25,-0.3293475952827192,0.8003652296772318,0.016393442622950793,0.007062276437677761,0.02775307717508313,2.0,7.0,-0.00453309156844961,0.0,1377.26,1384.59,0.0048989723044765565,0.013052862630327455,0.02886887511703584,0.10619981330962992,-0.009432063872926166,-0.017585954198777065,-0.04145880317458972,-0.04029551692860156,1.0568895165215804,0.8281145813254275,0.0,0.0,0.0,0.0,0.0,0.0,0.0,0.0
2025-07-03,11.03,11.16,10.94,10.98,10421405,0.0,-0.00453309156844961,0.00365630712979903,0.0,0.015726179463459777,-0.02399999999999991,10.974,10.889500000000002,10.701166666666667,10.95003870584695,10.907337492776964,0.042701213069985755,0.03791289441715395,0.004788318652831802,0.0038889993688511616,0.00043609459497557395,53.64802067765784,10.889500000000002,0.10257089974117281,11.094641799482348,10.684358200517655,0.037676991502336436,0.7205791316746901,0.2510062711565385,0.022860316134475273,16.526137359475822,32.158645730773884,18.569320521486347,50.0,52.083333333333314,367622185.0,349568824.3,0.16842846470676945,-0.9749114086822217,0.9680863693019295,7068715.25,0.9429138199745593,1.474299732189665,0.020036429872495504,0.008310758069699942,0.02605634899621534,3.0,7.0,0.0036264732547597323,1.0,1381.64,1381.96,-0.0018994792682309747,0.011928211061237315,0.029707396672354447,0.10581629013485543,0.0018994792682309747,-0.011928211061237315,-0.05370739667235436,-0.05215792063446123,1.0552990762262482,0.825051779766748,0.0,0.0,0.0,0.0,0.0,0.0,0.0,0.0
2025-07-04,11.03,11.12,10.98,11.07,7392407,0.008196721311475308,0.008196721311475308,0.0036264732547597323,0.01188299817184646,0.024051803885291267,0.01188299817184646,11.0,10.896,10.731333333333334,10.968494289562804,10.919386567386079,0.04910772217672488,0.04015185996906814,0.008955862207656734,0.004436108597716791,0.0008090209763014212,57.357216898067456,10.896,0.10980365251344312,11.115607305026886,10.676392694973115,0.04030971090801861,0.8961616850101993,0.24307725178821424,0.021958197993515286,17.259172269771696,30.835665258755366,17.805393811566777,58.6666666666666,52.88888888888889,375014592.0,351040798.9,0.13943059657298715,-0.7488642280609673,0.6685215419658161,7047747.2,0.09702463162322877,1.0489035418296502,0.012646793134597904,0.0159691629955947,0.03155867552960179,4.0,7.0,0.011690647482014427,1.0,1385.19,1386.97,0.0036252858259284704,0.011323863967800163,0.04292084307724697,0.09832092454592162,0.0045714354855468375,0.0005591342040462965,-0.031037844905400513,-0.029760499189775635,1.0675875543072253,0.7774349252776719,0.0,0.0,0.0,0.0,0.0,0.0,0.0,0.0
2025-07-07,11.12,11.25,11.07,11.25,11177479,0.016260162601625883,0.024590163934426146,0.024590163934426146,0.02833638025594154,0.02833638025594154,0.04553903345724919,11.062000000000001,10.9205,10.771166666666666,11.011802860399296,10.943876451283407,0.06792640911588954,0.045706769798432426,0.022219639317457116,0.006037903032523515,0.0019750790504406324,63.626418909616746,10.9205,0.1305645635813515,11.181629127162704,10.659370872837297,0.04782365773777828,1.1309139152345407,0.2385717338033418,0.021206376338074824,18.347643355371652,33.06607565466257,16.845822917674923,82.66666666666656,63.77777777777774,386192071.0,353497293.25,0.13454648079269177,-0.6395211660709561,1.2590786405774688,7180975.35,1.092384493342703,1.5565405053228598,0.015999999999999976,0.03017261114417824,0.04445510390394114,0.0,7.0,-0.007936507936507908,0.0,1393.34,1402.06,0.010879831575304477,0.018887120567994353,0.06980931960902503,0.08111580780308555,0.0053803310263214055,0.009449259687947187,-0.024270286151775844,-0.022686553301522694,1.0450785646536904,0.7489350892463986,0.0,0.0,0.0,0.0,0.0,0.0,0.0,0.0
2025-07-08,11.34,11.38,11.16,11.25,8776508,0.0,0.016260162601625883,0.024590163934426146,0.01994560290117864,0.024590163934426146,0.04553903345724919,11.106,10.945,10.800666666666666,11.04844857418402,10.966552269706858,0.08189630447716212,0.05294467673417837,0.02895162774298375,0.007279671509081077,0.0025734780215985555,63.62641890961675,10.945,0.1441307885587193,11.233261577117439,10.656738422882562,0.052674568682949036,1.0290333922577233,0.23724518138881742,0.02108846056789488,19.731913867866087,34.7898690142994,15.73001490475364,82.66666666666656,74.66666666666659,386192071.0,355953787.6,0.13454648079269177,-0.6395211660709561,1.2590786405774688,7331327.3,0.3949399074346069,1.197124018729869,0.01955555555555561,0.027866605756053042,0.041602370224060214,1.0,7.0,-0.0044091710758378255,0.0,1407.07,1415.46,0.009557365590630917,0.027303605643616224,0.07538955957545412,0.08399007641041288,-0.009557365590630917,-0.007358002742437586,-0.029850526118204934,-0.027757872347197954,1.039030461127465,0.6421773430170716,0.0,0.0,0.0,0.0,0.0,0.0,0.0,0.0
2025-07-09,11.34,11.42,11.2,11.29,14762237,0.003555555555555534,0.003555555555555534,0.019873532068653832,0.02823315118397063,0.02357207615593837,0.0492565055762082,11.168,10.9715,10.820500000000001,11.085610332001863,10.990511360839683,0.09509897116218013,0.06137553561977872,0.03372343554240141,0.008423292397004442,0.0029870182057042884,64.95429743238941,10.9715,0.156517192598706,11.284534385197412,10.658465614802589,0.057063188296479384,1.0087300550052032,0.23601338271818767,0.020904639744746472,21.128639198521547,33.684068771392724,14.682676208716957,83.54430379746823,82.9592123769338,400954308.0,359148393.8,0.13434501253089656,-0.7111087863168218,1.3577728600116694,7884617.35,1.7595258187896359,1.8722832503723217,0.01948627103631538,0.029029758920840143,0.04338986183632909,2.0,7.0,-0.0035149384885765356,0.0,1421.12,1431.32,0.011204838003193274,0.03375006319560314,0.08829075425790744,0.0863376448467772,-0.00764928244763774,-0.005516912011632513,-0.039034248681699246,-0.03586748167158349,0.7923607252510798,0.4694401019905829,0.0,0.0,0.0,0.0,0.0,0.0,0.0,0.0
2025-07-10,11.38,11.56,11.25,11.34,12611988,0.004428697962798989,0.008000000000000007,0.008000000000000007,0.032786885245901676,0.032786885245901676,0.04132231404958664,11.24,10.994,10.8375,11.124747204001576,11.016399408184892,0.10834779581668386,0.07076998765915975,0.03757780815752411,0.00955447934891392,0.0033137396964306974,66.59589544118953,10.994,0.175391291868188,11.344782583736375,10.643217416263624,0.06381345892966625,0.9931829800592814,0.24129814109546002,0.021278495687430336,22.799458244294478,34.73728234382691,13.335312319842954,76.3440860215053,80.85168549521337,413566296.0,362708976.7,0.1297282248454357,-0.7287344074895684,1.766639934740751,8250594.05,1.0917062084577822,1.5286157485835823,0.027336860670194047,0.03147171184282338,0.04636678200692046,3.0,7.0,-0.012345679012345734,0.0,1437.13,1445.64,0.010004750859346823,0.04607948131639117,0.0927066720081029,0.08857138860820327,-0.005576052896547834,-0.013292596070489493,-0.05138435795851626,-0.04702484140971297,0.7467268608150912,0.44414690932703965,0.0,0.0,0.0,0.0,0.0,0.0,0.0,0.0
2025-07-11,11.34,11.38,11.16,11.2,9159632,-0.012345679012345734,-0.00797165633303809,-0.004444444444444473,0.01174345076784089,0.02376599634369292,0.0496719775070289,11.266,11.0205,10.85,11.136324557232102,11.029999452023048,0.10632510520905392,0.07788101116913859,0.028444094039915324,0.0094933129650941,0.0025396512535638682,58.35369583475912,11.0205,0.1634971430622222,11.347494286124444,10.693505713875556,0.05934291295756892,0.7744696277837816,0.23977684530292723,0.021408646902047076,23.769537050186443,32.460700637202685,15.142418566596982,49.295774647887214,69.72805482228694,404406664.0,366337363.1,0.11387732655910666,0.013897241672048208,-0.15560690299295019,8182790.55,0.24630639991889527,1.1193775453534003,0.0196428571428572,0.016287827231069363,0.032258064516129004,4.0,7.0,0.019486271036315284,1.0,1451.12,1457.76,0.008383829999169867,0.05103931591887356,0.10814981489787079,0.08098358976295295,-0.0207295090115156,-0.03929586515103267,-0.05847783739084189,-0.052770696348698465,0.8081370057800523,0.46743029903941186,0.0,0.0,0.0,0.0,0.0,0.0,0.0,0.0
2025-07-14,11.29,11.6,11.07,11.51,14929082,0.02767857142857144,0.014991181657848296,0.019486271036315284,0.023111111111111082,0.05210237659963446,0.06475485661424596,11.318000000000001,11.0555,10.866833333333334,11.193813086888701,11.06555504816949,0.1282580387192116,0.0879564166791532,0.040301622040058396,0.01114318320757703,0.0035014441390146304,67.84393073497883,11.0555,0.1889994430513506,11.4334988861027,10.6775011138973,0.06838205166707981,1.1011922477947649,0.26050707063843237,0.022633107787874227,25.25707924113651,33.77567143367096,12.941907457729819,87.32394366197184,70.98793477712148,419335746.0,370509282.25,0.14056504962838193,0.982766230095715,2.070552579026197,8726323.3,1.508032483691248,1.7108100957020465,0.04604691572545607,0.04111075935054953,0.059186208800478424,0.0,7.0,-0.019742489270386354,0.0,1471.4,1470.42,0.008684557128745496,0.04875682923697999,0.09887826860273075,0.0689492560450137,0.018994014299825945,-0.02564571812586891,-0.034123411988484786,-0.031052950052305683,0.9560419714472355,0.5104682831604462,0.0,0.0,0.0,0.0,0.0,0.0,0.0,0.0
2025-07-15,11.65,11.65,11.38,11.42,13659348,-0.007819287576020795,0.019642857142857295,0.007054673721340388,0.015111111111111075,0.03535811423390767,0.04866850321395777,11.352,11.081999999999999,10.882166666666668,11.22861107352121,11.091810229786564,0.13680084373464574,0.09772530209025171,0.03907554164439403,0.011979058120371781,0.003421676150997726,63.33174033813523,11.081999999999999,0.20132717546070367,11.484654350921407,10.679345649078591,0.07266817378116,0.9197148239259605,0.26118513702140145,0.02287085262884426,26.759605139214734,32.649094725322634,11.986286734482155,69.7368421052631,68.78552013837408,405676398.0,373704327.45,0.1448203272205051,1.06912398339303,1.972303104046713,9115384.15,1.0827417635175576,1.4984939499231087,0.02364273204903674,0.030499909763580746,0.049423368508109355,1.0,7.0,0.04305799648506148,1.0,1473.8,1460.65,-0.0066443601147970766,0.03192601698387798,0.08381749512128156,0.07916416308473402,-0.0011749274612237182,-0.016814905872766905,-0.03514899190732379,-0.032430729403745695,0.9594927235596251,0.518089864489406,0.0,0.0,0.0,0.0,0.0,0.0,0.0,0.0
2025-07-16,11.38,12.04,11.38,11.87,28536834,0.03940455341506133,0.0312771503040834,0.05982142857142847,0.051372896368467647,0.08105646630236785,0.08999081726354441,11.468,11.131,10.905,11.327286292979485,11.14945391646904,0.1778323765104446,0.11374671697429029,0.0640856595361543,0.014981666091865594,0.005398960365303649,73.00076325482941,11.131,0.26219518643467354,11.655390372869347,10.606609627130654,0.09422161043380584,1.2046277336827875,0.2896719129484441,0.024403699490180633,28.939954801375475,36.952386213084665,10.035570155006308,85.21739130434781,80.75939235719427,434213232.0,378326214.35,0.1949606270000494,1.4963941466743267,2.6819984974131708,10134573.8,3.053395301996701,2.815790240730202,0.05560235888795269,0.06639115982391508,0.088491517652453,2.0,7.0,0.007500000000000062,1.0,1459.87,1475.47,0.010146167802005834,0.03084565296369801,0.09551316795735176,0.07995529243908846,0.029258385613055493,0.020527243404769635,-0.005522350693807354,-0.00504088025167615,1.0316037631105193,0.5259247487099713,0.0,0.0,0.0,0.0,0.0,0.0,0.0,0.0
2025-07-17,12.0,12.31,11.87,12.09,29686271,0.018534119629317614,0.0586690017513134,0.05039096437880097,0.06613756613756605,0.10109289617486339,0.11840888066604993,11.617999999999999,11.195,10.930833333333334,11.444626863290333,11.219123996730593,0.22550286655974006,0.13609794689138024,0.08940491966835981,0.018652015430913157,0.007394947863387909,76.29215264079188,11.195,0.32774348120706587,11.850486962414132,10.539513037585868,0.11710352164611562,1.1826985518550595,0.30040963345212673,0.024847777787603536,31.368498718322048,39.506268091641694,8.985658306912,84.50704225352108,79.82042522104403,463899503.0,384576864.7,0.1959417006421867,1.2614994747653945,1.879776703751683,11474437.45,2.5306624069616097,2.5871657002235002,0.03639371381306876,0.07994640464493075,0.10604558969276501,3.0,7.0,-0.029911075181891622,0.0,1481.85,1490.01,0.00985448704480607,0.030692288536565027,0.10204579746161357,0.08204135510533238,0.008679632584511543,0.035445277601001024,0.016363083204436357,0.014847915796354583,1.1239148402416868,0.5537599370562886,0.0,0.0,0.0,0.0,0.0,0.0,0.0,0.0
2025-07-18,12.37,12.37,11.9,12.0,13065928,-0.007444168734491274,0.010951979780960519,0.05078809106830118,0.0714285714285714,0.08401084010840099,0.11008325624421822,11.778,11.2545,10.958166666666667,11.53006888432259,11.276966663639438,0.2531022206831519,0.1594988016497346,0.09360341903341732,0.021091851723595994,0.007800284919451443,72.40356204114305,11.2545,0.3605474638438816,11.975594927687764,10.533405072312236,0.128143396452577,1.0169222326875134,0.31252323106268903,0.02604360258855742,33.704869645479114,36.633808256453435,8.020413627366084,74.12587412587418,81.28343589458105,450833575.0,390174218.65,0.20053293758083796,1.214775479209249,1.6512599198763902,11896028.75,0.16666527161701059,1.098343680448822,0.03916666666666657,0.06624017059842724,0.0950736893336781,4.0,7.0,-0.01565074135090616,0.0,1497.53,1497.28,0.004879161884819627,0.027110086708374448,0.10963056286360096,0.07792988110348077,-0.012323330619310902,0.04431848472019695,0.00045269338061726394,0.0004079676567749768,1.091768001932565,0.5310512178341152,0.0,0.0,0.0,0.0,0.0,0.0,0.0,0.0
2025-07-21,12.14,12.18,11.9,11.95,11553307,-0.004166666666666763,-0.011579818031430933,0.006739679865206405,0.038227628149435144,0.06222222222222218,0.09232175502742224,11.866,11.305,10.978666666666667,11.594673671349884,11.326820984851333,0.26785268649855176,0.18116957861949803,0.08668310787905373,0.022414450753016884,0.007253816558916631,70.26097390137424,11.305,0.38413950316881423,12.073279006337629,10.536720993662371,0.1359184442879485,0.9197693771919541,0.3102001431296398,0.025958170973191617,35.8743569349821,34.271861683066895,7.50330144640786,70.62937062937063,76.42076233625532,439280268.0,394777718.4,0.20157517768384256,1.3759057053753685,1.9614759500209291,12057505.25,-0.07233913032751156,0.9581838664345596,0.023430962343096183,0.05705440070765144,0.08847461743988339,0.0,7.0,0.028061224489795977,1.0,1508.6,1485.05,-0.008168144902756969,0.009949538227173038,0.09341177163557113,0.0910278594003091,0.004001478236090206,0.028278089922262106,-0.0010900166081488916,-0.000996894890310518,0.9965390044362291,0.5146140728609947,0.0,0.0,0.0,0.0,0.0,0.0,0.0,0.0
2025-07-22,11.76,12.09,11.72,12.09,13356549,0.011715481171548081,0.007500000000000062,0.0,0.0586690017513134,0.07466666666666666,0.10109289617486339,12.0,11.360499999999998,11.003833333333334,11.67087772191144,11.383352763751233,0.2875249581602066,0.20244065452763976,0.08508430363256686,0.023782047821357042,0.007037576809972445,72.69725703752839,11.360499999999998,0.4137565391438054,12.188013078287609,10.532986921712387,0.1456825101514213,0.940778532171099,0.3144715614775226,0.026010881842640412,36.757517068924315,31.39161286112122,10.96120632778619,80.41958041958046,75.05827505827511,452636817.0,399789380.25,0.20315130477699214,1.2496300249751255,1.5974515003943504,12465667.35,0.13133414715798516,1.0714668236353988,0.03060380479735312,0.0642137229875448,0.09870802599094253,1.0,7.0,0.004105090311987025,1.0,1485.26,1509.54,0.01649102723814022,0.03347139971930302,0.10445795561798987,0.10041372095044089,-0.00477554606659214,0.02519760203201038,-0.0033650594431264835,-0.003046797232986176,1.0318928273105898,0.5481898085016057,0.0,0.0,0.0,0.0,0.0,0.0,0.0,0.0
2025-07-23,12.18,12.65,12.14,12.23,21397982,0.011579818031431044,0.023430962343096384,0.019166666666666776,0.030328559393428822,0.08325952170062023,0.10879419764279241,12.072,11.4205,11.032,11.756896533925065,11.446067373843734,0.3108291600813313,0.2241183556383781,0.08671080444295323,0.02541530335906225,0.007090008539898056,74.9107276777592,11.4205,0.4488285922968913,12.318157184593783,10.522842815406218,0.157201030531725,0.9508959622299037,0.332009307086271,0.027147122410978823,38.481156053994916,39.657451881236554,9.640616080002808,74.8502994011976,75.29975015004958,474034799.0,405023609.0,0.20451718943457206,1.1419819023311326,1.3068167681625795,12688234.25,1.2429341802147096,1.6864428555139577,0.04170073589533931,0.07088130992513464,0.10859318346627989,2.0,7.0,-0.018744906275468654,0.0,1519.58,1512.31,0.0018349960915244878,0.024968315180925238,0.10650082312054132,0.0993983477332998,0.009744821939906556,0.005360244212503584,0.0022933745222510904,0.002072636978057929,1.0290197413525557,0.5455865097260784,0.0,0.0,0.0,0.0,0.0,0.0,0.0,0.0
2025-07-24,12.27,12.32,11.95,12.04,10951002,-0.015535568274734346,-0.0041356492969396585,0.007531380753138084,-0.0041356492969396585,0.061728395061728225,0.09653916211293256,12.062000000000001,11.4735,11.0585,11.800450913321209,11.490062383188642,0.31038853013256684,0.24137239053721585,0.069016139595351,0.025779778250213194,0.005732237507919518,66.97493955191678,11.4735,0.4565923553317792,12.386684710663559,10.56031528933644,0.1591815419294129,0.8101782111465469,0.3347229280086803,0.02780090764191697,39.139612237788995,36.52623584547334,12.933952311898132,61.392405063291065,72.22076162802307,463083797.0,409932679.8,0.214963265253895,0.929398717887048,0.9859539531268253,13013392.2,-0.30548924964549135,0.8415178634207305,0.03073089700996686,0.04937464592321428,0.08875525613781243,3.0,7.0,0.007413509060955503,1.0,1520.25,1521.02,0.0057594011809747325,0.020811940859457367,0.11375368866563651,0.09694672084965537,-0.02129496945570908,-0.024947590156397026,-0.017214526552703946,-0.015456313840206737,1.003260157230578,0.5244725307105816,0.0,0.0,0.0,0.0,0.0,0.0,0.0,0.0
2025-07-25,12.14,12.46,12.09,12.23,14989594,0.015780730897010153,0.0,0.011579818031431044,0.019166666666666776,0.09196428571428572,0.11791590493601478,12.108,11.538,11.088166666666668,11.866535388194869,11.54487257702652,0.3216628111683484,0.2574304746634424,0.064232336504906,0.026301129286046474,0.005252030785356174,70.35680093285346,11.538,0.46822846425318676,12.474456928506374,10.601543071493627,0.16232569396886354,0.8694777511570786,0.34081414743663185,0.02786706029735338,39.97920195139929,36.24518215071141,11.795447433871933,73.41772151898735,69.8868086611587,478073391.0,415826004.05,0.21601368440357566,0.7226154299937368,0.6232327577353751,13528098.15,0.2258833605260058,1.1080340956869832,0.03025347506132469,0.059975732362627765,0.1029776488448646,4.0,7.0,0.015422077922077948,1.0,1521.56,1531.13,0.006646855399666141,0.02260766189356711,0.11643965466954453,0.09693227328298867,0.009133875497344013,-0.003440995226900334,0.001476250266470247,0.001322283976832761,1.0159225027210566,0.5262301427419835,0.0,0.0,0.0,0.0,0.0,0.0,0.0,0.0
2025-07-28,12.32,12.55,12.18,12.51,19330132,0.02289452166802941,0.039036544850498345,0.02289452166802941,0.046861924686192546,0.08688097306689846,0.14351005484460688,12.22,11.616499999999998,11.118,11.965529943857197,11.616363497246779,0.3491664466104183,0.27577766905283757,0.07338877755758072,0.02791098693928204,0.005866409077344582,74.50086731592938,11.616499999999998,0.4936147549616482,12.603729509923294,10.629270490076703,0.16997021648918278,0.9525290173251725,0.3428988511911582,0.027409980111203693,40.90111759663559,35.326394463146706,10.886325621549911,91.13924050632907,75.31645569620251,497403523.0,422685834.9,0.22320246970406107,0.49425338798733087,0.019413999967158358,14263957.4,0.8124748191338285,1.355173144305661,0.029576338928856995,0.07691645504239664,0.12520237452779281,0.0,7.0,-0.0774703557312253,0.0,1541.82,1557.42,0.017170325184667545,0.048732365913605635,0.13178835379014164,0.10488836530289061,0.005724196483361865,-0.0018704412274130888,0.011721701054465239,0.010356795963849086,1.006779997594895,0.5357705064844849,0.0,0.0,0.0,0.0,0.0,0.0,0.0,0.0
2025-07-29,12.65,12.65,11.67,11.67,39396694,-0.06714628297362113,-0.04578904333605893,-0.030730897009966673,-0.0347394540942928,0.02189141856392296,0.05802357207615594,12.136,11.6485,11.133833333333333,11.920063798648398,11.620336571524795,0.29972722712360245,0.28056758066699056,0.01915964645661189,0.025683567020017346,0.0016417863287585166,51.32130385460142,11.6485,0.47394508898023274,12.596390177960465,10.700609822039535,0.16274888233857837,0.5113409762543696,0.3884060761060755,0.033282440111917354,39.59010766313916,28.959739138874887,18.303342312508896,37.97468354430377,67.51054852320675,458006829.0,426902412.5,0.3443684654582187,-1.598393969907199,5.230941113181297,15560373.55,2.842419115918783,2.5318604256772486,0.08397600685518428,0.0018457312100270684,0.04815651991677017,1.0,7.0,-0.011945392491467643,0.0,1562.6,1493.41,-0.04110002439932714,-0.010685374352451649,0.08387766358938631,0.19798227294679302,-0.02604625857429399,-0.02405407974184115,-0.02585409151323037,-0.02385332992988487,1.2243101708343698,0.6966831321612055,0.0,0.0,0.0,0.0,0.0,0.0,0.0,0.0
2025-07-30,11.72,11.86,11.39,11.58,15464018,-0.007712082262210762,-0.07434052757793763,-0.05314799672935411,-0.05314799672935411,-0.024431339511373107,0.05464480874316946,12.006,11.6785,11.1475,11.867746291164028,11.617348677337773,0.25039761382625514,0.2745335872988435,-0.024135973472588335,0.021623282713838957,-0.0020842809561820667,49.542730548867866,11.6785,0.44766381888299045,12.57382763776598,10.78317236223402,0.15332921826706863,0.44499220405740153,0.39423421352707005,0.034044405313218486,37.45356249597738,26.493642132098522,21.817828380426135,32.27848101265821,53.79746835443038,442542811.0,430648443.8,0.345480238333011,-1.5632664296167074,5.064995726404604,16030919.85,-0.07013560199205043,0.9646369730929695,0.04058721934369593,-0.008434302350473044,0.03879793675712029,2.0,7.0,0.015358361774743923,1.0,1500.23,1507.63,0.00952183258448791,-0.0030946036196281,0.08886385139283126,0.19890435453442193,-0.017233914846698672,-0.05005339310972601,-0.0342190426496618,-0.03142637401902004,1.2043184953189585,0.6854412829912013,0.0,0.0,0.0,0.0,0.0,0.0,0.0,0.0
2025-07-31,11.72,11.9,11.48,11.9,11275334,0.02763385146804831,0.019708654670094194,-0.048760991207034365,-0.011627906976744096,-0.01571546732837048,0.08378870673952643,11.978,11.724499999999999,11.166500000000001,11.872708400215716,11.63828581234979,0.23442258786592518,0.2665113874122598,-0.032088799546334645,0.01969937713159035,-0.0026965377770029114,55.45393027144044,11.724499999999999,0.4184240483177189,12.561348096635436,10.887651903364562,0.14275203149566076,0.6048577398368965,0.3960746268465651,0.03328358208794664,35.57219649334418,25.20829097920611,20.16527402059752,52.53164556962025,40.9282700421941,453818145.0,434958241.8,0.35617091411799334,-1.553692475156755,4.625846219059024,16073616.3,-0.5957673902308328,0.7014808484634537,0.035294117647058816,0.014968655379760554,0.0656875475753369,3.0,7.0,0.0,0.0,1521.96,1502.52,-0.003389425787494349,-0.012162890691772676,0.0872384150047758,0.19959353640416191,0.03102327725554266,0.0005349837150285808,-0.003449708265249374,-0.003172908736152613,1.2029082992365294,0.6623844011120358,0.0,0.0,0.0,0.0,0.0,0.0,0.0,0.0
2025-08-01,11.9,12.27,11.81,11.9,13254519,0.0,0.02763385146804831,0.019708654670094194,-0.02698282910874894,-0.008333333333333304,0.074977416440831,11.912,11.766,11.187666666666667,11.876907107874837,11.657672048472028,0.21923505940280918,0.2570561218103697,-0.0378210624075605,0.018423114235530183,-0.0031782405384504623,55.45393027144044,11.766,0.3903089194876833,12.546617838975367,10.985382161024633,0.1326904366777778,0.5858294502825402,0.40064072492895325,0.03366728780915573,34.69324145627215,29.737497852248598,18.511489849341093,40.94488188976376,41.91833615734743,453818145.0,438898419.45,0.3561621764048004,-1.4936271874664855,4.489113076892104,16366721.9,-0.39773574570711273,0.8098456783823033,0.03865546218487387,0.011388747237803809,0.06367130471054439,4.0,8.0,0.007500000000000062,1.0,1506.88,1495.21,-0.004865159864760549,-0.023459797665776327,0.07804062092186559,0.20221385331883251,0.004865159864760549,-0.003523031442972613,-0.003063204481034587,-0.002841455527357706,1.1835034588405702,0.658019776128913,0.0,0.0,0.0,0.0,0.0,0.0,0.0,0.0
2025-08-04,12.0,12.18,11.95,12.09,9699251,0.015966386554621792,0.015966386554621792,0.04404145077720201,-0.033573141486810565,0.011715481171548081,0.07466666666666666,11.828,11.808,11.211333333333334,11.909690629740247,11.689696341177804,0.21999428856244307,0.24964375516078438,-0.029649466598341306,0.01819638449647999,-0.002452395913841299,58.779302137074424,11.808,0.3768232867986657,12.561646573597331,11.054353426402669,0.12765016490469702,0.6870903483671054,0.3920235302911708,0.03242543674864937,33.877068921848114,28.220369641594438,17.56708277073579,55.90551181102357,49.79401309013588,463517396.0,442764685.7,0.3560280732327654,-1.4938179206048114,4.495761438890856,16292810.5,-0.8364106341076604,0.5953086485600505,0.019023986765922284,0.02388211382113825,0.07837307486472023,0.0,8.0,-0.0032599837000814036,0.0,1493.37,1528.19,0.02205710234682745,-0.018768219234374772,0.08996048671240886,0.21107120791260062,-0.006090715792205659,-0.014804922252435793,-0.015293820045742201,-0.014031536218227614,1.1693144617142086,0.6639605088765145,0.0,0.0,0.0,0.0,0.0,0.0,0.0,0.0
2025-08-05,12.27,12.55,11.9,12.23,31994045,0.011579818031431044,0.02773109243697469,0.02773109243697469,0.04798628963153395,0.011579818031431044,0.08711111111111114,11.940000000000001,11.857,11.235833333333336,11.958968994395594,11.729718834423892,0.22925015997170206,0.24556503612296793,-0.016314876151265867,0.018744902695969096,-0.001334004591272761,61.084521799130776,11.857,0.3639418692739176,12.584883738547834,11.129116261452165,0.12277704959902754,0.7562222373205886,0.41045042098465867,0.033560950203160966,33.86932266594221,31.46710938671338,15.579961999227997,66.66666666666667,54.505686789151355,495511441.0,448230654.2,0.3567392704996745,-1.568129140094038,4.626993571851443,17453687.35,1.7289446696254271,1.833082279888553,0.05314799672935407,0.03145821033988372,0.08848179188607852,1.0,8.0,-0.00808407437348424,0.0,1547.19,1547.15,0.012406834228728236,0.035984759710997016,0.09303689260028536,0.21223353291156122,-0.0008270161972971923,0.012001529920536935,-0.00592578148917422,-0.005421392021889626,1.1659397285201198,0.6651083260906494,0.0,0.0,0.0,0.0,0.0,0.0,0.0,0.0
2025-08-06,12.37,12.41,12.18,12.27,11123856,0.003270645952575535,0.014888337468982549,0.031092436974789806,0.059585492227979264,0.003270645952575535,0.08680248007085911,12.078,11.906,11.261000000000001,12.006819918334733,11.769739661503603,0.23708025683112943,0.24386808026460025,-0.006787823433470813,0.01932194432201544,-0.0005532048438036522,61.742825811996184,11.906,0.3492608736958744,12.604521747391749,11.207478252608253,0.11733945025898672,0.7605502272185227,0.39756110520004023,0.032401068068462935,33.86212971402958,30.166781845994393,14.936145199216948,69.84126984126978,64.13781610632003,506635297.0,453514703.65,0.3567499571741718,-1.5658798326168861,4.62110757114133,17271768.3,-0.7224337253189016,0.644048473021723,0.018744906275468657,0.03057282042667553,0.08960127874966695,2.0,8.0,0.037872683319903455,1.0,1558.56,1573.71,0.017167049090262676,0.04383038278622742,0.0994815974065899,0.21574158714563915,-0.013896403137687141,0.015755109441751847,-0.012679117335730794,-0.011531905004720233,1.1492044708300544,0.6623135788777471,0.0,0.0,0.0,0.0,0.0,0.0,0.0,0.0
2025-08-07,12.41,12.93,12.18,12.88,30124728,0.04971475142624304,0.053147996729354,0.06534325889164605,0.08235294117647052,0.06976744186046524,0.13580246913580263,12.274,11.983,11.292666666666667,12.141155315514006,11.851981168058892,0.28917414745511394,0.252929293702703,0.03624485375241093,0.02245140896390636,0.0028140414404045754,70.06051943379127,11.983,0.3857610386592197,12.75452207731844,11.211477922681562,0.12876943625443357,1.0813184265041915,0.42273531197146597,0.03282106459405792,34.71829787341702,35.13019052270976,13.043351734813042,96.75324675324683,77.75372775372777,536760025.0,459674390.1,0.39131516081857226,-1.1306761555497404,3.365358779612777,18147405.3,1.346150060222895,1.6600019397814407,0.05822981366459627,0.0748560460652592,0.14056319735521572,3.0,8.0,-0.021505376344086002,0.0,1587.84,1581.81,0.005147072840612221,0.05277134414184159,0.09419357516394111,0.21488720350971072,0.04456767858563082,0.029581597034628926,0.041608893971861516,0.0380269953290735,1.1676175287125543,0.6368354302972326,0.0,0.0,0.0,0.0,0.0,0.0,0.0,0.0
2025-08-08,13.02,13.11,12.51,12.74,17603006,-0.010869565217391353,0.03830480847595763,0.0417007358953394,0.07058823529411762,0.0417007358953394,0.13750000000000018,12.442,12.06,11.324833333333334,12.23328526697339,11.91776034079527,0.315524926178119,0.2654484201977862,0.05007650598033281,0.02476647772198736,0.003930651960779655,66.48767535482776,12.06,0.37478414840386615,12.809568296807733,11.310431703192268,0.12430651688353767,0.9535944242145709,0.4353970754020755,0.034175594615547526,35.759555923552085,34.625213983965,11.759464404796818,78.48837209302329,81.69429622917998,519157019.0,465411907.85,0.39039732941735594,-1.1428478618756697,3.440249982901681,18569574.0,-0.11180265684629483,0.9479488328596014,0.047095761381475636,0.056384742951907096,0.12496136808488711,4.0,8.0,0.05011565150346953,1.0,1589.58,1584.95,0.0019850677388562055,0.06001832518509098,0.08725030183294913,0.21459267626587467,-0.012854632956247558,0.010569910109026637,0.05024969816705105,0.04621723082747109,1.161107675505099,0.6270856892239773,0.0,0.0,0.0,0.0,0.0,0.0,0.0,0.0
2025-08-11,12.97,13.62,12.97,13.62,21401513,0.06907378335949765,0.05745341614906829,0.11002444987775051,0.12655086848635233,0.08872901678657064,0.18331885317115537,12.748000000000001,12.1655,11.3725,12.44662599513133,12.043852167403028,0.4027738277283017,0.2929135017038893,0.10986032602441242,0.029572234047599247,0.008066103232335715,75.08761403265298,12.1655,0.4908261027675409,13.147152205535082,11.183847794464917,0.16138296091982782,1.2408428320125737,0.4671544271590701,0.034299150305364914,37.31553366802556,37.76425117542586,10.177190340712851,100.0,91.74720628209006,540558532.0,471473047.15,0.44382269067095603,-0.40188263609233954,2.5018447715626095,18893195.55,0.2908878858139332,1.1327630068381946,0.047723935389133526,0.11955940980641966,0.19762585183556824,0.0,8.0,0.007194244604316502,1.0,1590.98,1596.86,0.007514432631944068,0.04493551194550416,0.08598903714584938,0.21431409545288696,0.061559350727553586,0.08161535654084817,0.09732981602530599,0.0896232030860129,1.2094069300767938,0.5855281845604714,0.0,0.0,0.0,0.0,0.0,0.0,0.0,0.0
2025-08-12,13.9,14.18,13.34,14.0,32854459,0.027900146842878115,0.09890109890109877,0.08695652173913038,0.14472608340147186,0.19965724078834612,0.22591943957968486,13.101999999999999,12.294500000000001,11.427166666666666,12.685606611264971,12.188752006854655,0.49685460441031637,0.33370172224517475,0.16315288216514162,0.035489614600736887,0.011653777297510116,77.74363032151363,12.294500000000001,0.6093177807144801,13.51313556142896,11.075864438571042,0.1982407680554653,1.1997580137905002,0.49378625379056507,0.03527044669932607,39.24957550513828,41.2761855724696,8.940559276653776,93.5483870967742,90.67891972993253,573412991.0,479859876.8,0.44416915393984885,-0.5831735886723148,2.639943154501217,19852951.1,1.4340021409985362,1.6548904409480965,0.05999999999999999,0.13872056610679562,0.225150591426863,1.0,8.0,-0.012738853503184822,0.0,1603.5,1608.22,0.007113961148754511,0.039472578612287146,0.10103036319446823,0.21059511977252537,0.020786185694123605,0.10525350478918472,0.12488907638521662,0.11342927548598247,1.2698908747084263,0.6017372159291752,0.0,0.0,0.0,0.0,0.0,0.0,0.0,0.0
2025-08-13,14.13,14.41,13.62,13.95,20598540,-0.0035714285714286698,0.02422907488986792,0.09497645211930927,0.13691931540342295,0.204663212435233,0.17523167649536653,13.437999999999999,12.3985,11.475833333333332,12.88012867107036,12.319214821161717,0.5609138499086423,0.3791441477778683,0.18176970213077404,0.040208878129651786,0.013030086174249035,76.58661430117841,12.3985,0.7033100312096265,13.805120062419252,10.991879937580748,0.22690165139641927,1.0514993143676505,0.5149443785198105,0.03691357552113337,41.2148598123453,39.94342212918147,7.9608360117757115,84.76821192052978,92.77219967243468,552814451.0,485789937.75,0.43327880245637873,-0.4421392965776259,2.977674861292231,19456036.4,0.1292822648155306,1.0587223202357907,0.05663082437275992,0.12513610517401297,0.21559799578825078,2.0,8.0,-0.023420865862313733,0.0,1615.57,1611.6,0.0021017025033887027,0.024076862954419687,0.09226212664439126,0.20987629626004212,-0.0056731310748173724,0.11284245244900326,0.08296954985097527,0.07596120732105893,1.260485363879136,0.6041865523772535,0.0,0.0,0.0,0.0,0.0,0.0,0.0,0.0
2025-08-14,14.09,14.13,13.58,13.76,21062081,-0.013620071684587787,-0.017142857142857126,0.010279001468428861,0.06832298136645965,0.15630252100840325,0.13813068651778337,13.613999999999999,12.482,11.524333333333333,13.015493490905689,12.425939649223812,0.5895538416818766,0.42122608655867,0.16832775512320663,0.04284548268036894,0.012233121738605133,72.18998559758553,12.482,0.7614846993659884,14.004969398731976,10.959030601268022,0.24402650195993864,0.9195750751998242,0.5174483514826812,0.03760525810193904,42.8930188281193,36.91083759226229,7.908593419365652,78.47682119205297,85.59780673645234,531752370.0,489182581.1,0.4383662235202736,-0.265360584697294,2.604355460951088,19024826.9,0.2392151089853674,1.1070839756234525,0.03997093023255819,0.10238743791059135,0.19399531426257477,3.0,8.0,-0.010101010101010055,0.0,1623.18,1640.69,0.018050384710846412,0.03722318103944233,0.10112683807491218,0.21460927661996826,-0.0316704563954342,0.031099800327017313,0.03700384844287119,0.033605436870074445,1.1451882355060028,0.555583934770719,0.0,0.0,0.0,0.0,0.0,0.0,0.0,0.0
2025-08-15,13.86,14.32,13.58,13.72,20304834,-0.0029069767441859407,-0.016487455197132572,-0.019999999999999907,0.07692307692307687,0.15294117647058836,0.1433333333333333,13.809999999999999,12.568,11.573666666666666,13.12387910768943,12.52179597150353,0.6020831361859003,0.4573974964841161,0.14468563970178416,0.0438836105091764,0.010545600561354531,71.26247496858778,12.568,0.8003196729729066,14.168639345945813,10.967360654054186,0.2547166368468831,0.8598562046215624,0.5333448978053469,0.0388735348254626,44.60075057005283,35.79737693876806,7.124812316580948,77.15231788079471,80.13245033112584,511447536.0,492213279.15,0.43669633732755786,-0.29030876783645293,2.706009929689511,19386772.2,0.10925536173842353,1.0473550620252299,0.053935860058309054,0.09166136218968823,0.18544972783041969,4.0,8.0,0.039744499645138376,1.0,1658.24,1630.0,-0.006515551383869056,0.02842360957758916,0.08864073519982907,0.21841318905240778,0.0036085746396831153,0.04849946734548771,0.054692598133504244,0.05023934560327192,1.1309502623517866,0.5549460601069995,0.0,0.0,0.0,0.0,0.0,0.0,0.0,0.0
2025-08-18,14.09,14.65,14.04,14.65,30857891,0.06778425655976683,0.06468023255813948,0.05017921146953408,0.07562408223201178,0.21174524400330852,0.2259414225941423,14.016,12.703,11.637666666666666,13.358666937275672,12.67944071435512,0.6792262229205512,0.5017632417714032,0.17746298114914805,0.04636356470447449,0.012113514071614201,78.25713182084313,12.703,0.9106972458969592,14.524394491793919,10.88160550820608,0.28676603822623303,1.0344805885742991,0.561677405104965,0.03833975461467338,46.42320472390928,35.76029915425988,6.282173642520851,100.0,85.20971302428258,542305427.0,497364537.1,0.48422056277662545,-0.14412090117408394,1.6931675051876933,20352001.4,1.2269018264225995,1.5162091626035366,0.04163822525597278,0.1532708808942771,0.25884341076389883,0.0,8.0,-0.026973684210526372,0.0,1638.37,1636.37,0.003907975460122559,0.024742306777050027,0.10189555907208514,0.21338448535981083,0.06387628109964427,0.05088177545496175,0.12404586352205715,0.11257497364497704,1.1580668328652481,0.5177601611909479,0.0,0.0,0.0,0.0,0.0,0.0,0.0,0.0
2025-08-19,15.2,15.62,14.74,14.79,25480373,0.009556313993174026,0.07798833819241979,0.07485465116279055,0.05642857142857127,0.20932134096484045,0.22332506203473934,14.174000000000001,12.838,11.698166666666667,13.578872023848644,12.835778439217703,0.743093584630941,0.5500293103433108,0.19306427428763018,0.05024297394394463,0.013053703467723474,79.08251623175914,12.838,1.009776421319458,14.857552842638915,10.818447157361083,0.3146211002709014,0.9832752970824359,0.5908433047403245,0.03994883737257097,48.62802512529567,43.29341922668563,5.545489508848147,79.95169082125604,85.70133623401694,567785800.0,503121986.25,0.4842197782120556,-0.13232918181054132,1.6907840963551808,20958192.6,0.5338873765823237,1.21577148785244,0.05949966193373895,0.15204860570182266,0.26430067389476974,1.0,8.0,-0.028493894165535938,0.0,1646.73,1654.2,0.010896068737510589,0.028590615711780787,0.09583051790611719,0.2102725876516298,-0.0013397547443365632,0.027837955716790486,0.12749454412862216,0.11634513005919489,1.1429264891720736,0.5208073646101498,0.0,0.0,0.0,0.0,0.0,0.0,0.0,0.0
2025-08-20,14.74,14.79,13.76,14.32,31045305,-0.03177822853279233,-0.022525597269624553,0.0437317784256559,0.026523297491039433,0.1670741646291769,0.1708912510220768,14.248,12.942499999999999,11.753833333333334,13.692891712487315,12.94572077705343,0.7471709354338856,0.5894576353614258,0.15771330007245976,0.05217674130124899,0.011013498608411994,69.53873026075334,12.942499999999999,1.050853663005813,15.044207326011625,10.840792673988373,0.3247760982826542,0.8277097583834518,0.6222116401160156,0.04345053352765472,48.052326147809055,38.1743271125376,16.13997214095874,65.87926509186353,81.94365197103987,536740495.0,506257271.05,0.5069445897350902,-0.025029050950974706,0.9911849349507594,21440558.75,1.0956589959279368,1.4479708930160227,0.07192737430167594,0.10643229669692889,0.21832593621938923,2.0,8.0,-0.04123711340206193,0.0,1662.11,1664.36,0.0061419417240962115,0.03273765202283441,0.10054155563343481,0.2100579307276458,-0.03792017025688854,-0.0062143545317949744,0.070349695388642,0.06392279785214572,1.116451561583397,0.5000026645034564,0.0,0.0,0.0,0.0,0.0,0.0,0.0,0.0
2025-08-21,14.55,14.55,13.9,13.95,18796923,-0.02583798882681576,-0.05679513184584173,-0.04778156996587035,0.01380813953488369,0.08307453416149047,0.15863787375415295,14.285999999999998,13.038,11.804833333333335,13.732446833643113,13.020111830605027,0.7123350030380866,0.614033108896758,0.09830189414132862,0.051063441077999046,0.007046730762819256,63.084406007066775,13.038,1.0513079572859407,15.140615914571882,10.935384085428119,0.3225365722613716,0.716872704539025,0.6241965229648717,0.044745270463431665,47.51774852585719,35.33486965342924,14.939459446908009,55.10752688172042,66.9794942649467,517943572.0,509000259.8,0.5146568006295078,-0.016299532965659263,0.7907110749894782,21832854.8,-0.35963918196315786,0.8609466408396578,0.04659498207885308,0.06994937873907037,0.18171935224272517,3.0,8.0,0.03387334315169355,1.0,1674.76,1688.0,0.014203657862481789,0.028835428996336843,0.10978159393038878,0.2126462904280121,-0.04004164668929755,-0.015027289461453153,0.04885627982376417,0.04402332863598457,1.0280977787731673,0.45797384847422584,0.0,0.0,0.0,0.0,0.0,0.0,0.0,0.0
2025-08-22,13.58,14.41,13.3,14.04,26695867,0.006451612903225712,-0.019553072625698387,-0.05070993914807298,0.023323615160349753,0.1020408163265305,0.1479967293540474,14.35,13.128499999999999,11.859499999999999,13.779762705390327,13.095659102412062,0.684103602978265,0.6280472077130594,0.05605639526520556,0.04872532784745477,0.003992620745385012,63.96065273383333,13.128499999999999,1.055986817102773,15.240473634205545,11.016526365794453,0.32173875678189373,0.7157934136196914,0.6588967713245237,0.046929969467558674,45.73397298783609,31.082989083377228,19.64615813992116,57.5268817204301,59.50455789800471,544639439.0,512328562.2,0.5138233675371302,0.030807760113416485,0.8191004082250357,22418168.45,0.5124554512065018,1.1908139177177073,0.07905982905982903,0.0694291046197204,0.18386103967283618,4.0,8.0,-0.07794015309672919,0.0,1680.42,1645.47,-0.025195497630331687,0.009490797546012342,0.07467687263654943,0.2384601481270845,0.0316471105335574,0.013832817614337412,0.07331985671749797,0.06822502520001139,0.8670309747215932,0.4136733961260151,0.0,0.0,0.0,0.0,0.0,0.0,0.0,0.0
2025-08-25,14.37,14.41,13.16,13.25,17671911,-0.05626780626780625,-0.05017921146953397,-0.07472067039106145,-0.09556313993174059,-0.027165932452276054,0.05915267785771383,14.069999999999999,13.1655,11.897333333333334,13.698260750714892,13.10709176149265,0.5911689892222416,0.6206715640148959,-0.02950257479265428,0.044616527488471065,-0.0022266094183135306,52.239180384319255,13.1655,1.0460928558966476,15.257685711793295,11.073314288206705,0.31782852330610994,0.5201941920173931,0.7011184305156292,0.052914598529481445,43.80439461044412,27.124646581378876,18.57056059509789,31.10465116279071,47.9130199216471,526967528.0,513806762.45,0.5572056144496136,0.04739626738663914,0.3138913192577455,22335257.4,-0.5559625958655747,0.7912114323786571,0.09433962264150944,0.006418290228248136,0.11369494564608318,0.0,8.0,0.05681818181818188,1.0,1659.7,1614.03,-0.019107002862404077,-0.013652169130453307,0.03634857649189027,0.24596390431927656,-0.037160803405402176,-0.08191097080128729,0.02280410136582356,0.022004277212419154,1.0085519428522467,0.4719154533890465,0.0,0.0,0.0,0.0,0.0,0.0,0.0,0.0
2025-08-26,13.2,14.0,13.2,13.95,11157568,0.05283018867924527,-0.0064102564102563875,0.0,-0.05679513184584173,-0.0035714285714286698,0.19537275064267345,13.902000000000001,13.279499999999999,11.946,13.736989865989525,13.169529408789492,0.567460457200033,0.6100293426519233,-0.042568885451890304,0.04067816897491276,-0.0030515330073039647,59.34813005869587,13.279499999999999,0.9976523759095688,15.274804751819136,11.284195248180861,0.30050901793277424,0.6680194465002651,0.7081813997645129,0.050765691739391605,42.01264326000872,24.935970339436302,17.07210992765404,51.45348837209301,46.695007085104635,538125096.0,517812675.8,0.5168526970790367,0.23821660153463636,-0.048354860992611486,20923301.1,-1.2658974278051387,0.5332604041147216,0.05734767025089611,0.05049135886140288,0.1677548970366649,1.0,8.0,-0.022792022792022637,0.0,1611.61,1667.63,0.03320880033208806,0.008118728086083937,0.11665918937197417,0.21286079759676002,0.01962138834715721,-0.06491385993192567,0.07871356127069928,0.070490228370367,1.087408669681233,0.5208231874962519,0.0,0.0,0.0,0.0,0.0,0.0,0.0,0.0
2025-08-27,14.04,14.04,13.62,13.72,9945524,-0.016487455197132572,0.035471698113207495,-0.022792022792022637,-0.04189944134078205,-0.016487455197132572,0.18480138169257354,13.782,13.386500000000002,11.989333333333331,13.734376040452675,13.210305008138418,0.5240710323142572,0.5928376805843901,-0.0687666482701329,0.03819759710745315,-0.005012146375374118,56.37876426870582,13.386500000000002,0.9173088500150349,15.22111770003007,11.551882299969932,0.27409968252046,0.5908908706142247,0.6875970140670477,0.05011640044220464,40.408307038850005,24.26353457399576,16.327250238982273,38.906752411575596,40.48829731548646,528179572.0,522094513.85,0.5216361388249905,0.2557879477935531,-0.1365444953725514,20647376.4,-1.3355727241032103,0.4816846366979584,0.030612244897959176,0.024913158779367173,0.14435053380782947,2.0,8.0,0.00363372093023262,1.0,1678.54,1672.78,0.0030882150117230722,0.0050590016582952035,0.109542792329683,0.21252046443343423,-0.019575670208855644,-0.046958442999077254,0.07525858936289054,0.06782846942286169,1.0949950492279121,0.5204395648198985,0.0,0.0,0.0,0.0,0.0,0.0,0.0,0.0
2025-08-28,13.76,14.0,13.67,13.81,8277570,0.006559766763848396,-0.01003584229390675,0.042264150943396306,-0.01003584229390675,0.00363372093023262,0.16050420168067236,13.754,13.482,12.032,13.746010495767647,13.254726859387423,0.4912836363802242,0.572526871743557,-0.08124323536333278,0.03557448489357163,-0.0058829279770697155,57.27948974998778,13.482,0.8514668457866131,15.184933691573226,11.779066308426772,0.25262330389752663,0.5963043956505975,0.6620543702051157,0.047940215076402296,38.91856626205977,23.399668707625693,15.745943581861683,31.69811320754718,40.68611799707195,536457142.0,526226463.7,0.5170060761845072,0.3596660809392925,0.028165951033996287,20497488.2,-1.4861090581956817,0.4038333828629793,0.023895727733526436,0.02432873460910856,0.14777260638297873,3.0,8.0,-0.003620564808110127,0.0,1679.33,1680.86,0.004830282523702989,-0.004229857819905258,0.11869392753507446,0.21005360549525362,0.001729484240145407,-0.005805984474001491,0.0418102741455979,0.03737418530350167,1.1084557904489,0.5258303767722039,0.0,0.0,0.0,0.0,0.0,0.0,0.0,0.0
2025-08-29,13.81,13.95,13.76,13.76,11109503,-0.003620564808110127,0.002915451895043608,-0.013620071684587787,-0.019943019943019946,0.002915451895043608,0.15630252100840325,13.697999999999999,13.575,12.079,13.74816272718801,13.2921544994328,0.4560082277552109,0.5492231429458878,-0.09321491519067693,0.0331401328310473,-0.006774339766764312,56.5804958082672,13.575,0.7669659980112458,15.108931996022491,12.041068003977507,0.2259936642390412,0.5603025429027193,0.6283362009047503,0.045663968089008015,37.53523554075455,22.894259450601567,15.405847072535504,24.390243902439018,31.665036507187285,525347639.0,529802938.4,0.5179050507107283,0.37452378605916137,0.014369193723861048,20390237.4,-1.1134092548436507,0.5448442204012789,0.013808139534883685,0.013627992633517438,0.13916714959847654,4.0,8.0,0.02679217958001434,1.0,1690.11,1682.21,0.0008031602869960075,0.022327967085391975,0.12506604423458922,0.2072142540760948,-0.004423725095106135,-0.04227098702841192,0.031236476773814026,0.027764127211807432,1.0794470979224395,0.5138803859854307,0.0,0.0,0.0,0.0,0.0,0.0,0.0,0.0
2025-09-03,13.81,14.41,13.81,14.18,13087067,0.03052325581395343,0.02679217958001434,0.03352769679300294,0.07018867924528305,-0.03208191126279869,0.17287014061207606,13.884,13.679499999999999,12.136,13.814599230697548,13.357920832808148,0.4566783978893998,0.5307141939345903,-0.0740357960451905,0.032205810852566984,-0.005221142175260261,60.89714457447598,13.679499999999999,0.692778349910987,15.065056699821973,12.293943300178025,0.20257417300661193,0.6806133231733889,0.6298836151258396,0.044420565241596585,36.98731648918571,26.423112197570894,14.270285749699754,41.46341463414634,32.5172572480442,538434706.0,533548803.9,0.5235019018611916,0.3073311943889081,-0.15665690890265377,20559628.2,-0.9181369547115239,0.6365420071166462,0.042313117066290526,0.036587594575825166,0.1684245220830587,2.0,9.0,0.009742519137091232,1.0,1682.11,1681.3,-0.0005409550531741969,0.04167828355111114,0.10019042134813083,0.19935162652152502,0.03106421086712763,0.02851039569417191,0.07267971926394523,0.06606103621124637,1.0562312686220716,0.48948783484156416,0.0,0.0,0.0,0.0,0.0,0.0,0.0,0.0
2025-09-04,14.37,14.69,14.23,14.51,15714723,0.023272214386459877,0.05450581395348841,0.05068790731354089,0.04014336917562722,-0.01893171061528054,0.18642681929681104,13.996,13.7935,12.198500000000001,13.921583964436387,13.443260030377914,0.47832393405847284,0.5202361419593668,-0.041912207900894005,0.0329651229537197,-0.0028885050241829087,63.93132481967777,13.7935,0.6260845327153467,15.045669065430694,12.541330934569306,0.18155929465772924,0.7861035381646143,0.6213204997597082,0.042820158494811036,36.8668637513504,28.092852324199345,13.43360625185587,54.878048780487816,40.24390243902442,554149429.0,536480703.3,0.5260490732882763,0.24919450411382613,-0.24314678035018994,19745662.1,-0.5208383009275979,0.7958569796451647,0.031702274293590564,0.05194475658824804,0.1894905111284173,3.0,9.0,-0.025938566552901055,0.0,1687.59,1696.29,0.008915719978588088,0.017186066453589666,0.09639660020036822,0.1979792623389485,0.01435649440787179,0.022957302722037554,0.09003021909644282,0.08211464636062327,1.0652517213404586,0.492103114458255,0.0,0.0,0.0,0.0,0.0,0.0,0.0,0.0
2025-09-05,14.65,15.06,13.95,14.27,21668432,-0.016540317022742945,0.006346967559943462,0.0370639534883721,0.04008746355685133,-0.0034916201117318746,0.16299918500407506,14.106,13.8935,12.257000000000001,13.975186431446174,13.504500028127698,0.4706864033184761,0.5103261942311887,-0.039639790912712636,0.03298433099638936,-0.00277784098897776,60.26858647409168,13.8935,0.5208118662243924,14.935123732448783,12.851876267551216,0.14994403605265538,0.6807274490160066,0.6562261783483005,0.04598641754367909,37.21415245701575,28.726010972419843,11.810548375999357,45.12195121951219,47.15447154471548,532480997.0,537772988.3,0.5336062120494345,0.31136760786055073,-0.3633668544269422,20272890.9,0.1866757925671759,1.0688377946136929,0.07778556412053267,0.027099003130960586,0.16423268336460772,4.0,9.0,-0.03244005641748937,0.0,1705.13,1666.97,-0.01728478031468672,-0.0034732600820190918,0.05926123618709922,0.2067480229260354,0.0007444632919437755,0.043560723638870424,0.10373794881697584,0.09793424442717202,1.0619075018232167,0.5023734584954128,0.0,0.0,0.0,0.0,0.0,0.0,0.0,0.0
2025-09-08,14.18,14.27,13.72,13.72,15371200,-0.03854239663629988,-0.05444521019986215,-0.03244005641748937,-0.00651701665459814,-0.016487455197132572,0.0652173913043479,14.088,13.9355,12.304166666666667,13.935926980454456,13.520462989007127,0.4154639914473286,0.49135375367441675,-0.07588976222708815,0.03028163202968867,-0.005531323777484559,52.80265375389249,13.9355,0.46573625922621775,14.866972518452435,13.004027481547563,0.13368340116284827,0.3843229425823351,0.6486385941805647,0.04727686546505573,36.905314612257605,26.986179470323595,13.628003156483555,22.764227642276452,40.92140921409217,517109797.0,536790476.9,0.5342982866173737,0.48364738058096796,-0.11053478698553355,19535214.5,-0.5804092296285863,0.7868457241664789,0.040087463556851236,-0.015464102472103503,0.11506942092786998,0.0,9.0,-0.0029069767441859407,0.0,1660.91,1624.53,-0.025459366395316096,-0.03351260664183808,0.027007036243291038,0.2297277507509072,-0.013083030240983784,0.026995589987239943,0.038210355061056855,0.037205543596689816,1.1036826902888688,0.5369700737579752,0.0,0.0,0.0,0.0,0.0,0.0,0.0,0.0
2025-09-09,13.76,13.86,13.39,13.72,9256036,0.0,-0.03854239663629988,-0.05444521019986215,-0.0029069767441859407,-0.022792022792022637,0.07692307692307687,14.079999999999998,13.9845,12.354999999999999,13.902707444999924,13.535243508339933,0.3674639366599912,0.4665757902715317,-0.09911185361154046,0.026783085762390028,-0.0072238960358265636,52.80265375389249,13.9845,0.37630439806111443,14.737108796122229,13.231891203877773,0.10763470930276063,0.3242778975193883,0.6358786945962386,0.04634684362946345,35.784273314170825,25.56143509029844,16.61541465296398,22.764227642276452,30.21680216802172,517109797.0,536688115.8,0.5317553919238612,0.44126134073372364,-0.08459230157209544,19117866.0,-1.310243013467934,0.4841563383695649,0.03425655976676376,-0.018913797418570577,0.11048158640226635,1.0,9.0,-0.013081395348837233,0.0,1629.58,1637.32,0.007873046358023439,-0.02668513443624765,0.03304205179974118,0.2308633780674886,-0.007873046358023439,0.023778157692061708,0.04388102512333569,0.04247748196395995,1.0826162229463203,0.5290061847166553,0.0,0.0,0.0,0.0,0.0,0.0,0.0,0.0
2025-09-10,13.76,13.9,13.58,13.58,5608826,-0.010204081632653073,-0.010204081632653073,-0.048353188507358036,-0.042313117066290484,0.02490566037735853,-0.002936857562408135,13.960000000000003,13.982499999999998,12.401166666666667,13.853060145769167,13.538558804018457,0.31450134175070943,0.4361609005673672,-0.1216595588166578,0.023159156240847526,-0.008958730398870235,50.93977412326762,13.982499999999998,0.37844383578312235,14.739387671566243,13.225612328433753,0.10826213789611946,0.23410849778600865,0.6133159306965072,0.04516317604539818,34.80714053825535,25.07465972243999,15.99618908365231,22.10526315789473,22.544572814149234,511500971.0,535235237.75,0.4749842924072892,0.46191483353330814,0.4561910133020817,18328231.65,-1.5737111468822362,0.30602112124657704,0.023564064801178224,-0.028785982478097494,0.09505826064751965,2.0,9.0,-0.003681885125184192,0.0,1646.41,1643.26,0.0036278797058608703,-0.02262534943198713,0.029057024410405585,0.2299817323592325,-0.013831961338513943,-0.019687767634303355,-0.03199388197281372,-0.031090484991484812,1.0926488305116013,0.5267776049507961,0.0,0.0,0.0,0.0,0.0,0.0,0.0,0.0
2025-09-11,13.58,13.67,13.2,13.53,9375863,-0.003681885125184192,-0.01384839650145786,-0.01384839650145786,-0.06753962784286704,-0.03010752688172047,-0.033571428571428585,13.764,13.959,12.445166666666667,13.803358584881602,13.53792481853561,0.2654337663459927,0.4020154737230923,-0.13658170737709963,0.01961816454885386,-0.010094730774360653,50.257813519245424,13.959,0.39166177675203123,14.742323553504063,13.175676446495936,0.1122320443447329,0.22616679398893183,0.6030790785038996,0.044573472173237226,32.99293434681699,23.678835894637736,19.60644663138573,19.473684210526272,21.44772500356584,502125108.0,531670843.6,0.4637181737085929,0.6271773958955134,0.9445389114684881,17154301.85,-1.0303943643774562,0.5465604535809191,0.03473762010347381,-0.030732860520094607,0.0871690482248797,3.0,9.0,0.02696793002915454,1.0,1638.75,1657.75,0.008817837712839172,-0.022720171668759503,0.030798025145813313,0.230608811968867,-0.012499722838023364,-0.04481945617410754,-0.0643694537172419,-0.062446233061162926,1.083908805537853,0.522689913311171,0.0,0.0,0.0,0.0,0.0,0.0,0.0,0.0
2025-09-12,13.72,14.27,13.67,14.09,13115331,0.041389504804139055,0.03755522827687785,0.02696793002915454,-0.01261387526278901,0.02696793002915454,0.01003584229390686,13.728,13.966,12.4985,13.847457264130586,13.57881927642186,0.2686379877087255,0.375339976520219,-0.10670198881149351,0.01906586144135738,-0.00757288777938208,57.17325684882037,13.966,0.39274204739193735,14.751484094783875,13.180515905216124,0.11248519186365105,0.5789322157020372,0.6128591443250497,0.04349603579311921,32.280500941298584,28.62959611782424,17.91545326021324,48.94736842105261,30.17543859649123,515240439.0,529792143.0,0.48764855508347543,0.4519200604252251,0.18906816209489846,16780141.4,-0.4851005539288365,0.7815983600710302,0.04258339247693397,0.008878705427466826,0.12733528023362806,4.0,9.0,0.019553072625698276,1.0,1662.02,1667.26,0.005736691298446672,0.00017396833776239795,0.03453710598163329,0.23107040653984978,0.03565281350569238,-0.012787843600551407,-0.024501263687726427,-0.023683310676883007,1.0935548091597789,0.5167113885796968,0.0,0.0,0.0,0.0,0.0,0.0,0.0,0.0
2025-09-15,14.32,14.65,14.23,14.6,15844106,0.03619588360539394,0.07908351810790837,0.07511045655375548,0.06413994169096204,0.05720492396813892,0.06104651162790686,13.904000000000002,14.008000000000001,12.561666666666667,13.963233069648957,13.654462292983204,0.30877077666575303,0.3620261365493258,-0.05325535988357277,0.021148683333270756,-0.0036476273892858064,62.31208505246375,14.008000000000001,0.4138980296492203,14.835796059298442,13.18020394070156,0.11818904330360379,0.8575759955306625,0.6090834911589748,0.041718047339655805,32.13004247163548,31.20576489000198,16.738901702322654,75.78947368421048,48.07017543859647,531084545.0,529758751.75,0.4998242003137943,0.24327965846402524,-0.19763879507395782,16519242.65,-0.09015164976831329,0.9591302903950019,0.02876712328767123,0.04226156482010279,0.16226615364203245,0.0,9.0,-0.041244083840432655,0.0,1672.59,1684.9,0.010580233436896513,0.03716151748505725,0.026945980044981166,0.22555827011191878,0.025615650168497428,0.026978424205904794,0.0341005315829257,0.03320576957848553,1.1143214284191514,0.5220752176545003,0.0,0.0,0.0,0.0,0.0,0.0,0.0,0.0
2025-09-16,14.79,14.83,14.13,14.18,13185570,-0.02876712328767128,0.0063875088715401596,0.04804138950480419,0.03352769679300294,0.03052325581395343,0.03352769679300294,13.995999999999999,14.031,12.617833333333332,13.996581828164503,13.693391012021486,0.303190816143017,0.3502590724680641,-0.047068256325047075,0.021381580828139422,-0.003319341066646479,56.31878370595472,14.031,0.40981253737485,14.8506250747497,13.2113749252503,0.11683060006410093,0.590895218185889,0.6155775275047622,0.04341167330781116,32.2161092413393,30.759722033468872,15.379292152395315,52.68817204301074,59.14167138275797,517898975.0,530081323.7,0.5124458197109577,0.30172654193157006,-0.3969621496819545,16163279.45,-0.39869385510261096,0.8157731876621115,0.04936530324400559,0.010619342883614769,0.1238062530545394,1.0,9.0,-0.026185421089879757,0.0,1696.87,1680.9,-0.002374028132233419,0.026616666259497324,0.031226993865030694,0.22409853082416253,-0.026393095155437862,0.006911030533505613,0.0023007029279722424,0.0022310344295286555,1.1359625173660766,0.5243472068797018,0.0,0.0,0.0,0.0,0.0,0.0,0.0,0.0
2025-09-17,14.13,14.23,13.76,13.76,10639707,-0.02961918194640334,-0.05753424657534245,-0.023420865862313733,0.013254786450662692,-0.02961918194640334,-0.06075085324232088,14.032,13.986500000000001,12.664833333333332,13.960184623831502,13.698325011131006,0.26185961270049596,0.3325791805145505,-0.07071956781405453,0.01903049510904767,-0.005139503474858614,51.032776929861484,13.986500000000001,0.38673090059345133,14.759961801186904,13.213038198813098,0.11060119417822939,0.35358035803938237,0.6051791326829936,0.0439810416194036,31.428571069868664,29.05337137569673,18.893214262458905,30.10752688172044,52.861724202980575,507259268.0,528329015.75,0.46101869846107446,0.22708341944387972,-0.5691317857904903,15152370.25,-0.6731110489784485,0.7021810333601107,0.03415697674418609,-0.016194187251993064,0.08647304215083773,2.0,9.0,0.016594516594516717,1.0,1678.09,1670.97,-0.005907549527039091,0.01686282146464957,0.021144362216369172,0.22548145492538008,-0.023711632419364248,-0.0036080350139868766,-0.08189521545869005,-0.08019944925410782,1.1619768221279971,0.5313255833336248,0.0,0.0,0.0,0.0,0.0,0.0,0.0,0.0
2025-09-18,13.86,14.27,13.67,14.09,9169072,0.023982558139534982,-0.006346967559943573,-0.03493150684931501,0.041389504804139055,-0.0289455547898001,-0.047329276538201404,14.144,13.9515,12.716666666666667,13.980156220165117,13.72733797326945,0.2528182468956679,0.31662699379077397,-0.06380874689510607,0.017943097721481043,-0.004528654854159409,54.63556939338985,13.9515,0.33890341738602486,14.629306834772049,13.27369316522795,0.09716615916167426,0.6021677511164216,0.6048091946342083,0.042924712181278094,30.495561397387497,26.99463202686304,18.617338761061177,47.8494623655914,43.54838709677421,516428340.0,525761142.75,0.46889398402458565,0.17345431115989815,-0.7433894329184222,14336805.2,-0.8118695351129677,0.6395477843278502,0.04258339247693397,0.009927247966168506,0.10799475753604182,3.0,9.0,-0.0035486160397445454,0.0,1675.85,1665.18,-0.0034650532325535277,0.0044819785854322,0.0066376496191513645,0.22299107000123514,0.02744761137208851,0.036907526218706854,-0.05396692615735277,-0.0536110746282642,1.1397794863887931,0.5198534984728651,0.0,0.0,0.0,0.0,0.0,0.0,0.0,0.0
2025-09-19,14.09,14.18,13.95,14.04,5475459,-0.0035486160397445454,0.02034883720930236,-0.009873060648801224,-0.0035486160397445454,-0.016117729502452716,-0.019553072625698387,14.134,13.9375,12.766833333333333,13.98936295552433,13.750498123397637,0.2388648321266924,0.3010745614579577,-0.062209729331265284,0.01701316468138835,-0.004430892402511773,53.98743183869485,13.9375,0.3285033845858316,14.594506769171662,13.280493230828338,0.09427899826678562,0.5780052845796616,0.5780371093031935,0.04117073428085424,29.629195272940702,26.22740924254055,18.088209619136872,45.161290322580605,41.0394265232975,510952881.0,524471762.05,0.4556415318941138,0.09022204113753005,-0.5291087955071231,13058312.9,-1.4270492047059327,0.41930830130437446,0.016381766381766413,0.007354260089686093,0.09972454667693631,4.0,9.0,-0.013484740951029028,0.0,1671.24,1658.62,-0.003939514046529591,-0.005182155152765655,-0.0034487731019731127,0.22243356432918007,0.0003908980067850454,0.0016335391130211097,-0.016104299523725274,-0.01616003180674741,1.141117032770566,0.5213754490514606,0.0,0.0,0.0,0.0,0.0,0.0,0.0,0.0
2025-09-22,14.09,14.37,13.76,13.9,10265290,-0.009971509971509862,-0.013484740951029028,0.010174418604651292,-0.047945205479452024,0.013119533527696792,-0.0035842293906809264,13.994,13.934999999999999,12.815499999999998,13.975614808520586,13.761572336479293,0.21404247204129234,0.2836681435746246,-0.06962567153333227,0.015398738995776427,-0.005009041117505919,52.12292820797626,13.934999999999999,0.32859349386538755,14.592186987730773,13.277813012269224,0.09432177793050231,0.4733713534706072,0.580320172924394,0.041749652728373665,28.824712443097248,24.258210614365574,16.73011598362934,37.63440860215057,43.54838709677421,500687591.0,523608963.0,0.4473893231183708,0.04131568706698311,-0.3586768259318337,12631731.25,-0.4577952628307437,0.8126589932001601,0.043884892086330896,-0.0025116612845351716,0.08462408801841548,0.0,9.0,-0.0035714285714286698,0.0,1656.66,1634.45,-0.014572355331540554,-0.02994242981779338,-0.03172393364928905,0.22137673287445267,0.004600845360030692,-0.018002775661658643,0.028139704258608123,0.029061654249766367,1.126509431454231,0.5232366045627264,0.0,0.0,0.0,0.0,0.0,0.0,0.0,0.0
2025-09-23,14.0,14.13,13.81,13.95,4580308,0.003597122302158251,-0.0064102564102563875,-0.009936124911284594,-0.016220028208744797,0.016763848396501357,-0.0064102564102563875,13.947999999999999,13.930499999999999,12.865666666666668,13.971674068748188,13.775529941184532,0.19614412756365596,0.2661633403724309,-0.07001921280877493,0.014060510936462793,-0.005019298409231179,52.75054423764213,13.930499999999999,0.32769489982078925,14.585889799641578,13.27511020035842,0.09409422485073461,0.514876642885398,0.5617258748583659,0.04026708780346709,28.07769267252833,23.271121697354197,16.049352165956165,40.32258064516127,41.0394265232975,505267899.0,521640386.0,0.4469746437013433,0.0577894897216466,-0.3457820890196057,11525953.3,-1.6176738300452924,0.39739081712225915,0.022939068100358444,0.0013998061806828055,0.08428116174832234,1.0,9.0,0.02285714285714291,1.0,1635.12,1635.26,0.0004955795527548101,-0.027152120887619757,-0.006204914097491909,0.20294883446596967,0.003101542749403441,0.01093209267887496,-0.00020534231276447823,-0.00020662439941332433,1.1271719901619606,0.5241226344910286,0.0,0.0,0.0,0.0,0.0,0.0,0.0,0.0
2025-09-24,14.0,14.32,13.76,14.32,9220182,0.026523297491039433,0.030215827338129442,0.019943019943019946,0.04069767441860472,0.05449189985272462,0.08075471698113201,14.059999999999999,13.983999999999998,12.921999999999999,14.025262673556158,13.815861056652345,0.2094016169038131,0.25481099567870735,-0.04540937877489426,0.014623017940210412,-0.003171046003833398,57.2197110325379,13.983999999999998,0.2966195507630514,14.577239101526102,13.390760898473895,0.08484540925716585,0.7831910431524527,0.5616025980827684,0.039218058525332986,27.745925115635632,24.030195801897168,14.906241203097633,60.21505376344088,46.05734767025093,514488081.0,521016413.65,0.40306137079509635,0.23486460137576096,-0.7826525510993796,11103366.85,-0.46306384785808685,0.8303951517192283,0.03910614525139668,0.02402745995423361,0.10818758706082665,2.0,9.0,0.05154639175257736,1.0,1635.36,1657.46,0.0135758228049363,-0.008085124209291639,0.026907802209376497,0.19566500682732607,0.012947474686103133,0.04878279862789636,0.053846914771755516,0.052435977851083226,1.1397082431662955,0.530278003876993,0.0,0.0,0.0,0.0,0.0,0.0,0.0,0.0
2025-09-25,14.55,15.3,14.37,15.3,43651847,0.06843575418994408,0.09677419354838723,0.1007194244604317,0.08587650816181691,0.13082039911308208,0.09677419354838723,14.301999999999998,14.051499999999999,12.993166666666667,14.221376108393672,13.925797274678096,0.2955788337155756,0.26296456328608103,0.03261427042949455,0.019318878020625853,0.0021316516620584675,66.30937545081576,14.051499999999999,0.41746446429307943,14.886428928586158,13.21657107141384,0.11883840566290557,1.247668428565633,0.591488126791142,0.0386593546922315,28.839931101273606,33.020885645017174,13.142153579094863,100.0,66.84587813620074,558139928.0,522017155.25,0.43088295325063214,0.5352633487706693,0.01063051593888048,12728080.8,3.7088853916227613,3.4295702302581232,0.06078431372549029,0.08885172401522978,0.17754204132941664,3.0,9.0,-0.0057952350289761645,0.0,1661.08,1666.09,0.005206762154139399,0.0005464874668204001,-0.0009234662365154023,0.1566451545707944,0.06322899203580468,0.08533002069499651,0.09769765978490264,0.09778796366768727,1.1550425532832704,0.5122913044408852,0.0,0.0,0.0,0.0,0.0,0.0,0.0,0.0
2025-09-26,15.53,16.13,15.44,15.44,26792491,0.009150326797385588,0.07821229050279332,0.10681003584229387,0.09971509971509973,0.0958126330731015,0.12536443148688048,14.581999999999999,14.1375,13.067499999999999,14.408856707102338,14.037960439516755,0.37089626758558225,0.2845509041459813,0.08634536343960098,0.024021778988703515,0.00559231628494825,67.3758012274281,14.1375,0.5120328422856182,15.161565684571237,13.113434315428762,0.14487224538585144,1.1359455353419736,0.6085246891632032,0.0394122208007256,30.626545011463556,39.546347483254465,11.86177502410047,76.4505119453925,78.88852190294449,584932419.0,524854797.6,0.4234927119582529,0.4341513935614095,0.11266033102536124,13570429.15,1.4897246042245764,1.9743289400689292,0.04468911917098443,0.09213085764809903,0.18155729864166825,4.0,9.0,0.0,0.0,1666.68,1660.7,-0.003235119351295501,0.0012540545754906596,-0.007221511495833277,0.1566000409917327,0.01238544614868109,0.09846104513960907,0.13258594298271376,0.13355037857687968,1.1496309568453849,0.5116102112106624,0.0,0.0,0.0,0.0,0.0,0.0,0.0,0.0
2025-09-29,15.58,16.13,15.16,15.58,22330728,0.0090673575129534,0.018300653594771177,0.08798882681564235,0.12086330935251799,0.06712328767123288,0.12816799420709635,14.918000000000001,14.226000000000003,13.144166666666667,14.589032598317363,14.152185592145145,0.4368470061722185,0.31501012455122873,0.12183688162098977,0.02803896060155446,0.007820082260654029,68.45124684800672,14.226000000000003,0.5981673766818609,15.422334753363725,13.02966524663628,0.16818989924978514,1.0658951209905798,0.6343443542229744,0.04071529873061453,31.577655699466508,35.226931830655744,13.71904456061569,81.22866894197956,85.8930602957907,607263147.0,528395097.85,0.4236100389916792,0.4181971600661986,0.09873431848056566,14273087.05,0.8962922229611494,1.5645338616497824,0.06225930680359428,0.09517784338535051,0.1853166804032207,0.0,9.0,-0.03254626675175498,0.0,1659.24,1666.48,0.0034804600469682256,0.019596806265104405,-0.008555144390371527,0.15608417964752877,0.0055868974659851744,0.10126650308741358,0.13672313859746787,0.1379029179725768,1.1495373697594413,0.5109827069494138,0.0,0.0,0.0,0.0,0.0,0.0,0.0,0.0
2025-09-30,15.67,15.67,14.65,15.16,22949036,-0.02695763799743256,-0.01813471502590669,-0.0091503267973857,0.08673835125448037,0.06911142454160801,0.10174418604651159,15.16,14.295999999999998,13.212333333333333,14.676873737037768,14.226838511245504,0.4500352257922646,0.3420151447994359,0.10802008099282873,0.02968570090977999,0.007125335157838307,61.86278539537199,14.295999999999998,0.6221981407204097,15.540396281440817,13.051603718559178,0.1740901345048712,0.8471562929293005,0.6618911860641905,0.043660368473891195,31.307456056744364,31.349355487531554,17.71264170935383,66.89419795221846,74.85779294653021,584314111.0,531343421.45,0.4387479541736017,0.41732817135113603,-0.1538575052323028,14865063.7,0.8826347504931429,1.5438235895349712,0.06728232189973612,0.06043648573027438,0.14741277089588012,1.0,9.0,-0.009234828496042291,0.0,1667.86,1661.7,-0.0028683212519802215,0.016168682655969047,-0.012192294660000824,0.1562580180689167,-0.024089316745452338,0.07056966859851133,0.11393648070651241,0.11534277379148006,1.167570119968234,0.5137556592907513,0.0,0.0,0.0,0.0,0.0,0.0,0.0,0.0
2025-10-01,15.16,15.25,14.88,15.02,8682834,-0.009234828496042291,-0.03594351732991019,-0.02720207253886009,0.0488826815642458,0.09156976744186052,0.05923836389280668,15.3,14.338,13.275166666666667,14.729662392878112,14.285591214116208,0.44407117876190405,0.36242635159192954,0.08164482716997451,0.029565324817703333,0.005435740823566878,59.79672288102825,14.338,0.6419919658458917,15.621983931691783,13.054016068308215,0.17910223625216687,0.7655796475199629,0.641041815631034,0.042679215421506926,31.056556388502376,30.05689895733419,16.98239322136161,54.878048780487816,67.66697189156197,575631277.0,533203250.0,0.4309592872716489,0.6287130407358903,0.23211061434039057,14644852.05,-0.6441012010694088,0.5928932549373211,0.024633821571238296,0.047565908773887555,0.13143588906605053,2.0,10.0,-0.045816733067729154,0.0,1664.95,1665.05,0.0020160077029547363,0.004579296031276714,-0.00966514007018382,0.15652700774088107,-0.011250836198997027,0.044303385532969086,0.0689035039629905,0.06957596541423738,1.1676107381535183,0.5113981183521663,0.0,0.0,0.0,0.0,0.0,0.0,0.0,0.0
2025-10-02,15.06,15.06,14.37,14.37,14078239,-0.043275632490013316,-0.0521108179419526,-0.0776636713735559,-0.06078431372549031,0.019872249822569188,-0.009648518263266737,15.113999999999999,14.330999999999998,13.327166666666667,14.67432971705071,14.291843716774267,0.38248600027644386,0.36643828132883244,0.016047718947611422,0.02661697983830507,0.001116751492526891,51.24024233759664,14.330999999999998,0.6407799523772315,15.61255990475446,13.049440095245535,0.17885142764000603,0.5152158318371678,0.6445388288002459,0.04485308481560515,29.772710798708427,27.7585490858715,21.335688379520438,28.45528455284551,50.07584376185062,561553038.0,533573430.45,0.4540284537858874,0.6558082612983528,0.2747791912651043,14563027.85,-0.05238913168044862,0.9667109851746937,0.048016701461377966,0.002721373246807657,0.0782486900191337,3.0,10.0,-0.016163035839775186,0.0,1668.04,1652.71,-0.007411188853187589,-0.008030778649412595,-0.025691361736495444,0.15429840579309473,-0.03586444363682573,-0.05275353507607772,0.016042843473228707,0.0164658742037036,1.2205426134367396,0.5231280537964554,0.0,0.0,0.0,0.0,0.0,0.0,0.0,0.0
2025-10-03,14.23,14.32,14.0,14.0,16027568,-0.025748086290883765,-0.0679094540612516,-0.07651715039577833,-0.09326424870466321,-0.002849002849002802,-0.01892081289418357,14.825999999999999,14.317499999999999,13.372333333333332,14.570586683658293,14.270225663679877,0.3003610199784159,0.35322282905874913,-0.05286180908033322,0.02145435856988685,-0.0037758435057380873,47.10800246795737,14.317499999999999,0.6449632792485888,15.607426558497176,13.027573441502822,0.18018879811380156,0.37693097800470865,0.6249289124573711,0.0446377794612408,27.91400386837825,26.58462548809029,24.662443370526006,13.414634146341472,32.24932249322496,545525470.0,534225654.1,0.4595928670355848,0.6553367084136642,0.17979092330341065,14280984.65,0.19171087705215156,1.1223013253501397,0.022857142857142878,-0.022175659158372607,0.04693770720642143,4.0,10.0,0.02689313517338987,1.0,1651.39,1645.82,-0.004168910456159969,-0.008960077075931938,-0.012687690840267107,0.14282378943930982,-0.021579175834723796,-0.08430417162873127,-0.006233122053916462,-0.006313222266236318,1.248968947388942,0.5293152757428865,0.0,0.0,0.0,0.0,0.0,0.0,0.0,0.0
2025-10-06,14.13,14.74,14.09,14.51,9568121,0.03642857142857148,0.009742519137091232,-0.03395472703062585,-0.06867779204107838,0.04388489208633084,0.05758017492711365,14.612,14.357000000000003,13.425166666666666,14.56126565540317,14.287986725629516,0.27327892977365487,0.3372340492017303,-0.06395511942807541,0.018833833892050646,-0.004407658127365638,52.762736868511624,14.357000000000003,0.630472671472627,15.617945342945257,13.096054657054749,0.17565582544337308,0.5606687676258144,0.6331482758532733,0.04363530502090098,26.81805399814312,29.103486730542684,22.60354762341955,34.14634146341464,25.338753387533902,555093591.0,536124843.8,0.45443473467629336,0.5015412013772427,-0.13711155388713958,13990830.7,-0.48250213171153644,0.6838851248482337,0.044796691936595474,0.010656822455944681,0.08080594902608285,0.0,10.0,-0.015753424657534265,0.0,1673.16,1695.5,0.03018556099694991,0.017413950362440644,0.0436864816285325,0.1507259004271215,0.006243010431621565,-0.08609174240351902,0.013893693298581145,0.013312133042963081,1.249374695093331,0.545014892654092,0.0,0.0,0.0,0.0,0.0,0.0,0.0,0.0
2025-10-07,14.6,14.83,14.37,14.37,10816484,-0.009648518263266737,0.026428571428571468,0.0,-0.0521108179419526,0.03010752688172036,0.047376093294460464,14.453999999999999,14.389499999999998,13.478,14.53184016995653,14.294061782990292,0.23777838696623732,0.3173429167546317,-0.0795645297883944,0.016546860610037392,-0.005536849672122088,51.1462269036368,14.389499999999998,0.6124023015530853,15.614304603106168,13.164695396893828,0.1702358807611342,0.49203954657316523,0.6207805418637539,0.043199759350296026,25.929711970229043,28.598637984239602,21.407169929120087,28.45528455284551,25.338753387533902,544277107.0,537483209.3,0.45661785970761476,0.5451752168063515,-0.15599176492571884,14068853.1,-0.35621536683755806,0.7688248589360849,0.03201113430758531,-0.00135515480037518,0.06618192610179552,1.0,10.0,-0.01638225255972703,0.0,1703.9,1685.3,-0.006015924506045489,0.014202322922308497,0.029303984560134833,0.15183024277025553,-0.0036325937572212474,-0.0663131408642611,0.01807210873432563,0.017557601063837858,1.2674244760759779,0.554594236644707,0.0,0.0,0.0,0.0,0.0,0.0,0.0,0.0
2025-10-08,14.65,14.69,14.27,14.41,8066321,0.0027835768963118124,-0.006891798759476209,0.02928571428571436,-0.04061251664447396,0.006284916201117374,0.06111929307805597,14.331999999999999,14.431000000000001,13.526333333333334,14.513095528424756,14.302649799065085,0.21044572935967132,0.29596347927563965,-0.08551774991596833,0.014604144993731527,-0.005934611375153944,51.60246438220499,14.431000000000001,0.5820282141833089,15.595056428366618,13.266943571633384,0.16132720232369444,0.49097981872344987,0.6064390745877715,0.042084599208034104,24.907265043854714,27.183888876737935,21.526012232382122,27.426160337552762,30.009262117937666,552343428.0,539525332.15,0.45406787069503435,0.4840984033971427,-0.14089820401565384,14191727.85,-0.6786068764865989,0.5683818831122808,0.029146426092990972,-0.0014552006097984238,0.06532935754947133,2.0,10.0,0.0,0.0,1701.06,1697.83,0.0074348780632527145,0.019687096483589128,0.03320837846719327,0.1531375523142961,-0.004651301166940902,-0.06029961312806309,0.027910914610862703,0.027013829148646362,1.2529622936828155,0.5509271052982432,0.0,0.0,0.0,0.0,0.0,0.0,0.0,0.0
2025-10-09,14.51,14.65,14.37,14.51,9045008,0.006939625260235838,0.009742519137091232,0.0,0.009742519137091232,-0.051633986928104614,0.07243163340724323,14.36,14.479999999999999,13.577833333333333,14.512619293282485,14.318009073208412,0.19461022007407358,0.27569282743532647,-0.08108260736125289,0.013412144732878951,-0.005588050128273804,52.7894797077683,14.479999999999999,0.5420623386175414,15.564124677235082,13.395875322764915,0.14974097751865792,0.5138360470109915,0.5831219978315022,0.04018759461278444,23.957850040792838,26.251532046509315,20.787710048193134,31.645569620253173,29.175671503550507,561388436.0,542488498.55,0.4534495193479293,0.4250903614741418,-0.16447025672055043,14175185.1,-0.567746643087198,0.6380874701946573,0.019297036526533504,0.002071823204419898,0.06865356524727817,3.0,10.0,0.009621993127147732,1.0,1702.76,1716.47,0.010978719895395894,0.038579061057293806,0.035421505052028346,0.15465822879646457,-0.0040390946351600565,-0.028836541920202574,0.03701012835521489,0.035744021323330655,1.2454705645287873,0.5479511275805683,0.0,0.0,0.0,0.0,0.0,0.0,0.0,0.0
2025-10-10,14.55,15.02,14.55,14.69,9220066,0.012405237767057153,0.019430950728660523,0.022268615170494055,0.049285714285714155,-0.04857512953367871,0.04258339247693388,14.498,14.51,13.624833333333331,14.539908632777488,14.345563956674455,0.1943446761030323,0.25942319716886764,-0.06507852106583534,0.013229726079171703,-0.004430123966360473,54.93215828202248,14.51,0.5359104402791107,15.58182088055822,13.438179119441779,0.1477354763002372,0.5839692542219614,0.5778989979863949,0.03933961865121817,23.669737735672886,29.169950902516998,19.47733127445305,39.24050632911393,32.77074542897331,570608502.0,545256901.7,0.4328593918219651,0.5156506365960425,0.3792570687158776,13980421.85,-0.5230114894259658,0.6594984113444331,0.03199455411844785,0.012405237767057153,0.07817832634038346,4.0,10.0,0.01665510062456632,1.0,1725.27,1747.55,0.018106928754944684,0.06181113365981705,0.048156856159207395,0.16475258051988084,-0.005701690987887531,-0.012525419374102897,-0.005573463682273516,-0.005317394671916276,1.2079315850841217,0.543229020284432,0.0,0.0,0.0,0.0,0.0,0.0,0.0,0.0
2025-10-13,14.41,14.79,14.37,14.65,10215154,-0.002722940776038074,0.009648518263266848,0.01665510062456632,0.009648518263266848,-0.05969191270860075,0.0034246575342467,14.526,14.5125,13.6675,14.556845766196336,14.36811477469857,0.1887309914977653,0.24528475603464717,-0.05655376453688188,0.012882661535683636,-0.003860325224360538,54.3419226690559,14.5125,0.5364687168984569,15.585437433796914,13.439562566203085,0.14786390129845506,0.5640764296541577,0.5666204981302239,0.03867716710786511,23.00011962751519,27.625533554462656,20.715186858208348,37.55274261603379,36.14627285513365,560393348.0,546722341.85,0.41424666780205666,0.7103128210813661,1.146063010812445,13698974.25,-0.3816568459247806,0.7456875101433234,0.02866894197952218,0.009474590869939847,0.07188586061825508,0.0,10.0,-0.034389750505731564,0.0,1738.23,1765.12,0.010054075705988375,0.04106163373636096,0.047611134191940074,0.16441654763329852,-0.012777016482026449,-0.03141311547309411,-0.044186476657693374,-0.04217831904944003,1.1918492468639972,0.5370850141922076,0.0,0.0,0.0,0.0,0.0,0.0,0.0,0.0
2025-10-14,14.83,14.88,14.27,14.32,13234250,-0.022525597269624553,-0.025187202178352575,-0.013094417643004785,-0.003479471120389599,-0.0554089709762533,0.009873060648801113,14.516,14.519499999999999,13.706166666666666,14.520407956012283,14.364550717313492,0.15585723869879153,0.22739925256747606,-0.07154201386868453,0.010883885383993822,-0.004995950689153947,49.60632863100912,14.519499999999999,0.5328026691099406,15.58510533821988,13.453894661780119,0.14678264929506943,0.4063912347073691,0.5697190339780651,0.039784848741484996,22.1553223922724,25.51276587385499,20.384665041277515,15.023474178403776,30.605574374517193,547159098.0,548185348.0,0.4089584927389171,0.74180419870017,1.2733769932279864,13701408.25,-0.05117853948086283,0.965904362422016,0.04259776536312858,-0.01374014256689271,0.04478519401242753,1.0,10.0,-0.0034916201117318746,0.0,1782.97,1761.06,-0.002300126903553301,0.04495342075594855,0.047688738175976964,0.16438842042205312,-0.020225470366071252,-0.04843289187633815,-0.03781567752717585,-0.036094381994611124,1.2054615339114494,0.5406455436247928,0.0,0.0,0.0,0.0,0.0,0.0,0.0,0.0
2025-10-15,14.32,14.41,14.18,14.27,11100257,-0.0034916201117318746,-0.025938566552901055,-0.028590878148400223,-0.009715475364330373,-0.049933422103861536,0.0370639534883721,14.488,14.544999999999998,13.744833333333332,14.481883655087316,14.357546960475455,0.12433669461186092,0.20678674097635305,-0.08245004636449213,0.008713153091230618,-0.005777858890293772,48.91084742225528,14.544999999999998,0.506073637246538,15.557147274493074,13.532852725506922,0.13917459944903074,0.3641502047526979,0.5454533886939177,0.038223783370281546,21.166047780673825,24.744344033993166,20.94927097014786,12.676056338028156,21.750757710821933,536058841.0,549625326.65,0.393400257283795,0.7653357845896942,1.694817703939762,13724435.75,-0.28772444812944603,0.8087951448204346,0.01611772950245273,-0.01890684083877614,0.038208296450787715,2.0,10.0,0.029329608938547524,1.0,1766.12,1757.95,-0.0017659818518391823,0.03540990558536494,0.052053597610968394,0.16226189336584404,-0.0017256382598926923,-0.045125380949695315,-0.01498964412259629,-0.014247985232534899,1.2128348179206436,0.5411379420311947,0.0,0.0,0.0,0.0,0.0,0.0,0.0,0.0
2025-10-16,14.32,14.83,14.23,14.74,12705460,0.03293622985283817,0.029329608938547524,0.006143344709897525,0.015851137146795313,0.025748086290883876,0.046132008516678535,14.534,14.5775,13.788999999999998,14.52159386199696,14.38587681525505,0.13571704674190954,0.19257280212946437,-0.05685575538755483,0.009207398015054921,-0.003857242563606162,55.260525785314435,14.5775,0.4960886486995774,15.569677297399155,13.585322702600847,0.13612447914925796,0.5818906058554097,0.5493495752157806,0.0372693063240014,20.999012460475004,28.274934026835215,19.314927486095904,34.741784037558716,20.81377151799691,548764301.0,551242124.7,0.40120932860489394,0.7306675546998792,1.3518863286008989,13901255.15,-0.1319631387120537,0.9139793394843199,0.04070556309362277,0.011147316069284763,0.0689680179853509,3.0,10.0,-0.015509103169251581,0.0,1764.51,1766.85,0.005062715094285908,0.029350935349874874,0.061056462364428965,0.16085894927367875,0.027873514758552265,-0.01349979820307956,-0.01492445384775043,-0.014065654729149113,1.231891449340517,0.539742171665633,0.0,0.0,0.0,0.0,0.0,0.0,0.0,0.0
2025-10-17,14.83,15.16,14.6,14.6,14611821,-0.009497964721845387,0.023125437981780017,0.019553072625698276,-0.006126616746085722,0.04285714285714293,0.03988603988603989,14.516,14.605500000000001,13.8285,14.533656344766658,14.401737791902825,0.13191855286383358,0.18044195227633822,-0.048523399412504636,0.009035517319440656,-0.003323520507705797,53.14180282586521,14.605500000000001,0.4796871239070916,15.564874247814185,13.646125752185817,0.13137164052092482,0.49713354824119343,0.5501103198432249,0.03767878903035787,21.357056411839892,30.503842396376236,17.91048719189452,35.92814371257483,27.78199469605393,534152480.0,552402104.65,0.40296211906674084,0.75478838090098,1.3133461341420054,14358073.25,0.028697686072704894,1.0176728273760547,0.03835616438356168,-0.0003765704700284811,0.05579057743066862,4.0,10.0,-0.06133700895933847,0.0,1771.61,1731.19,-0.02018281121770371,-0.009361677777459776,0.0437532406458383,0.17943523127515354,0.010684846495858324,0.0032350610313740535,-0.003867200759798406,-0.003705091020752671,1.1976666053705636,0.5386184190709753,0.0,0.0,0.0,0.0,0.0,0.0,0.0,0.0
2025-10-20,14.51,14.93,13.62,13.62,21218994,-0.06712328767123288,-0.07598371777476265,-0.04555010511562718,-0.0703071672354949,-0.06133700895933847,-0.020143884892086406,14.309999999999999,14.5915,13.854833333333334,14.393093830187173,14.343831288798912,0.04926254138826103,0.15420607009872278,-0.10494352871046175,0.0036169266804890626,-0.007705104897978102,41.22621765567612,14.5915,0.5047904724267124,15.601080944853425,13.581919055146574,0.13837932287337498,0.018859777934375262,0.6043881541401375,0.044375048027910244,19.959211729452782,25.781234763525738,26.719544898557775,0.0,23.556642583377876,512933486.0,553014399.4,0.47125037186482416,0.05128245588666627,1.156620652381829,14905758.45,0.7082230119663903,1.4235433957404564,0.09618208516886935,-0.0665798581365864,-0.016949560321909418,0.0,10.0,0.006583760058522348,1.0,1723.59,1636.43,-0.054736915069980796,-0.07290722443799846,0.0012114166845116348,0.2653240945431465,-0.012386372601252083,0.0026000572025035584,-0.02135530157659804,-0.02132946270960001,1.2147678945914764,0.6014900808428094,0.0,0.0,0.0,0.0,0.0,0.0,0.0,0.0
2025-10-21,13.67,14.04,13.11,13.76,14638224,0.010279001468428861,-0.05753424657534245,-0.06648575305291726,-0.03910614525139666,-0.042449547668754306,-0.013620071684587787,14.198000000000002,14.582000000000003,13.880333333333333,14.295694779389146,14.30058452666566,-0.0048897472765130345,0.12238690662367563,-0.12727665390018866,-0.00035535954044426125,-0.009249756824141617,43.18605784689999,14.582000000000003,0.5190842138350801,15.620168427670162,13.543831572329843,0.14239040291731714,0.10411048049076121,0.6276461431301277,0.0456138185414337,19.433110148688552,23.052610340750356,29.69561026033776,31.707317073170735,22.545153595248546,527571710.0,554129589.95,0.4726341396784729,0.016115069215194594,1.1011960172131792,15408654.25,-0.08981042005013287,0.9500001598127883,0.06758720930232556,-0.05637086819366355,-0.0086693403136332,1.0,10.0,-0.013620071684587787,0.0,1640.8,1663.43,0.016499330860470618,-0.05543820199198202,0.017226618397074622,0.2715719625669383,-0.006220329392041757,0.016332056740585355,-0.03084669008166241,-0.030324304853789563,1.1999071583162906,0.5993822962848705,0.0,0.0,0.0,0.0,0.0,0.0,0.0,0.0
2025-10-22,13.95,14.0,13.2,13.76,8762711,0.0,0.010279001468428861,-0.05753424657534245,-0.035739313244569026,-0.04510756419153372,-0.03910614525139666,14.096,14.554000000000002,13.901166666666665,14.213280197944663,14.260541228394128,-0.047261030449465835,0.08845731920904734,-0.13571834965851318,-0.003434667910571645,-0.009863252155415203,43.18605784689999,14.554000000000002,0.5482450470173882,15.650490094034778,13.457509905965226,0.15067886409712458,0.1379356255384373,0.6399571329065472,0.046508512565882794,18.944587252264622,20.994203688591337,27.04403888528405,31.707317073170735,21.138211382113848,527571710.0,554783771.4,0.46195284491664773,0.12366378087519156,1.504365583968684,15385780.7,-0.7704498878018767,0.5695330754324348,0.058139534883720985,-0.05455544867390427,-0.010155022959703497,2.0,10.0,-0.01017441860465118,0.0,1678.82,1678.5,0.009059593731025606,-0.045194686993373034,0.012694122331760704,0.26926056375981766,-0.009059593731025606,0.009455373748804008,-0.05180026758315737,-0.051150951151849866,1.1910112527987353,0.5930123554757015,0.0,0.0,0.0,0.0,0.0,0.0,0.0,0.0
2025-10-23,13.76,14.13,13.62,13.62,6506441,-0.01017441860465118,-0.01017441860465118,0.0,-0.07598371777476265,-0.06133700895933847,-0.1098039215686275,13.872,14.470000000000002,13.933666666666666,14.12200632133779,14.213093729994563,-0.09108740865677234,0.05254837363588341,-0.14363578229265575,-0.0066877686238452526,-0.010545945836465181,41.57811295326326,14.470000000000002,0.5565684333959122,15.583136866791827,13.356863133208178,0.15385443908663782,0.1181960972823626,0.6306744805560797,0.04630502794097501,18.237593964498195,21.253898007871854,25.481940318395814,24.878048780487784,29.43089430894311,521065269.0,552930038.45,0.3811068750131499,-0.682803846855272,1.3466610072991356,13528510.4,-1.2343177318710896,0.48094289819225033,0.03744493392070496,-0.058742225293711314,-0.02251142317169441,3.0,10.0,-0.013215859030836996,0.0,1680.73,1687.06,0.005099791480488447,-0.045159464583863884,0.01258635487878812,0.26923745255100745,-0.015274210085139628,-0.030824253190898765,-0.12239027644741562,-0.12086897661391693,1.114134262477592,0.5389105211112285,0.0,0.0,0.0,0.0,0.0,0.0,0.0,0.0
2025-10-24,13.62,13.72,13.3,13.44,6220414,-0.013215859030836996,-0.023255813953488413,-0.023255813953488413,-0.07945205479452055,-0.08509189925119132,-0.1295336787564767,13.64,14.370000000000001,13.964666666666666,14.017082271901208,14.155827527772743,-0.13874525587153563,0.014289647734399603,-0.15303490360593525,-0.010323307728536879,-0.011386525565917802,39.539709146095035,14.370000000000001,0.5527729142577337,15.475545828515468,13.264454171484534,0.15386859130347488,0.07939328428889715,0.6156263033735025,0.045805528524814176,18.08183517762288,20.218177252046203,27.953010946512634,16.097560975609753,24.227642276422785,514844855.0,549425660.25,0.377943704231263,-0.5590566257135365,1.3547356177406091,12499906.55,-1.2608848200351657,0.4976368403330183,0.031249999999999997,-0.06471816283924858,-0.03757101255549722,4.0,10.0,-0.013215859030836996,0.0,1684.88,1683.18,-0.0022998589261792324,-0.027732369064054185,0.013536460528692729,0.2690735906604969,-0.010916000104657764,-0.05171968573046637,-0.14307013928516943,-0.141159341431624,1.1314178009189604,0.5455015819521636,0.0,0.0,0.0,0.0,0.0,0.0,0.0,0.0
2025-10-27,13.62,13.72,13.34,13.44,4083169,0.0,-0.013215859030836996,-0.023255813953488413,-0.013215859030836996,-0.08259385665529018,-0.13735558408215665,13.604,14.263,13.990333333333332,13.928300383916406,14.102803266456243,-0.17450288253983715,-0.023468858320447743,-0.1510340242193894,-0.012983845427071216,-0.011237650611561713,39.539709146095035,14.263,0.5118295357678699,15.28665907153574,13.23934092846426,0.14354049940906394,0.09801069375309752,0.5987958531325381,0.044553262881885276,17.93720201838152,19.301706147628273,26.685927049948017,16.097560975609753,19.024390243902456,514844855.0,544804745.65,0.37429889998333493,-0.5274258880123579,1.4812374022257344,11587528.6,-1.5796610547165828,0.3523761745019555,0.028273809523809583,-0.057701745775783575,-0.039336684853827575,0.0,10.0,0.014189693801344161,1.0,1696.45,1652.54,-0.01820363835121619,0.009844600746747423,-0.008364936872929829,0.2771098664788328,0.01820363835121619,-0.02306045977758442,-0.12899064720922682,-0.13007874772243477,1.1104673327486467,0.5479232806495266,0.0,0.0,0.0,0.0,0.0,0.0,0.0,0.0
2025-10-28,13.39,13.62,13.2,13.58,5819751,0.01041666666666674,0.01041666666666674,-0.002936857562408135,-0.013081395348837233,-0.0516759776536313,-0.10422163588390498,13.568000000000001,14.184000000000001,14.018333333333334,13.87471570946773,14.064077098570596,-0.18936138910286715,-0.056647364476931625,-0.1327140246259355,-0.01394413763644088,-0.00977275586347095,42.10022359545346,14.184000000000001,0.4874466232588512,15.158893246517703,13.209106753482299,0.13746379674530484,0.19022249248444578,0.5860247207659283,0.04315351404756467,18.028563019611262,18.313605878288037,27.02622359621132,22.926829268292707,18.373983739837428,520664606.0,541622270.4,0.37149050305193554,-0.7459875176358199,1.8616801158246095,10731064.35,-1.1999096956923039,0.5423274719250006,0.030927835051546386,-0.042583192329385344,-0.03126857686363105,1.0,10.0,0.003620564808110016,1.0,1647.86,1680.5,0.016919408909920497,0.010261928665468378,0.011313714870313518,0.28348031003758634,-0.006502742243253756,-0.02334332401430561,-0.1155353507542185,-0.11424283983831296,1.1019356786582393,0.5476782023725492,0.0,0.0,0.0,0.0,0.0,0.0,0.0,0.0
2025-10-29,13.81,14.04,13.76,13.86,6804883,0.020618556701030855,0.03125,0.03125,0.007267441860465018,-0.028731604765241725,-0.07723035952063917,13.588,14.126,14.047833333333333,13.872451754165002,14.048960276454256,-0.17650852228925373,-0.08061959603939604,-0.09588892624985769,-0.012735102618272275,-0.0069183929473201795,46.94013915358584,14.126,0.45033788484476284,15.026675769689525,13.225324230310473,0.12752028453766473,0.3523330986845058,0.5770229549969333,0.04163224783527658,17.19022733883167,22.46988287673158,25.487282238853155,36.58536585365852,25.203252032520354,527469489.0,539214181.0,0.3821754118482905,-0.8195042229526378,1.5977765510106994,10637166.8,-0.9204553517580183,0.639727018288366,0.020202020202020155,-0.018830525272547027,-0.013370982476538562,2.0,10.0,-0.0035842293906809264,0.0,1685.9,1685.83,0.0031716750966974683,0.004366994340184727,0.012480105702531441,0.2835802337504889,0.017446881604333386,0.0029004475202802915,-0.08971046522317061,-0.08860466958106106,1.1198149752240554,0.5459323230266119,0.0,0.0,0.0,0.0,0.0,0.0,0.0,0.0
2025-10-30,13.95,14.0,13.76,13.9,4471739,0.0028860028860029363,0.02356406480117812,0.034226190476190466,0.020558002936857722,-0.056987788331071876,-0.032707028531663074,13.644,14.102500000000001,14.075666666666667,13.876689945831925,14.037926181902089,-0.16123623607016313,-0.09674292404554946,-0.06449331202461367,-0.0115997292136808,-0.004639806620475803,47.61383542589447,14.102500000000001,0.4491966513444705,15.000893302688942,13.20410669731106,0.12740908387717653,0.387298803656535,0.5529498867828667,0.03978056739445084,16.411772778107757,21.77325918373533,24.697111467822843,38.53658536585369,32.68292682926833,531941228.0,537733590.5,0.3528240319422267,-1.0580554187669007,3.263107072839876,10156841.8,-1.3228670802890525,0.44026864728758497,0.017266187050359726,-0.014359156177982668,-0.012480166717976582,3.0,10.0,-0.013620071684587787,0.0,1688.83,1669.57,-0.009645100632922676,-0.010367147582184377,0.010201426747584286,0.28454469357599965,0.012531103518925613,0.0309251505190421,-0.04290845527924736,-0.04247514816663267,1.1101005719260895,0.541837253165257,0.0,0.0,0.0,0.0,0.0,0.0,0.0,0.0
2025-10-31,13.95,14.23,13.72,13.76,5233170,-0.010071942446043258,-0.00721500721500723,0.013254786450662692,0.023809523809523725,-0.05753424657534245,-0.017142857142857126,13.707999999999998,14.0905,14.1005,13.858737646473168,14.017339057316748,-0.15860141084358048,-0.10911462140515567,-0.049486789438424814,-0.011526265322934628,-0.003596423651048315,45.43922397239077,14.0905,0.45524400629035855,15.000988012580718,13.180011987419283,0.12923430858815765,0.31850392567870256,0.5498820377269477,0.039962357392946776,15.279160750359736,23.31847862563965,23.0609778474122,31.707317073170735,35.60975609756101,526708058.0,536792719.9,0.34273302097341474,-1.1954791649781285,4.189349189860694,9617121.9,-1.0442610920396234,0.544151364037509,0.037063953488372076,-0.023455519676377712,-0.0241480798553243,4.0,10.0,-0.04446064139941697,0.0,1669.61,1639.65,-0.017920781997759816,-0.02586176166541898,-0.003748891130257115,0.29173792028550183,0.007848839551716558,0.049671285474942706,-0.013393966012600012,-0.013444367482607467,1.1198576642228237,0.5481680209386768,0.0,0.0,0.0,0.0,0.0,0.0,0.0,0.0
2025-11-03,13.72,13.95,13.11,13.11,7732267,-0.047238372093023284,-0.056834532374100744,-0.05411255411255411,-0.024553571428571397,-0.037444933920704804,-0.09648518263266714,13.642,14.020499999999998,14.104333333333333,13.74354723932345,13.950128756774767,-0.20658151745131725,-0.12860800061438799,-0.07797351683692927,-0.01575755281855967,-0.00594763667711131,36.99180504327664,14.020499999999998,0.4933822581241801,15.007264516248359,13.033735483751638,0.14076024624633365,0.03864372653888902,0.57060474931788,0.0435243897267643,15.264278677017087,20.86650338496575,28.272087971982206,0.0,23.414634146341502,518975791.0,534986829.9,0.3512850468978797,-1.2931757385072438,2.8114894113191835,9525329.2,-0.4249684751563417,0.8117585059422409,0.06407322654462241,-0.06494062265967682,-0.07049842837898523,0.0,11.0,0.01747720364741645,1.0,1644.56,1617.0,-0.013813923703229425,-0.021506287291079174,-0.04629902683574172,0.2724776151671767,-0.03342444838979386,-0.0030472841374922233,-0.050186155796925425,-0.05262252761514352,1.1437321944451,0.5641831041889205,0.0,0.0,0.0,0.0,0.0,0.0,0.0,0.0
2025-11-04,13.16,13.53,12.55,13.39,13109246,0.021357742181540962,-0.026889534883720922,-0.03669064748201434,-0.013991163475699508,-0.026889534883720922,-0.06819763395963807,13.604,13.9715,14.115166666666665,13.68915535635061,13.908637737754415,-0.21948238140380383,-0.14678287677227117,-0.07269950463153266,-0.016391514667946513,-0.0054293879485834695,41.99436890082939,13.9715,0.5053636002139323,14.982227200427864,12.960772799572137,0.1446841356229272,0.21233583119468935,0.5998472672237456,0.04479815289198996,16.058340954473163,18.4314581380183,31.641201998815664,32.18390804597701,21.297075039715946,532085037.0,534377226.4,0.36269158094590553,-1.31297677379225,2.5761496809784505,9639967.3,0.8092901918984934,1.3598849033440186,0.07318894697535464,-0.041620441613284154,-0.051374998524046145,1.0,11.0,-0.014285714285714346,0.0,1618.02,1651.98,0.021632653061224527,-0.01697113954180307,-0.01977096065982309,0.2847729750453195,-0.0002749108796835653,0.0029799760661035624,-0.04842667329981498,-0.049403426501639314,1.1388855083233942,0.5707479802366796,0.0,0.0,0.0,0.0,0.0,0.0,0.0,0.0
2025-11-05,13.3,13.39,13.11,13.11,3358854,-0.020911127707244348,0.0,-0.047238372093023284,-0.05411255411255411,-0.047238372093023284,-0.09021512838306733,13.453999999999999,13.9065,14.106666666666666,13.60005453229667,13.849479386809643,-0.2494248545129718,-0.1673112723204113,-0.08211358219256051,-0.01902554191555849,-0.006263431135969528,38.68656007842716,13.9065,0.5290435759588153,14.96458715191763,12.848412848082368,0.15217159629204055,0.1236132351874521,0.577001033850621,0.044012283283800226,16.795684497825235,17.792587250213614,30.54445519447606,21.455938697317965,17.87994891443169,528726183.0,533196364.15,0.36716917546360595,-1.1216162118094737,2.001859432353167,9404593.95,-1.3430141272304825,0.35715034778295773,0.021357742181540896,-0.057275374824722225,-0.07065217391304346,2.0,11.0,0.0037878787878788955,1.0,1647.46,1654.89,0.0017615225365925635,-0.018352977465106113,-0.025291106883492342,0.28329404957467724,-0.02267265024383691,-0.035759576647448,-0.06492402149957499,-0.0666086274148876,1.102330361643229,0.5777865719290042,0.0,0.0,0.0,0.0,0.0,0.0,0.0,0.0
2025-11-06,13.2,13.48,13.11,13.25,4551111,0.01067887109077037,-0.010455563853622118,0.01067887109077037,-0.046762589928057596,-0.027165932452276054,-0.08683666436940041,13.323999999999998,13.8435,14.094166666666666,13.546199988866414,13.805073506305225,-0.25887351743881126,-0.1856237213440913,-0.07324979609471996,-0.019537623957646133,-0.005528286497714714,41.18126789907635,13.8435,0.5284164525907121,14.900332905181426,12.786667094818576,0.1526829060832051,0.2192082130059551,0.5622152457184338,0.04243133929950444,17.261711299352058,18.099630648859254,29.10862377225544,29.411764705882334,27.683870483059135,533277294.0,531790807.05,0.36894411484920386,-1.1230644048431495,1.9489218346454935,9179899.1,-0.9995624319471728,0.4957691746306885,0.027924528301886867,-0.0428721060425471,-0.05989475551351031,3.0,11.0,-0.01747720364741645,0.0,1656.67,1642.64,-0.007402304684903549,-0.016129901711218975,-0.04301269465822288,0.2803756130160471,0.01808117577567392,-0.03063268821683862,-0.043823969711177524,-0.045793679254215736,1.0774541249193963,0.5697213928745076,0.0,0.0,0.0,0.0,0.0,0.0,0.0,0.0
2025-11-07,13.16,13.3,12.93,12.93,5285012,-0.024150943396226476,-0.013729977116704761,-0.03435399551904417,-0.06031976744186052,-0.0379464285714286,-0.11980939414567737,13.157999999999998,13.755500000000001,14.077166666666667,13.451399990579274,13.740253246578913,-0.28885325599963885,-0.20626962827520082,-0.08258362772443803,-0.022339772312423734,-0.00638697816894339,37.43225744679566,13.755500000000001,0.5265725820916385,14.808645164183279,12.702354835816724,0.15312350175322995,0.10807872073353554,0.5484855853099744,0.04241961216627799,17.966017484850216,17.227506760382216,30.05015251429151,22.619047619047564,24.49558367408265,527992282.0,529659996.05,0.36984873212394986,-0.9105487114512556,1.5110597485041823,8983146.4,-0.7848493130618048,0.5883252665235423,0.02861562258314006,-0.06001235869288657,-0.08149130388454118,4.0,11.0,-0.030039525691699653,0.0,1636.24,1599.1,-0.026506112112209768,-0.02473088768944598,-0.08494749792566736,0.28255999354781874,0.0023551687159832912,-0.03558887975241454,-0.034861896220010014,-0.03809824697597308,1.066819566344871,0.577012539999735,0.0,0.0,0.0,0.0,0.0,0.0,0.0,0.0
2025-11-10,12.65,12.79,12.27,12.27,11913772,-0.051044083526682105,-0.07396226415094342,-0.06407322654462244,-0.06407322654462244,-0.0870535714285714,-0.1624573378839591,12.99,13.636499999999998,14.052333333333333,13.26964614587477,13.63134559868418,-0.3616994528094093,-0.23735559318204252,-0.12434385962736677,-0.029478358012176797,-0.010133973889760943,31.136290386903283,13.636499999999998,0.5800024954575351,14.796504990915068,12.476495009084928,0.17013236401057016,-0.08900608648331552,0.5564509006449763,0.045350521649957315,19.47232046997248,15.767981959198597,35.976345936498475,0.0,17.343604108309993,516078510.0,527444254.15,0.4023465237949135,-0.7147590202349023,0.3694482576857434,9068077.3,0.5990393662606023,1.3138145613293348,0.04237978810105946,-0.1002089979100208,-0.12683540100101998,0.0,11.0,0.003233629749393785,1.0,1598.02,1580.54,-0.011606528672378214,-0.022547928262213968,-0.10457079405366199,0.2784209306425807,-0.03943755485430389,-0.041525298282408474,-0.05788654383029712,-0.06464670065024236,1.1483151055653786,0.600018999993574,0.0,0.0,0.0,0.0,0.0,0.0,0.0,0.0
2025-11-11,12.37,12.55,12.23,12.41,3575365,0.01140994295028519,-0.04021655065738594,-0.06339622641509435,-0.07318894697535472,-0.08615611192930783,-0.1333798882681564,12.794,13.541,14.0305,13.137392892663266,13.540875554337203,-0.4034826616739373,-0.27058100688042147,-0.13290165479351584,-0.03251270440563556,-0.010709238903587095,33.684302867780374,13.541,0.6175665316812069,14.776133063362414,12.305866936637587,0.18242863353702288,0.042154593076364905,0.5395615505989065,0.04347796539878376,20.917058796296278,15.100011797480805,34.98183068195775,8.999999999999986,10.539682539682545,519653875.0,526068993.0,0.40469713025159654,-0.8869553116378984,0.5549647414036744,8585133.05,-1.0447124339943172,0.41646005707506184,0.025785656728444826,-0.08352411195628096,-0.11549837853248279,1.0,11.0,0.0071428571428571175,1.0,1585.32,1593.61,0.008269325673504024,-0.03533335754670164,-0.09508477848568475,0.2824595158406377,0.0031406172767811658,-0.03785558942865308,-0.03829510978247164,-0.04231900278833556,1.153025609722737,0.6023194698087367,0.0,0.0,0.0,0.0,0.0,0.0,0.0,0.0
2025-11-12,12.6,12.74,12.46,12.69,4371310,0.02256244963738907,0.03422982885085579,-0.018561484918793503,-0.03203661327231122,-0.08441558441558439,-0.11072179397337067,12.709999999999999,13.462,13.997833333333334,13.068563216868917,13.477847735497411,-0.40928451862849435,-0.29832170923003604,-0.11096280939845832,-0.032252523138573234,-0.008744114215796558,38.57917615130317,13.462,0.6204548416496056,14.702909683299211,12.221090316700788,0.18435740355061822,0.18893787743380286,0.5245928684132704,0.041339075525080406,21.746593350914118,17.008566160141445,33.40999893801575,22.999999999999954,10.666666666666677,524025185.0,525467310.2,0.41788867509192196,-0.889505338547057,0.37134642563137427,8248685.7,-0.8002181064227267,0.5299401818643665,0.022064617809298612,-0.057346605259248284,-0.09343112624572858,2.0,11.0,-0.007092198581560294,0.0,1599.63,1631.86,0.02400210842050443,-0.013916332807618725,-0.07172558946500196,0.3004069504246613,-0.0014396587831153607,-0.018120280464692495,-0.038996204508368715,-0.04200934989244587,1.1264772045130556,0.6316301832035842,0.0,0.0,0.0,0.0,0.0,0.0,0.0,0.0
2025-11-13,12.69,12.83,12.6,12.6,3698530,-0.007092198581560294,0.015310233682514163,0.02689486552567244,-0.049056603773584895,-0.09352517985611519,-0.1451831750339213,12.58,13.354999999999999,13.961333333333332,12.996476568119853,13.412821977312417,-0.416345409192564,-0.32192644922254166,-0.09441895997002236,-0.033043286443854285,-0.007493568251589077,37.61802807357635,13.354999999999999,0.5710147937986901,14.497029587597378,12.212970412402619,0.17102652004453459,0.1694481438136904,0.5035505206694654,0.039964327037259155,22.275411202217718,17.730302478305703,32.31998208478728,18.49999999999996,16.83333333333333,520326655.0,524045427.9,0.39241911681181013,-1.0237707637427729,0.603328699544222,7798339.2,-0.8491900769525594,0.47427149616677355,0.01825396825396829,-0.05653313365780599,-0.09750740139432712,3.0,11.0,0.0,0.0,1632.64,1631.44,-0.0002573750199158509,-0.006818292504748524,-0.0766392166850609,0.29897598779280493,-0.006834823561644443,-0.04223831126883637,-0.0685439583488604,-0.07423312705872354,1.1270398154747598,0.6299109366199029,0.0,0.0,0.0,0.0,0.0,0.0,0.0,0.0
2025-11-14,12.65,12.83,12.6,12.65,4004213,0.003968253968253954,-0.0031520882584711307,0.01933924254633368,-0.021655065738592327,-0.08066860465116277,-0.13356164383561642,12.524,13.257499999999999,13.9335,12.943172480716798,13.356316645659644,-0.413144164942846,-0.34016999236660256,-0.07297417257624345,-0.03265961778204316,-0.005768709294564699,38.534212657462845,13.257499999999999,0.5105196011496624,14.278539202299324,12.236460797700673,0.15403193698650966,0.20250897388075767,0.48401119776450363,0.03826175476399238,22.766456349856774,17.128490904399207,31.222959667325718,20.999999999999996,20.833333333333332,524330868.0,523554347.3,0.3944229935751528,-1.0927957068534124,0.6633546411961209,7267958.8,-0.7067287876765121,0.5509405199159907,0.018181818181818216,-0.04582311898925129,-0.09211612301288263,4.0,11.0,0.0395962732919255,1.0,1627.45,1635.46,0.002464080812043301,0.022737790006879033,-0.05529722329726949,0.29327797023230634,0.001504173156210653,-0.04439285574547136,-0.07826442053834692,-0.08284554938169131,1.145665818944713,0.6461807419932761,0.0,0.0,0.0,0.0,0.0,0.0,0.0,0.0
2025-11-17,12.88,13.39,12.88,13.39,7521488,0.058498023715415126,0.0626984126984127,0.05516154452324673,0.09127954360228197,0.021357742181540962,-0.016886930983847193,12.748000000000001,13.246,13.924166666666666,13.011915175991136,13.358811708944115,-0.34689653295297873,-0.3415153004838778,-0.005381232469100938,-0.025907134649214243,-0.00040188442637049574,50.19315842635489,13.246,0.5044788869403124,14.254957773880625,12.237042226119376,0.1523415029262606,0.5713607663907239,0.5022961122098962,0.03751277910454789,21.788359963025766,23.28947211471313,27.937335113518696,58.00000000000001,32.500000000000014,531852356.0,524500290.8,0.39183379406480773,-0.04551092334452337,1.2709373686019891,6583083.5,0.288327228294688,1.1425478652974703,0.03808812546676622,0.010871206401932731,-0.03836255909988617,0.0,11.0,-0.006721433905899965,0.0,1640.47,1654.42,0.011593068616780666,0.04674351803813903,0.01099344304369887,0.2232632813968782,0.04690495509863446,0.044536025564142934,-0.027880374027546062,-0.027577205588603326,1.2344983604424664,0.670617417153689,0.0,0.0,0.0,0.0,0.0,0.0,0.0,0.0
2025-11-18,13.39,13.44,13.16,13.3,4929881,-0.006721433905899965,0.05138339920948609,0.05555555555555558,0.07171635777598717,-0.006721433905899965,-0.03343023255813948,12.925999999999998,13.222999999999999,13.911833333333334,13.056235918146346,13.354455286059366,-0.2982193679130205,-0.3328561139697064,0.034636746056685874,-0.02242250886564064,0.002604266620803449,48.97638960360503,13.222999999999999,0.4900923650863215,14.203184730172643,12.242815269827355,0.14825451564284106,0.5392783103173008,0.4864178184806179,0.03657276830681337,20.765387403888624,23.06611149546036,26.788638085898118,53.500000000000014,44.16666666666671,526922475.0,524467829.05,0.39023945972940627,0.06330247947023358,1.3485490130278308,6097666.35,-0.4390805746669931,0.8084865122211877,0.02105263157894732,0.0058231868713607415,-0.04397934612020937,1.0,11.0,-0.003759398496240629,0.0,1657.43,1659.92,0.003324427896181037,0.04160992965656596,-0.002110097809946865,0.21561847671375572,-0.010045861802081002,0.030106428119421214,-0.03132013474819262,-0.03138636304411424,1.310255958586689,0.6942751825866029,0.0,0.0,0.0,0.0,0.0,0.0,0.0,0.0
2025-11-19,13.3,13.67,13.2,13.25,6853357,-0.003759398496240629,-0.010455563853622118,0.04743083003952564,0.044129235618597384,0.01067887109077037,-0.0370639534883721,13.038,13.1975,13.911833333333334,13.086045776893062,13.346717857462377,-0.26067208056931435,-0.318419307289628,0.05774722672031363,-0.019673364571269007,0.004358281261910462,48.27621089136811,13.1975,0.47367404959874243,14.144848099197485,12.250151900802514,0.14356478108694612,0.5277089277133051,0.4852451171605738,0.036622272993250854,19.29353046348999,24.85591792040434,24.935280229792212,50.99999999999998,54.16666666666669,520069118.0,524092699.45,0.3902873098956963,0.08870261235635414,1.3490272632181692,6002198.65,0.32833654218351377,1.1418077607278125,0.03547169811320759,0.0039780261413147056,-0.04757340872878013,2.0,11.0,-0.007518796992481258,0.0,1659.25,1649.0,-0.006578630295435928,0.0105033520032356,-0.017575215966636915,0.214026032738258,0.0028192317991952986,0.033625883615361785,-0.01948873752173519,-0.019837383826702526,1.2567569267359435,0.6819694310778981,0.0,0.0,0.0,0.0,0.0,0.0,0.0,0.0
2025-11-20,13.3,13.39,13.11,13.2,2939931,-0.0037735849056603765,-0.007518796992481258,-0.014189693801344383,0.04761904761904767,-0.0037735849056603765,-0.03083700440528636,13.157999999999998,13.1765,13.899333333333333,13.10357719583259,13.33584986802072,-0.2322726721881292,-0.30118998026932825,0.06891730808119906,-0.017596414559706758,0.005221008187969626,47.54422187749226,13.1765,0.46315025412370253,14.102800508247405,12.250199491752596,0.14059887045078806,0.5126848683503701,0.4705847516491043,0.03565035997341699,18.125459227465274,23.799533588642635,25.241604516238244,56.395348837209276,53.631782945736454,517129187.0,523895895.35,0.3890815050289698,0.048465326631734994,1.4042971301838039,5823873.15,-1.0772610381102024,0.5048068397574902,0.0212121212121213,0.0017834781618790707,-0.050314163748860885,3.0,11.0,-0.006818181818181834,0.0,1651.93,1655.99,0.004238932686476682,0.01504805570538914,-0.018416653823811746,0.2137329184947197,-0.008012517592137058,0.03257099191365853,-0.012420350581474615,-0.012653383566315402,1.2183285912902857,0.6535804064477149,0.0,0.0,0.0,0.0,0.0,0.0,0.0,0.0
2025-11-21,13.2,13.2,13.02,13.11,4219307,-0.006818181818181834,-0.010566037735849076,-0.014285714285714346,0.036363636363636376,0.0139211136890951,-0.024553571428571397,13.25,13.16,13.889166666666666,13.104565319550654,13.319120248167334,-0.21455492861668013,-0.2838629699387986,0.06930804132211849,-0.01636574588990695,0.005286654563090655,46.18670403342323,13.16,0.4591296113300829,14.078259222660165,12.241740777339835,0.13955307335260864,0.47277457238319237,0.44982869795988256,0.034311876274590584,17.242739171326427,23.119287964763302,25.94925662712414,61.111111111111065,56.16881998277347,512909880.0,523799146.6,0.38713614328774226,0.011646580999332232,1.4982874939941786,5723817.8,-0.5574713529653669,0.7371490755698059,0.013729977116704784,-0.0037993920972645423,-0.05609887802243951,4.0,11.0,-0.006838905775075954,0.0,1646.36,1654.93,-0.000640100483698558,0.011904907487801708,-0.016783707030739392,0.21366404208658674,-0.006178081334483276,0.024458728875834668,-0.007769864397832005,-0.007902497602401803,1.2244071599964579,0.6584429878802872,0.0,0.0,0.0,0.0,0.0,0.0,0.0,0.0
2025-11-24,13.16,13.3,13.07,13.07,2918775,-0.0030511060259343914,-0.009848484848484773,-0.013584905660377289,-0.023898431665421938,0.06519967400163007,-0.027529761904761862,13.186000000000002,13.141499999999999,13.876833333333334,13.099247578081322,13.300666896451235,-0.20141931836991311,-0.26737423962502155,0.06595492125510843,-0.015410812423099702,0.005046283187077921,45.564013957247624,13.141499999999999,0.45468641594204,14.050872831884078,12.23212716811592,0.13839711324948892,0.46068719149446014,0.4341266481056053,0.033215504828278904,16.168649818237387,23.88972866919464,24.967263888651804,58.33333333333334,58.61326442721793,509991105.0,523556459.1,0.38718736346940175,0.032450791326064224,1.4963068899309229,5665598.1,-0.9995076869659045,0.5151750880458676,0.017597551644988555,-0.005440779210896696,-0.05814246766193054,0.0,11.0,-0.025075987841945313,0.0,1656.03,1667.98,0.007885529901566768,0.008196225867675544,0.009343192903046305,0.20532045911995345,-0.01093663592750116,-0.03209465753309748,-0.03687295480780817,-0.036531632716276796,1.2149046072481136,0.6549065701073232,0.0,0.0,0.0,0.0,0.0,0.0,0.0,0.0
2025-11-25,13.16,13.16,12.83,12.83,5225047,-0.018362662586074996,-0.02135774218154074,-0.02803030303030296,-0.03533834586466167,0.03384367445608372,-0.05522827687776144,13.092000000000002,13.104,13.861333333333333,13.057824873761119,13.265802681899292,-0.2079778081381729,-0.2554949533276518,0.047517145189478915,-0.016210273432437482,0.0037035966632485515,41.91279768787842,13.104,0.4474889001858988,13.998977800371797,12.209022199628201,0.13659612337786906,0.3469235773858457,0.42668903038377637,0.033257134090707435,15.730607341321525,22.569996984482124,27.60565287160222,41.66666666666666,53.70370370370372,504766058.0,522761531.7,0.3892930325453583,0.2013239312034274,1.4324005297937399,5635862.9,-0.1494073054944296,0.9271068322119759,0.025720966484801253,-0.020909645909645835,-0.07440361677568286,1.0,11.0,0.025720966484801266,1.0,1670.08,1660.36,-0.004568400100720682,0.00026507301556688567,-0.011984528414162532,0.19657242289338311,-0.013794262485354314,-0.035603418880228554,-0.04324374846359891,-0.043768290788189335,1.2202729108871992,0.6557286444601608,0.0,0.0,0.0,0.0,0.0,0.0,0.0,0.0
2025-11-26,12.83,13.2,12.83,13.16,3984413,0.025720966484801266,0.0068859984697779986,0.0038138825324181003,-0.0067924528301887,0.03703703703703698,-0.0505050505050505,13.074000000000002,13.068999999999999,13.844333333333335,13.073544123951717,13.257965446203048,-0.1844213222513318,-0.24128022711238784,0.05685890486105605,-0.014013778286575363,0.004320585475764137,48.07428360560364,13.068999999999999,0.41114602349006096,13.891292046980121,12.246707953019877,0.12583855642820752,0.5553331388368644,0.4226398139277923,0.032115487380531334,15.21249547731278,21.834669924675485,25.87941235968932,64.58333333333334,54.86111111111114,508750471.0,521825580.8,0.3937169347113447,0.19926749363038876,1.2686420035832142,5494839.4,-0.5474864958447423,0.7251190999322018,0.02811550151975678,0.0069630423138726805,-0.049430573279079404,2.0,11.0,-0.017358490566037776,0.0,1667.31,1680.36,0.012045580476523154,0.01901758641600959,-0.003244692525343651,0.2012565934784727,0.013675386008278112,-0.02581003924619829,-0.047260357979706846,-0.04741420248811512,1.2348541470351806,0.6704948243042048,0.0,0.0,0.0,0.0,0.0,0.0,0.0,0.0
2025-11-27,13.25,13.3,13.02,13.02,2565070,-0.010638297872340496,0.014809041309431059,-0.0038255547054323324,-0.013636363636363669,0.03333333333333344,-0.06330935251798564,13.038,13.025,13.8195,13.065306566420682,13.240338376113934,-0.17503180969325172,-0.22803054362856062,0.052998733935308906,-0.013443303355856508,0.00407056328228179,45.85218261491958,13.025,0.3616409967445968,13.748281993489194,12.301718006510807,0.11106057481599896,0.49654353347310626,0.41245125579009295,0.03167828385484585,14.446689045298124,22.50770052379551,24.62450468289659,54.86111111111107,53.70370370370372,506185401.0,520537789.45,0.3942825583559587,0.28643963628373104,1.2743239309393561,5399505.95,-1.0022313569821348,0.4750564262272921,0.02150537634408611,-0.0003838771593090984,-0.05785303375664819,3.0,11.0,0.01067887109077037,1.0,1686.03,1684.32,0.002356637863315081,0.01710759122941563,0.008834610109189844,0.19818153537255184,-0.012994935735655577,-0.0307439548657793,-0.07214396262717548,-0.0715121803953247,1.2212173671961903,0.6654451779357209,0.0,0.0,0.0,0.0,0.0,0.0,0.0,0.0
2025-11-28,13.11,13.34,13.02,13.25,5247100,0.01766513056835639,0.006838905775075954,0.03273577552611062,0.01067887109077037,0.04743083003952564,-0.0370639534883721,13.065999999999999,12.999500000000001,13.8025,13.093720940817501,13.241054051957347,-0.14733311113984549,-0.2118910571308176,0.06455794599097212,-0.011119480086026074,0.004872297810639405,49.94552755870344,12.999500000000001,0.3230035847937027,13.645507169587408,12.353492830412595,0.09938954107271915,0.6938832971157185,0.4058475946622292,0.030630007144319186,13.619288949189178,21.944071606062785,23.237664330197727,70.83333333333333,63.425925925925945,511432501.0,519774011.6,0.39991062488360446,0.12427319048183193,0.9823207167295999,5400202.45,-0.05413645800513486,0.9716487573535322,0.024150943396226438,0.019269971921996865,-0.04002898025719981,4.0,11.0,-0.014136904761904767,0.0,1683.77,1690.99,0.003960055096418724,0.021789441245249064,0.031311560393986415,0.18603377424441725,0.013705075471937667,-0.011110570154478694,-0.06837551388235852,-0.06629957086511995,1.2361184560011402,0.6634693757296017,0.0,0.0,0.0,0.0,0.0,0.0,0.0,0.0
2025-12-01,13.44,13.58,13.25,13.25,5781075,0.0,0.01766513056835639,0.006838905775075954,0.01377199693955622,-0.010455563853622118,0.01067887109077037,13.102,13.006499999999999,13.794666666666668,13.117763872999424,13.241716714775322,-0.12395284177589794,-0.19430341405983367,0.07035057228393574,-0.00935493145478475,0.005309477153504584,49.94552755870344,13.006499999999999,0.32701641677783466,13.660532833555669,12.35246716644433,0.1005701508562134,0.6861527338590983,0.40042990932921285,0.030221125232393422,13.114043308377001,24.933440207080427,21.869772141915256,65.28925619834709,63.66123354759719,511432501.0,519396847.1,0.3617161028745512,0.29148652459933516,1.8143632759846662,5302642.85,0.17230942135458158,1.0902252260870258,0.024905660377358495,0.018721408526505945,-0.039483858496037194,0.0,12.0,0.0037878787878788955,1.0,1698.98,1701.67,0.006315826823340309,0.020198083909878983,0.052362399505256674,0.17742418472095306,-0.006315826823340309,-0.006426086970322764,-0.041683528414486304,-0.039609480948846976,1.2174294820936384,0.6459831470940769,0.0,0.0,0.0,0.0,0.0,0.0,0.0,0.0
2025-12-02,13.2,13.3,13.02,13.25,3193928,0.0,0.0,0.01766513056835639,0.03273577552611062,-0.003759398496240629,-0.010455563853622118,13.186000000000002,12.999500000000001,13.786833333333334,13.138107892537974,13.24233029145863,-0.10422239892065654,-0.17628721103199826,0.07206481211134172,-0.007865841427974078,0.0054388537442522054,49.945527558703446,12.999500000000001,0.31979393035960807,13.639087860719217,12.359912139280786,0.09840191710746037,0.6958292326861175,0.39182777294855486,0.029571907392343763,12.366233640063607,23.660766755709023,24.946281218715978,60.74766355140188,65.62341769436078,511432501.0,518364220.3,0.35344895408260923,0.42623643758081714,2.3624160415495092,4806876.95,-0.762282975663159,0.6644497109500587,0.021132075471698198,0.019269971921996865,-0.0389381172858162,1.0,12.0,0.0037481259370315545,1.0,1704.84,1717.06,0.009044056720750815,0.03414922065094328,0.03939515006234928,0.16469787085938437,-0.009044056720750815,-0.0014134451248326574,-0.0498507139159714,-0.047961272392872956,1.2152960654878275,0.645425786071275,0.0,0.0,0.0,0.0,0.0,0.0,0.0,0.0
2025-12-03,13.34,13.44,13.25,13.39,3530550,0.010566037735849187,0.010566037735849187,0.010566037735849187,0.01747720364741645,0.010566037735849187,0.021357742181540962,13.232,13.013499999999999,13.783666666666667,13.17686052445521,13.25326878838762,-0.07640826393241085,-0.15631142161208078,0.07990315767966993,-0.005706367732069518,0.005967375480184461,52.665884572412594,13.013499999999999,0.33082472700828963,13.675149454016578,12.35185054598342,0.10168662604473504,0.7845162175487622,0.3774115034522295,0.028186071953116468,11.686407231239832,25.459571476338276,24.04923205464505,73.83177570093464,66.62289848356123,514963051.0,517676063.7,0.34668878424935967,0.26741136049976433,2.645337603831687,4815461.75,-0.6089336956467604,0.7331695657223318,0.01418969380134425,0.028931494217543374,-0.02856037338879347,2.0,12.0,0.006721433905899854,1.0,1725.9,1731.77,0.008566969121638124,0.03059463448308697,0.04645625993268432,0.16633877504995728,0.0019990686142110636,-0.013117430835670518,-0.025098517751143357,-0.023984297014724598,1.2199622472160745,0.6494492403935521,0.0,0.0,0.0,0.0,0.0,0.0,0.0,0.0
2025-12-04,13.39,13.58,13.34,13.48,5103005,0.006721433905899854,0.017358490566037776,0.017358490566037776,0.03533026113671278,0.021212121212121238,0.017358490566037776,13.324000000000002,13.025,13.782833333333334,13.223497366846717,13.270063692951501,-0.046566326104784395,-0.1343624025106215,0.08779607640583711,-0.0034544752303252517,0.006513062047910765,54.3822739006798,13.025,0.34324304723299776,13.711486094465997,12.338513905534004,0.10541053273950039,0.8313978270411547,0.36759639606278455,0.027269762319197664,11.433296728004118,26.992639290111196,22.927696169299253,77.38095238095242,70.653463877763,520066056.0,517015501.8,0.3455489703099427,0.2965767135058783,2.737756985101267,4843056.45,0.12319422267173653,1.0536744827741993,0.017804154302670638,0.03493282149712096,-0.0219717764852414,3.0,12.0,-0.0029673590504452063,0.0,1735.41,1737.24,0.0031586180612899195,0.03141920775149609,0.057590220620464594,0.16232305649798615,0.0035628158446099345,0.0039110533852166895,-0.04023173005442682,-0.03804094371336353,1.2314956224037905,0.6534472045288923,0.0,0.0,0.0,0.0,0.0,0.0,0.0,0.0
2025-12-05,13.48,13.48,13.16,13.44,6566903,-0.0029673590504452063,0.0037341299477220424,0.014339622641509342,0.014339622641509342,0.02517162471395884,0.03944315545243615,13.362,13.0505,13.771999999999998,13.256805464254914,13.282651567547687,-0.025846103292773037,-0.11265914266705182,0.08681303937427878,-0.0019230731616646606,0.006459303524871934,53.454529762909374,13.0505,0.35457127559038754,13.759642551180775,12.341357448819224,0.10867668689793887,0.7746274351690314,0.3641966534868714,0.027097965289201744,10.656316420999689,25.298569324233156,25.01901867788155,72.61904761904756,74.61059190031158,513499153.0,516290845.35,0.3329829057425312,0.2643829072862832,3.502057425362519,4907151.0,0.7743519206474155,1.3382312873600182,0.023809523809523832,0.029845599785448762,-0.02410688353180357,4.0,12.0,0.010385756676557722,1.0,1755.72,1741.32,0.002348552876977328,0.02976362958976697,0.08893752735913951,0.11986418609965044,-0.005315911927422534,-0.01542400694825763,-0.04949437190670336,-0.04545198476788259,1.2133242154187023,0.6592590428420683,0.0,0.0,0.0,0.0,0.0,0.0,0.0,0.0
2025-12-08,13.48,13.86,13.48,13.62,8181001,0.013392857142857206,0.010385756676557722,0.017176997759521972,0.027924528301886742,0.0420811017597551,0.11002444987775051,13.436000000000002,13.118,13.755666666666665,13.312681546677235,13.307640340321932,0.0050412063553029185,-0.08911907286258088,0.0941602792178838,0.0003701326252057943,0.006913383202487797,57.00877865179768,13.118,0.32547293524816995,13.76894587049634,12.46705412950366,0.09924468219184937,0.8855927372403705,0.36818260680923776,0.027032496828872085,10.911988381611769,30.609327079750393,22.980436337338425,76.69902912621356,75.56634304207121,521680154.0,516570927.55,0.2688511498527463,1.6886721947198011,4.129041876660496,4720512.45,2.1722394878843603,1.7330747639485624,0.02790014684287805,0.038268028662905795,-0.009862602079143024,0.0,12.0,0.010279001468428861,1.0,1757.42,1753.74,0.00713252015712218,0.030599352400876745,0.10958280081491134,0.10434114095707936,0.006260336985735027,-0.002674824098990003,0.0004416490628391667,0.0003980316408247475,1.1926800998533094,0.6576571108035165,0.0,0.0,0.0,0.0,0.0,0.0,0.0,0.0
2025-12-09,13.62,13.86,13.25,13.76,7027117,0.010279001468428861,0.023809523809523725,0.020771513353115667,0.03849056603773593,0.07248636009353082,0.1087832393231265,13.538,13.1855,13.748666666666667,13.381499770265352,13.341148463261048,0.040351307004304005,-0.0632249968892039,0.1035763038935079,0.0029325077764755817,0.007527347666679353,59.59320987895838,13.1855,0.31055934257927525,13.80661868515855,12.564381314841448,0.09421238256547743,0.962471999094142,0.385455277751435,0.02801273820867987,10.477939947335942,27.149283371813716,24.644875091912347,90.29126213592235,79.86977962706119,528707271.0,517023597.35,0.26854374188595476,1.704385894683953,4.19161017175845,4893100.05,1.2945421915311337,1.4361277979590874,0.04433139534883717,0.0435705889044784,0.0008243223585318038,1.0,12.0,-0.026889534883720922,0.0,1772.03,1747.17,-0.003746279380067663,0.01753578791655519,0.09635983709941587,0.1083441595556448,0.014025280848496524,0.02095477812118074,0.012423402223710633,0.011331500665491934,1.1776645646450086,0.6565891721498976,0.0,0.0,0.0,0.0,0.0,0.0,0.0,0.0
2025-12-10,13.76,13.81,13.39,13.39,3827587,-0.026889534883720922,-0.016886930983847193,-0.0037202380952380265,0.0,0.01747720364741645,0.05516154452324673,13.538,13.220499999999998,13.7425,13.382807497916836,13.344767095612081,0.03804040230475536,-0.04297191705041205,0.08101231935516741,0.002840956109391737,0.006050210556771278,50.886635650151014,13.220499999999998,0.2905797290718728,13.801659458143742,12.639340541856253,0.08791792415472105,0.6458291675587585,0.3879227579120468,0.028971079754447106,10.074894972651247,25.04969399598474,22.738964088554816,54.368932038835034,73.78640776699034,524879684.0,517066322.3,0.28336719120563103,1.5194580643670845,4.2797130684262745,4865913.9,-0.6247609425613622,0.7866121511110173,0.031366691560866314,0.012820997692976954,-0.0256503547389485,2.0,12.0,-0.00667655786350152,0.0,1748.82,1718.98,-0.016134663484377643,-0.007385507313326767,0.05338693270256045,0.10683588987322112,-0.01075487139934328,0.007385507313326767,0.0017746118206862782,0.001684672332258108,1.1751028144364857,0.6645927644186781,0.0,0.0,0.0,0.0,0.0,0.0,0.0,0.0
2025-12-11,13.48,13.67,13.39,13.39,2974993,0.0,-0.026889534883720922,-0.016886930983847193,-0.00667655786350152,0.028417818740399392,0.0626984126984127,13.52,13.26,13.730833333333333,13.383914036698862,13.348117681122297,0.03579635557656502,-0.027218262525016638,0.06301461810158165,0.0026733648675552665,0.004706095451947846,50.886635650151014,13.26,0.2530654169642177,13.766130833928436,12.753869166071564,0.07633949229689839,0.6284252917284051,0.3802139894897577,0.028395368893932613,9.700638924729743,23.732031064665396,21.542850072914824,54.368932038835034,66.3430420711975,524879684.0,517293973.75,0.2811810380754963,1.4984929842317167,4.367107883222808,4829737.05,-1.0934515731823913,0.6159741139530568,0.020911127707244164,0.009803921568627416,-0.02482247982035557,3.0,12.0,-0.05208333333333326,0.0,1710.28,1698.9,-0.01168134591443759,-0.022069489535124664,0.04134997302996135,0.11803348045582594,0.01168134591443759,0.015392931671623145,0.021348439668451347,0.020500734835892764,1.1688763661184356,0.6716819424473865,0.0,0.0,0.0,0.0,0.0,0.0,0.0,0.0
2025-12-12,13.44,13.48,12.74,12.74,6551606,-0.04854368932038833,-0.04854368932038833,-0.0741279069767442,-0.05208333333333326,-0.03849056603773582,0.007114624505928813,13.38,13.264499999999998,13.709166666666667,13.28485033874519,13.303071926965089,-0.018221588219898166,-0.025418927663992945,0.007197339444094779,-0.0014302659513263866,0.000564940301734284,39.21392248255976,13.264499999999998,0.24221510666110896,13.748930213322216,12.78006978667778,0.07304160930637692,-0.04135764613336301,0.4059129902404893,0.03186130221667891,10.347822801107696,20.641695484293905,30.175645088730853,0.0,36.245954692556715,518328078.0,516993834.25,0.335745976716716,0.4403233579890742,3.0792439958644344,4957106.7,0.9236235173356047,1.3216592654743542,0.05808477237048667,-0.03954163368389296,-0.07069479059023764,4.0,12.0,-0.014913657770800559,0.0,1702.72,1646.89,-0.030613926658425994,-0.05422897571956897,0.006988859403470604,0.16540455976877194,-0.017929762661962334,0.0021456423862357132,0.0001257651024582085,0.0001248922480956427,1.201467081660662,0.6962351226946083,0.0,0.0,0.0,0.0,0.0,0.0,0.0,0.0
2025-12-15,12.74,12.97,12.55,12.55,5396354,-0.014913657770800559,-0.0627333831217326,-0.0627333831217326,-0.07856093979441992,-0.05283018867924527,-0.0627333831217326,13.166,13.2225,13.686666666666667,13.1717964404767,13.247288821263972,-0.0754923807872725,-0.035433618288648855,-0.04005876249862364,-0.006015329146396214,-0.0031919332668226006,36.57301171127966,13.2225,0.28783904493586004,13.79817808987172,12.64682191012828,0.08707552881402468,-0.08409379463256435,0.40691920522331154,0.03242384105365032,11.332725507411778,19.119892491021613,31.286119843130678,0.0,18.122977346278372,512931724.0,516047802.65,0.26041624324321644,-0.9220471033677513,2.1339131779028073,4850850.0,0.3362154092600051,1.1124553428780524,0.033466135458167325,-0.050860276044620845,-0.08304919629810037,0.0,12.0,0.02529644268774711,1.0,1645.87,1646.01,-0.000534340484185436,-0.06142871805398753,-0.005083352473978842,0.16003487535548946,-0.014379317286615123,-0.017132221740432385,-0.05765003064775376,-0.057944583389078264,1.2142286541083804,0.6957278183073089,0.0,0.0,0.0,0.0,0.0,0.0,0.0,0.0
2025-12-16,12.65,13.07,12.46,12.97,4523579,0.033466135458167345,0.018053375196232402,-0.031366691560866355,-0.057412790697674354,-0.021132075471698042,-0.024812030075187952,13.008,13.206,13.670333333333334,13.140750834249515,13.226748908577752,-0.0859980743282378,-0.04554650949656665,-0.04045156483167116,-0.006630537727697595,-0.0031188561936523634,45.33674763550752,13.206,0.2925819723196043,13.791163944639209,12.62083605536079,0.0886209214961698,0.2983471109575045,0.4214249762787893,0.03249228807083957,11.926763228787486,18.83800289651015,28.051425620545437,36.42857142857145,12.14285714285718,517455303.0,515574444.05,0.29036281620135884,-0.5650589031549621,1.492730915282805,4830534.9,-0.18901400346104105,0.9364550911328681,0.0470316114109483,-0.01787066484931088,-0.051230157762551465,1.0,12.0,0.0,0.0,1647.42,1679.18,0.02015176092490334,-0.03891435864855741,0.01160296881777434,0.17537055917715566,0.013314374533264006,-0.018498432049116942,-0.03641499889296229,-0.03599732307579051,1.232617967187489,0.7064104016221555,0.0,0.0,0.0,0.0,0.0,0.0,0.0,0.0
2025-12-17,12.97,13.25,12.93,12.97,3769592,0.0,0.033466135458167345,0.018053375196232402,-0.031366691560866355,-0.031366691560866355,-0.021132075471698042,12.924000000000001,13.191999999999998,13.647833333333333,13.114481475134205,13.207730470905327,-0.09324899577112156,-0.05508700675147763,-0.038161989019643926,-0.007189591038636974,-0.0029423276036733945,45.33674763550752,13.191999999999998,0.2970309216582781,13.786061843316554,12.597938156683442,0.09006395441427474,0.31315076662674896,0.41418033511601865,0.031933718975791725,11.9187363281119,20.902638249431828,26.503366989090324,36.42857142857145,24.28571428571433,517455303.0,515443753.3,0.2902119389035047,-0.6000213828949711,1.5327848623835514,4676346.65,-0.5785743825335323,0.8060976403449475,0.024672320740169642,-0.01682838083687066,-0.04966600315068315,2.0,12.0,0.010794140323824086,1.0,1680.18,1673.66,-0.0032873188103716977,-0.026364471954298474,0.014954517889630203,0.17395832109554235,0.0032873188103716977,-0.0050022196065678814,-0.036086593361328245,-0.035554887165153204,1.2173536298951906,0.7005017619164482,0.0,0.0,0.0,0.0,0.0,0.0,0.0,0.0
2025-12-18,12.97,13.11,12.83,13.11,3032436,0.010794140323824086,0.010794140323824086,0.04462151394422298,-0.020911127707244348,-0.027448071216617298,-0.006818181818181834,12.868,13.1875,13.611333333333333,13.11379201742125,13.200491176764192,-0.08669915934294181,-0.061409437269770474,-0.025289722073171338,-0.006613208187867415,-0.0019290405852914827,48.10853091400335,13.1875,0.29758457444478176,13.782669148889564,12.592330851110436,0.09026261973680592,0.4348924586022343,0.40459602546487444,0.030861634284124674,12.148755587540332,19.86937855661033,26.958681334534624,46.428571428571374,39.76190476190479,520487739.0,515611680.9,0.2928981409698939,-0.7001900371101275,1.4846530347466302,4680971.9,-1.0554306945038228,0.6478218764782586,0.02135774218154076,-0.00587677725118485,-0.03683205172160453,3.0,12.0,-0.02127659574468077,0.0,1675.54,1676.98,0.0019836764934335616,-0.012902466301724647,0.012675197313993358,0.17355071275154468,0.008810463830390525,-0.008008661405519701,-0.019493379132175193,-0.019249389324315636,1.1904924055088169,0.738361639890123,0.0,0.0,0.0,0.0,0.0,0.0,0.0,0.0
2025-12-19,13.16,13.2,12.83,12.88,4300842,-0.01754385964912275,-0.006939090208172738,-0.006939090208172738,0.01098901098901095,-0.04166666666666652,-0.01754385964912275,12.896,13.175999999999998,13.568666666666667,13.077824014741058,13.176751089596474,-0.09892707485541585,-0.06891296478689955,-0.0300141100685163,-0.0076806735136192425,-0.0023302880487978492,44.147950518601334,13.175999999999998,0.3050867003606601,13.786173400721319,12.565826599278678,0.09261891328496065,0.2574459984243174,0.4021248807888119,0.031220875837640674,12.072423913399803,20.162167831925714,25.18689483410164,30.000000000000025,37.61904761904765,516186897.0,515775531.75,0.2985427540359389,-0.6096034765621775,1.074139458796618,4685048.65,-0.24616114913295323,0.9179930287383461,0.028726708074534098,-0.022465088038858383,-0.050754188571709324,4.0,12.0,0.0038550501156513484,1.0,1678.72,1704.31,0.016297153215899973,0.034865716593093454,0.029838120041330907,0.18203872883760128,-0.033841012865022724,-0.023876705604082504,-0.04738197969045366,-0.04600915305849429,1.148282203821285,0.7187058491164767,0.0,0.0,0.0,0.0,0.0,0.0,0.0,0.0
2025-12-22,12.97,13.11,12.88,13.02,6001068,0.01086956521739113,-0.006864988558352381,0.0038550501156513484,0.03745019920318726,-0.04405286343612336,-0.0038255547054323324,12.99,13.1735,13.526,13.068928012473203,13.165139897774512,-0.09621188530130986,-0.07437274888978163,-0.021839136411528237,-0.00738954572206681,-0.0016773530269990967,47.007739990581165,13.1735,0.30620383647792077,13.785907672955842,12.56109232704416,0.09297569711251245,0.37467498630518514,0.38983024644675385,0.029940879143375874,12.00154450169788,19.31247590216706,24.125446409774536,39.99999999999995,38.80952380952381,522187965.0,516385374.75,0.3011758794730196,-0.702677970067236,1.0412261349124226,4839163.3,0.7598806140240183,1.2401044618601733,0.017665130568356273,-0.011652180513910593,-0.03740943368327665,0.0,12.0,-0.02822273073989312,0.0,1717.42,1751.03,0.027412853295468498,0.06380277155059799,0.04979076487727663,0.20305832581747776,-0.016543288078077367,-0.02635257234741073,-0.05361631958270896,-0.0510733389705299,1.1089759998896513,0.7145711956214803,0.0,0.0,0.0,0.0,0.0,0.0,0.0,0.0
2025-12-23,13.11,13.11,12.74,12.74,9709484,-0.021505376344086002,-0.010869565217391353,-0.02822273073989312,-0.017733230531996935,-0.0741279069767442,-0.007014809041309467,12.943999999999999,13.169,13.485666666666667,13.01832370286194,13.13364805349492,-0.11532435063297974,-0.08256306923842126,-0.032761281394558486,-0.009052146831474078,-0.0025715291518491746,42.33851066210549,13.169,0.31212177110883005,13.793243542217661,12.54475645778234,0.09480500299455705,0.1563841105380496,0.3884138002719857,0.030487739424802644,12.315509282863243,17.99841046863823,25.058469170704598,19.999999999999975,30.00000000000001,512478481.0,516770995.9,0.3039087902159543,-0.6877598018771962,0.9039550093880815,5063385.15,2.4743782643689674,1.9175874859134505,0.029042386185243265,-0.03257650542941759,-0.055293274340658005,1.0,12.0,-0.014913657770800559,0.0,1765.0,1772.15,0.012061472390535899,0.05536630974642387,0.06732877207352628,0.2039474974508863,-0.0335668487346219,-0.0730995402784208,-0.07434358111483574,-0.06965387147805135,1.074765690348677,0.6983411247763864,0.0,0.0,0.0,0.0,0.0,0.0,0.0,0.0
2025-12-24,12.74,12.83,12.55,12.55,7414152,-0.014913657770800559,-0.036098310291858615,-0.025621118012422395,-0.03238242097147259,-0.0627333831217326,-0.046352583586626084,12.86,13.138499999999999,13.4445,12.946273902421641,13.090414864347148,-0.14414096192550652,-0.09487864777583832,-0.049262314149668196,-0.011485335611594144,-0.003925283995989497,39.47328177794238,13.138499999999999,0.3414716602251995,13.821443320450397,12.4555566795496,0.10396062266627067,0.0691443327889315,0.38066995739541526,0.03033226752154703,13.086980728170886,17.05279287423781,27.3070665635365,6.428571428571425,22.142857142857142,505064329.0,516586688.8,0.29197770068979734,-0.5990967375250447,0.994096599786026,5234872.1,1.1292493811760054,1.4163005052215125,0.0223107569721115,-0.044792023442554174,-0.06653278292238451,2.0,12.0,-0.007081038552321117,0.0,1782.71,1782.82,0.006020935022430285,0.06522232711542353,0.06097502916041808,0.20164564243938543,-0.020934592793230844,-0.09760474808689612,-0.10732761274704417,-0.10115941449816757,1.068443255940827,0.6935993185883992,0.0,0.0,0.0,0.0,0.0,0.0,0.0,0.0
2025-12-25,12.71,12.91,12.62,12.62,3137392,0.005577689243027706,-0.009419152276295195,-0.030721966205837226,-0.037376048817696406,-0.05750560119492165,-0.030721966205837226,12.762,13.118500000000001,13.415333333333335,12.896077917433695,13.055569318839952,-0.15949140140625673,-0.107801198501922,-0.05169020290433472,-0.012637987433142372,-0.004095895634257902,41.055960492189726,13.118500000000001,0.35998940042890726,13.838478800857816,12.398521199142186,0.1097654153840477,0.15380925146263577,0.3791935318671713,0.030047031051281405,13.494139929711409,17.40334786018216,25.45528995707328,11.428571428571324,12.619047619047604,508201721.0,516687504.8,0.2914412116736517,-0.7396012477461715,1.1720212344209366,5263488.2,-1.1237001318423803,0.5960670720226939,0.0229793977812996,-0.037999771315318176,-0.059285394821845805,3.0,12.0,-0.011137629276054106,0.0,1779.19,1742.85,-0.022419537586520266,0.039278941907476383,0.0347499287546309,0.22100936810447147,0.027997226829547972,-0.07665499072517279,-0.06547189496046812,-0.06327315725381744,0.9862346640100689,0.6714913735986021,0.0,0.0,0.0,0.0,0.0,0.0,0.0,0.0
2025-12-26,12.57,12.71,12.33,12.43,4790108,-0.015055467511885912,-0.009561752988047845,-0.024332810047095754,-0.03493788819875787,-0.024332810047095754,-0.06188679245283024,12.672,13.0775,13.389166666666666,12.824373622443895,13.009230850777733,-0.1848572283338381,-0.12321240446830524,-0.06164482386553287,-0.014871860686551738,-0.004959358315811172,38.14071764039625,13.0775,0.389694549750665,13.85688909950133,12.29811090049867,0.11919542718429821,0.08461056203231133,0.379251136733802,0.030510952271424138,14.572365572105587,16.157796986308476,29.095356232109115,6.53594771241828,8.131030189853705,503411613.0,516286460.4,0.2861515010167592,-0.5725696764881973,1.1389171632447934,5240638.6,-0.23774514833294372,0.9140313548810636,0.030571198712791698,-0.04951252150640417,-0.07163751789381967,4.0,12.0,0.004022526146419958,1.0,1706.39,1729.8,-0.007487735605473778,0.014956199282994298,0.022951052342119027,0.22325102072263572,-0.007567731906412134,-0.04989408748175217,-0.08483784479494927,-0.08293441274702928,0.9819022022020912,0.6745993293925204,0.0,0.0,0.0,0.0,0.0,0.0,0.0,0.0
2025-12-29,12.43,12.57,12.33,12.48,3131875,0.004022526146419958,-0.011093502377178988,-0.005577689243027928,-0.041474654377880116,-0.005577689243027928,-0.058113207547169754,12.564000000000002,13.039000000000001,13.355333333333332,12.771393065144835,12.970028565534939,-0.19863550039010391,-0.13829702365266497,-0.060338476737438945,-0.015916306121001915,-0.004834813841140941,39.360976055522,13.039000000000001,0.40929850128971146,13.857597002579425,12.220402997420578,0.12556131644749188,0.15856215070506274,0.36930462696710187,0.029591716904415213,15.573575097185897,15.407763585009532,27.74477056654686,10.135135135135156,9.366551425374949,506543488.0,516042009.75,0.28707180074935973,-0.6009576485536281,1.1128401194943014,5108178.6,-1.0149866886003718,0.6131099253264168,0.019230769230769246,-0.04287138584247263,-0.06554185593770268,0.0,12.0,-0.0031948881789136685,0.0,1733.39,1754.84,0.014475661926234284,0.0021758622068153155,0.03124577620807778,0.22755418769866834,-0.010453135779814327,-0.04365051658469543,-0.08935898375524753,-0.08665149066968614,0.9503480714474966,0.6530372710001605,0.0,0.0,0.0,0.0,0.0,0.0,0.0,0.0
2025-12-30,12.52,12.62,12.43,12.48,5106571,0.0,0.004022526146419958,-0.011093502377178988,-0.020408163265306145,-0.037779491133384746,-0.058113207547169754,12.512,13.000499999999999,13.323833333333335,12.726563362814861,12.93373015327309,-0.2071667904582295,-0.1520709770137779,-0.05509581344445161,-0.0165999030815889,-0.00441472864138234,39.360976055522,13.000499999999999,0.42434438595891044,13.84918877191782,12.151811228082178,0.1305624817380595,0.19335048534706048,0.3564971536123088,0.028565477052268334,16.286820718641877,15.823019338676577,26.68855968755609,11.194029850746297,9.288370899433273,506543488.0,515797559.1,0.28707180074935973,-0.6009576485536281,1.1128401194943014,5203810.75,-0.05132976237103476,0.9813137420495163,0.015224358974358934,-0.04003692165685924,-0.0633326244949527,1.0,12.0,-0.003977724741447974,0.0,1758.45,1766.9,0.006872421417337238,-0.002962503174110509,0.029026359009003855,0.22674582468279067,-0.006872421417337238,-0.017445660091195636,-0.08713956655617361,-0.0846815689348257,0.9480066121172375,0.6518222443045547,0.0,0.0,0.0,0.0,0.0,0.0,0.0,0.0
2025-12-31,12.57,12.62,12.48,12.52,2197654,0.0032051282051281937,0.0032051282051281937,0.007240547063555924,-0.0023904382470120167,-0.03469545104086358,-0.06497386109036607,12.506,12.956999999999999,13.292333333333334,12.694784383920267,12.903083475252862,-0.20829909133259505,-0.16331659987754132,-0.04498249145505373,-0.016637307614424526,-0.003592850755195985,40.450863762384564,12.956999999999999,0.426899470478523,13.810798940957046,12.103201059042952,0.1317896026791768,0.24408494843636486,0.34103307121142956,0.027239063195801085,16.94912022427957,15.359046173772969,25.90597987520089,16.521739130434735,12.616968038772091,508741142.0,515486463.65,0.28368436956968124,-0.5764732416588491,1.2550073009458502,5137165.95,-1.4861197509152881,0.42779501799041547,0.011182108626197987,-0.03372694296519252,-0.05810366878150319,2.0,12.0,-0.04952076677316286,0.0,1760.81,1784.49,0.009955288924104355,0.0009367182329118595,0.030442841716856073,0.22737006555256575,-0.006750160718976161,-0.003327156479923876,-0.09541670280722214,-0.09259776374228101,0.946280389086445,0.6516320787972473,0.0,0.0,0.0,0.0,0.0,0.0,0.0,0.0
2026-01-05,12.52,12.62,11.9,11.9,5913454,-0.04952076677316286,-0.04647435897435903,-0.04647435897435903,-0.05705229793977806,-0.09229595728451556,-0.1172106824925816,12.362,12.878,13.248833333333332,12.57250986331715,12.828780995604502,-0.25627113228735254,-0.1819075063595036,-0.07436362592784895,-0.021535389267844752,-0.006249044195617559,31.11564100399964,12.878,0.4691268485176519,13.816253697035304,11.939746302964696,0.14571419429030963,-0.021180999920536694,0.3681021375534702,0.03093295273558573,18.84406282546143,13.213191198649742,33.54122379173475,0.0,9.238589660393705,502827688.0,514624545.25,0.3248551606763546,-0.6076672763338306,0.5725266936999234,5177688.4,0.37056410711630405,1.1421031053162642,0.06050420168067217,-0.07594346948283892,-0.10180770633892278,0.0,1.0,-0.016528925619834656,0.0,1787.13,1788.4,0.002191102219681884,0.026135353013742035,0.029449011075038722,0.22730793236973404,-0.051711868992844745,-0.0831876509535201,-0.14665969356762032,-0.14246426193995343,0.9409964292401309,0.6202946696310818,0.0,0.0,0.0,0.0,0.0,0.0,0.0,0.0
2026-01-06,12.1,12.14,11.62,11.9,6124584,0.0,-0.04952076677316286,-0.04647435897435903,-0.042638777152051444,-0.07608695652173914,-0.11458333333333326,12.256,12.800999999999998,13.202333333333334,12.469046807422204,12.759982403337501,-0.29093559591529683,-0.20371312427066224,-0.08722247164463459,-0.024448369404646793,-0.00732961946593568,31.11564100399964,12.800999999999998,0.4975508437389735,13.796101687477945,11.805898312522052,0.155472492379962,0.04728244794582063,0.37895198487107956,0.03184470461101509,21.052709035874805,11.918104505121356,35.53140499256307,17.17791411042951,11.233217746954777,502827688.0,514090972.0,0.32539437490608353,-0.6274951200272021,0.5678504694797805,5155572.45,0.49147110877636113,1.1879542105940146,0.043697478991596754,-0.07038512616201842,-0.09864417905925715,1.0,1.0,0.0158995815899583,1.0,1795.57,1816.27,0.015583762021919023,0.04998843796970753,0.04304206004640165,0.2327153527880663,-0.015583762021919023,-0.09262721512175898,-0.1576253933797349,-0.15112084106437917,0.9287510663849111,0.6127312420094158,0.0,0.0,0.0,0.0,0.0,0.0,0.0,0.0
2026-01-07,11.95,12.19,11.9,12.14,4151004,0.020168067226890685,0.020168067226890685,-0.030351437699680406,-0.027243589743589758,-0.06758832565284167,-0.10866372980910421,12.187999999999999,12.727,13.1605,12.418424221664942,12.714057780868057,-0.2956335592031145,-0.2220972112571527,-0.07353634794596181,-0.024352022998609103,-0.006057359797855173,37.582483581517806,12.727,0.4790462014858207,13.685092402971641,11.76890759702836,0.15056060390848441,0.19366211537668626,0.3725982716660024,0.03069178514546972,22.879567086561995,12.214047464700876,33.556066589743786,31.901840490797614,16.35991820040907,506978692.0,513355898.9,0.3315429719922473,-0.5798960887823348,0.4380127634739805,4954072.6,-0.43450074292566526,0.8378972887882185,0.0238879736408566,-0.046122416908933705,-0.07754264655598198,2.0,1.0,-0.015522875816993409,0.0,1832.23,1861.58,0.024946731488159735,0.06082605821613374,0.06149144114863092,0.24592746952250288,-0.00477866426126905,-0.0880696479597235,-0.17015517095773514,-0.16029820341614032,0.9364768110563864,0.6243702812254694,0.0,0.0,0.0,0.0,0.0,0.0,0.0,0.0
2026-01-08,12.24,12.33,12.0,12.05,4175802,-0.007413509060955503,0.012605042016806678,0.012605042016806678,-0.034455128205128194,-0.05416012558869698,-0.12427325581395343,12.102,12.6415,13.122666666666667,12.361743572178028,12.664868315618572,-0.3031247434405433,-0.23830271769383085,-0.06482202574671245,-0.025155580368509817,-0.005379421223793564,36.2096681164105,12.6415,0.4356033323540933,13.512706664708187,11.770293335291814,0.13783279906786158,0.16052830863149734,0.36955553797557367,0.030668509375566276,23.953836989798557,14.140949863508483,31.415753847872427,27.215189873417813,25.43164815821501,502802890.0,512060679.85,0.32626320624582483,-0.49157563999908416,0.5567148681658773,4811506.85,-0.3553503937181118,0.867878219896954,0.027385892116182576,-0.046790333425622,-0.08174151595204227,3.0,1.0,-0.031173092698933424,0.0,1880.81,1855.56,-0.003233812138076275,0.050178278340596405,0.06203746630264928,0.24574484631836876,-0.004179696922879228,-0.0846334065457246,-0.1863107221166027,-0.17542763605621203,0.9323243133753648,0.6259011728428361,0.0,0.0,0.0,0.0,0.0,0.0,0.0,0.0
2026-01-09,12.19,12.19,11.76,11.81,5170005,-0.01991701244813282,-0.027182866556836882,-0.007563025210084007,-0.056709265175718726,-0.05896414342629486,-0.11799850634802089,11.96,12.5625,13.081666666666667,12.2768599456891,12.601544736683863,-0.32468479099476255,-0.2555791323540172,-0.06910565864074536,-0.027492361642232222,-0.005851452890833646,32.771863148551546,12.5625,0.43598497076956166,13.434469941539124,11.690530058460876,0.13882108522015904,0.06850576828843821,0.373872999548747,0.031657324263230056,25.38957640425974,12.979247427378004,33.42010633007082,12.025316455696283,23.714115606637264,497632885.0,510698339.9,0.3213602472740783,-0.5286538911015946,0.7936523542203875,4878627.75,0.16413551179311578,1.0597252475350267,0.036409822184589304,-0.059900497512437756,-0.09720983564785324,4.0,1.0,0.057659208261617856,1.0,1861.02,1867.9,0.0066502834723749515,0.04674164607254738,0.08663277059651664,0.2351371855338518,-0.026567295920507772,-0.10345091124826611,-0.20463127694453753,-0.1883168651652236,0.9227362018083389,0.6167907545788416,0.0,0.0,0.0,0.0,0.0,0.0,0.0,0.0
2026-01-12,11.62,12.33,11.62,12.29,7846643,0.040643522438611246,0.01991701244813271,0.012355848434925765,0.03277310924369736,-0.02614896988906501,-0.08215085884988804,12.038,12.5075,13.040833333333333,12.278881492506162,12.578467348781354,-0.29958585627519163,-0.2643804771382521,-0.03520537913693955,-0.024376391885695008,-0.002864554852476774,44.18537689163902,12.5075,0.3934045059010505,13.2943090118021,11.7206909881979,0.12581395351622635,0.3617834844685872,0.3978820710095508,0.032374456550817804,26.722763003402264,11.32490482099136,29.16035967517735,44.96644295302013,28.068983094044768,505479528.0,509728332.1,0.36141527624778375,-0.16625677137791436,0.4558344992022506,5122210.25,1.4858856204129895,1.5318861618380464,0.05777054515866566,-0.017389566260243905,-0.05757556393379781,0.0,1.0,-0.019230769230769273,0.0,1880.38,1877.33,0.0050484501311631735,0.04972601207783489,0.1050267820354347,0.22746075073468122,0.03559507230744807,-0.01695290283413753,-0.18717764088532274,-0.16938742474688773,0.9251256823436558,0.6117469620453205,0.0,0.0,0.0,0.0,0.0,0.0,0.0,0.0
2026-01-13,12.48,12.52,12.24,12.24,4877003,-0.004068348250610199,0.03640982218458921,0.015767634854771728,0.02857142857142847,-0.01528559935639573,-0.039246467817896424,12.106,12.4825,13.0015,12.27289972442829,12.553395693316068,-0.2804959688877773,-0.2676035754881571,-0.012892393399620172,-0.022916337327432784,-0.0010533001143480532,43.35959200918923,12.4825,0.3937388260738148,13.26997765214763,11.69502234785237,0.12617306663691236,0.3460273765619586,0.38946192308029715,0.031818784565383756,27.10479084098164,14.227999305249623,27.662890580147735,41.61073825503362,32.867499221250036,500602525.0,508842054.45,0.32097906670775656,0.01850563181587993,1.075480456363807,5038480.1,-0.08956967870391967,0.9679512279903617,0.022875816993464,-0.019427198077308194,-0.05857016498096368,1.0,1.0,0.004084967320261423,1.0,1873.93,1902.93,0.013636387848700027,0.047713170398674176,0.1554687926941083,0.18570139312813064,-0.017704736099310225,-0.019141741827245706,-0.19471526051200472,-0.1685162435741806,0.9358014921009583,0.6114115471019076,0.0,0.0,0.0,0.0,0.0,0.0,0.0,0.0
2026-01-14,12.24,12.57,12.19,12.29,7510189,0.004084967320261423,0.0,0.040643522438611246,0.012355848434925765,-0.015224358974359031,-0.0207171314741037,12.136,12.4695,12.979333333333333,12.275530536054708,12.533884901218581,-0.2583543651638731,-0.26575373342330033,0.007399368259427219,-0.02102151059103931,0.0006020641382772352,44.47708625785433,12.4695,0.39568029359185014,13.2608605871837,11.6781394128163,0.12692739679757808,0.3865877307342239,0.38878607143170457,0.03163434267141616,27.459530975876774,13.234680405863843,25.731623123959206,51.937984496123995,46.17172190139261,508112714.0,508601103.95,0.31775673172296864,-0.12132592369166975,1.2626867497349632,5144171.85,1.2551914985602537,1.4599413120306237,0.030919446704637983,-0.014395124102810963,-0.05311007242282606,2.0,1.0,-0.004068348250610199,0.0,1910.32,1894.44,-0.004461540886948057,0.017651672235412974,0.1509286091822042,0.18840691511527732,0.00854650820720948,-0.005295823800487209,-0.1716457406563079,-0.14913673992192378,0.8521494356089506,0.5179893389938608,0.0,0.0,0.0,0.0,0.0,0.0,0.0,0.0
2026-01-15,12.29,12.48,12.14,12.24,5498032,-0.004068348250610199,0.0,-0.004068348250610199,0.015767634854771728,-0.019230769230769273,-0.05628373168851197,12.174,12.433,12.954,12.2700642997386,12.512115649276463,-0.24205134953786356,-0.261013256646213,0.01896190710834944,-0.019775437053747024,0.0015491754173488105,43.55172989180494,12.433,0.38045817254032166,13.193916345080643,11.672083654919357,0.12240269365087157,0.3731792257797109,0.3853013520437257,0.03147886863102334,27.909066205878535,12.400492658287305,25.03666581656072,48.06201550387601,47.20357941834457,502614682.0,507859072.9,0.2907722284923112,-0.20058347785729366,2.230476016908781,5192894.5,0.16224775121398224,1.0587605814059962,0.027777777777777766,-0.015523204375452404,-0.055118110236220486,3.0,1.0,-0.008136696501220508,0.0,1883.7,1864.8,-0.015645784506239324,0.004979628791308199,0.11054205028644937,0.19816371966939436,0.011577436255629125,0.010788006063463529,-0.16682578197496134,-0.1502201397344035,0.8273995126951464,0.507622708998122,0.0,0.0,0.0,0.0,0.0,0.0,0.0,0.0
2026-01-16,12.29,12.48,12.19,12.19,4844221,-0.004084967320261534,-0.008136696501220508,-0.004084967320261534,0.03217612193056718,-0.02635782747603832,-0.060138781804163544,12.25,12.394,12.927833333333332,12.25774671516343,12.48825523081154,-0.23050851564810948,-0.2549123084465923,0.024403792798482815,-0.018909640332084452,0.0020019518292438733,42.5973098618153,12.394,0.36204681290812457,13.118093625816249,11.669906374183752,0.1168458327926817,0.359134238497102,0.3784941126120311,0.031049558048566947,28.326491776594455,11.721836532967426,23.666455206207235,52.293577981651325,50.76452599388381,497770461.0,506874830.8,0.290624677845201,-0.16391726536449114,2.2321072519065632,5246625.95,-0.2171602446820925,0.9233021462107471,0.02378999179655463,-0.016459577214781418,-0.05707323990872404,4.0,1.0,0.007352941176470562,1.0,1875.14,1879.13,0.007684470184470271,0.006012099148776651,0.12276687021258792,0.1956467451551971,-0.011769437504731806,0.02616402278179053,-0.18290565201675146,-0.16290617123581463,0.8261674348185042,0.5063552803310365,0.0,0.0,0.0,0.0,0.0,0.0,0.0,0.0
2026-01-19,12.24,12.67,12.24,12.33,6453924,0.011484823625922846,0.007352941176470562,0.0032546786004883366,0.0032546786004883366,0.03613445378151248,-0.05949656750572074,12.258,12.355,12.906333333333333,12.268862605138287,12.476532621121796,-0.20767001598350987,-0.24546384995397583,0.037793833970465956,-0.016842661474737217,0.0030651933471586338,46.15541582194048,12.355,0.3204848300869746,12.99596966017395,11.714030339826051,0.10375874709412373,0.4804982969137605,0.3857445331397432,0.031285039184082986,27.774183548236472,14.198219830209455,21.562935255448206,67.61904761904765,55.991547034858364,504224385.0,506061663.1,0.2910674717994586,-0.1655530802616435,2.2035071063957434,5417700.35,0.5773212182831648,1.1912663276033715,0.03487429034874288,-0.0020234722784298054,-0.04465507890183107,0.0,1.0,-0.018370607028754038,0.0,1894.67,1896.59,0.009291533848110545,0.010259251170545491,0.13095564645970725,0.19543672580504487,0.0021932897778123017,-0.007004572570057155,-0.190452213965428,-0.16839936611273043,0.8355894505565133,0.5123079756224546,0.0,0.0,0.0,0.0,0.0,0.0,0.0,0.0
2026-01-20,12.52,12.52,12.29,12.29,4727546,-0.0032441200324412334,0.008203445447087843,0.004084967320261423,0.004084967320261423,0.03277310924369736,-0.045807453416149224,12.267999999999999,12.325500000000002,12.887166666666666,12.272114512040089,12.46271538992759,-0.19060087788750124,-0.23449125554068093,0.043890377653179685,-0.01550861496236788,0.003571226822878738,45.29160043119351,12.325500000000002,0.2958213365495826,12.917142673099168,11.733857326900836,0.09600302999459104,0.4699987833754071,0.3746199236297616,0.03048168621885774,27.261325907618346,13.575571503395732,20.617314908774127,63.80952380952377,61.24071647007428,499496839.0,505227160.2,0.28590683340523887,-0.2756598531533109,2.6390288538728846,5439035.55,-0.39894957265671227,0.8691882883538057,0.018714401952807196,-0.002880207699485049,-0.04633808827903729,1.0,1.0,-0.0227088402270883,0.0,1904.58,1893.78,-0.001481606462124141,-0.004808374454131292,0.111171089766533,0.19348659111475208,-0.0017625135703170924,0.008893341774392716,-0.15697854318268223,-0.14127306283289354,0.8312808046175005,0.5109249374801657,0.0,0.0,0.0,0.0,0.0,0.0,0.0,0.0
2026-01-21,12.33,12.33,12.0,12.05,4901738,-0.01952807160292913,-0.0227088402270883,-0.011484823625922735,-0.01952807160292913,-0.007413509060955503,-0.07450076804915506,12.22,12.277,12.864,12.237943048649306,12.432143879562583,-0.19420083091327633,-0.22643317061520002,0.032232339701923685,-0.016116251528072723,0.0026748829628152433,40.405376550455024,12.277,0.25227595583967627,12.781551911679351,11.772448088320647,0.08219465857772286,0.2750479239644032,0.37143278622763576,0.030824297612251927,27.626356761180656,12.714054626389347,24.885783026044987,40.95238095238107,57.460317460317526,494595101.0,503847517.0,0.2878498175656392,-0.06301046014857621,2.4308816529773067,5384069.05,-0.27065108355301265,0.9104151440999815,0.027385892116182576,-0.018489859086095795,-0.06327736318407962,2.0,1.0,0.012355848434925765,1.0,1876.96,1885.44,-0.004403890631435536,-0.004750744283271047,0.07676053522783732,0.1776956774820885,-0.015124180971493595,-0.014777327319658085,-0.1512613032769924,-0.14047812705634333,0.8833708406669885,0.5282657761166459,0.0,0.0,0.0,0.0,0.0,0.0,0.0,0.0
2026-01-22,12.14,12.38,12.0,12.29,5576358,0.01991701244813271,0.0,-0.0032441200324412334,0.004084967320261423,0.01991701244813271,-0.035321821036106815,12.23,12.2545,12.8425,12.245951810395567,12.421614703298687,-0.17566289290311943,-0.2162791150727839,0.040616222169664484,-0.01429315646079084,0.0033048187282070374,46.60852656653219,12.2545,0.22767647868731045,12.709852957374622,11.799147042625378,0.07431604020965715,0.5389807504541942,0.37204473006851896,0.030272150534460453,27.71190085811951,12.746435379934962,23.070218393696404,63.80952380952377,56.19047619047623,500171459.0,503232165.9,0.29141006982571055,-0.2605516378582857,2.3189053705355005,5177412.75,0.27219072956971146,1.0770549440934567,0.030919446704637983,0.0028968950181564868,-0.04302121861008368,3.0,1.0,-0.018653690186536953,0.0,1895.08,1882.73,-0.0014373302783435848,0.009614972114972087,0.062398781141551174,0.17578587461762488,0.021354342726476294,-0.005530004794710663,-0.09772060217765799,-0.09198109402258248,0.8750990194463845,0.5138155586536657,0.0,0.0,0.0,0.0,0.0,0.0,0.0,0.0
2026-01-23,12.33,12.38,12.05,12.1,2498178,-0.015459723352318933,0.004149377593360981,-0.015459723352318933,-0.007383100902379036,0.024555461473327655,-0.03585657370517936,12.212,12.232000000000001,12.813166666666666,12.223497685719327,12.397791391943228,-0.17429370622390117,-0.20788203330300736,0.033588327079106195,-0.014404438530900924,0.002775894799926132,42.80949942409106,12.232000000000001,0.21900732984628657,12.670014659692574,11.793985340307428,0.07161783186601918,0.3493201116914129,0.36904153506362475,0.030499300418481385,27.791334662419874,11.93229479533473,21.596676926607834,45.71428571428572,50.158730158730215,497673281.0,502862613.5,0.29174633009580164,-0.25753410041307917,2.2934788230981824,4931614.05,-1.6409511120468434,0.5065639716879304,0.02727272727272728,-0.010791366906474975,-0.05565889254542844,4.0,1.0,-0.0322314049586776,0.0,1890.39,1870.79,-0.006341854647241019,-0.004438224071777963,0.04934317541871858,0.17850780938766062,-0.009117868705077914,-0.002944876830601073,-0.08519974912389794,-0.0811934085242425,0.8781381572399131,0.5208727215829742,0.0,0.0,0.0,0.0,0.0,0.0,0.0,0.0
2026-01-26,12.1,12.14,11.57,11.71,6200200,-0.0322314049586776,-0.04719283970707877,-0.028215767634854783,-0.05028386050283851,-0.04719283970707877,-0.07210776545166386,12.088,12.1865,12.776666666666667,12.144498041762507,12.346843881428915,-0.20234583966640862,-0.20677479457568762,0.004428954909278998,-0.01727974719610663,0.000378219889776174,36.273752878798085,12.1865,0.22847952804775606,12.643459056095512,11.729540943904489,0.07499430617412903,-0.021381504145530767,0.38339571113050874,0.032740880540607066,29.03351405744879,10.665157877991982,28.24588577191653,12.727272727272783,40.750360750360784,491473081.0,502026181.5,0.30962266040069697,-0.11942729217880863,1.3584852391989368,5084754.45,0.7716253445484281,1.219370583372025,0.04867634500426988,-0.03910064415541781,-0.08348552048004176,0.0,1.0,-0.01285347043701801,0.0,1876.81,1843.72,-0.014469822909038421,-0.027876346495552484,0.057876466706830776,0.16556710944356032,-0.01776158204963918,-0.022407514007286022,-0.12998423215849464,-0.12287278926161915,0.9269418383582104,0.5445313920227032,0.0,0.0,0.0,0.0,0.0,0.0,0.0,0.0
2026-01-27,11.67,11.71,11.43,11.52,4526183,-0.016225448334756698,-0.04793388429752066,-0.06265256305939781,-0.06265256305939781,-0.05882352941176472,-0.07320997586484312,11.934000000000001,12.141,12.739333333333333,12.04842141995289,12.285596186508254,-0.2371747665553645,-0.21285478897162302,-0.024319977583741492,-0.020588087374597615,-0.002111109165255338,33.58372033319924,12.141,0.2651097091673916,12.671219418334783,11.610780581665217,0.0873436155728165,-0.08560661730413902,0.37601030319261536,0.03263978326324786,30.450593428098532,10.097877790854122,29.402987800418114,7.25806451612902,21.899874319229202,486946898.0,501202945.75,0.31022638972878286,-0.1127744518252192,1.3228319007227243,5071558.2,-0.37622213992511505,0.8924639768503494,0.024305555555555657,-0.05114899925871019,-0.09571406143701922,1.0,1.0,0.004321521175453702,1.0,1843.94,1830.5,-0.007170286160588346,-0.033414652177127246,0.05821482252283494,0.16530737709560533,-0.009055162174168352,-0.029237910882270568,-0.13142479838767807,-0.12419481903906338,0.9579473171838628,0.5513496963763237,0.0,0.0,0.0,0.0,0.0,0.0,0.0,0.0
2026-01-28,11.57,11.71,11.48,11.62,2520212,0.00868055555555558,-0.0076857386848848686,-0.03966942148760333,-0.03568464730290466,-0.05451586655817742,-0.0689102564102565,11.847999999999999,12.098,12.7145,11.98251043226783,12.23629276528542,-0.2537823330175897,-0.22104029778081635,-0.032742035236773326,-0.021840131929224585,-0.0028177310875020078,36.2628205981017,12.098,0.2767214065485111,12.651442813097024,11.544557186902978,0.09149327378029806,0.06815773130637416,0.3655809958217143,0.031461359365035656,31.766452843701863,9.644096799883423,28.081668883916894,15.322580645161247,11.76930596285438,489467110.0,500349126.85,0.3121811912049475,-0.13928752032653344,1.218574097887312,5040975.05,-1.6823932879476173,0.49994534291535525,0.019793459552495736,-0.0395106629194909,-0.08608281882889612,2.0,1.0,-0.004284490145672781,0.0,1837.67,1802.91,-0.0150723845943731,-0.0437722759674134,0.02739281074058053,0.1710037137382733,0.02375294014992868,0.00808762866450874,-0.09630306715083703,-0.09373539131680164,0.8483177443767655,0.5087481796505767,0.0,0.0,0.0,0.0,0.0,0.0,0.0,0.0
2026-01-29,11.67,11.71,11.52,11.62,2466744,0.0,0.00868055555555558,-0.0076857386848848686,-0.05451586655817742,-0.05065359477124187,-0.0689102564102565,11.713999999999999,12.055,12.685,11.926739596534318,12.19064144933835,-0.26390185280403244,-0.22961260878545958,-0.03428924401857286,-0.022711002823066477,-0.0029508815850751175,36.2628205981017,12.055,0.2810225688634391,12.617045137726878,11.492954862273121,0.09324680841590681,0.11302040458947482,0.3530394961201634,0.03038205646473007,32.988322301047816,9.273361592367115,27.002162574812964,15.322580645161247,12.634408602150534,489467110.0,499495307.95,0.3121811912049475,-0.13928752032653344,1.218574097887312,4908983.7,-1.52189762550392,0.5024958628402045,0.016351118760757427,-0.03608461219411041,-0.08395743003547507,3.0,1.0,0.0,0.0,1804.15,1814.98,0.006694732404834314,-0.03598497925884225,0.027211500367875896,0.17092953965990101,-0.006694732404834314,-0.018530887299335164,-0.0961217567781324,-0.09357542895860127,0.8311187794316087,0.49312669643019486,0.0,0.0,0.0,0.0,0.0,0.0,0.0,0.0
2026-01-30,11.62,11.71,11.57,11.62,4463827,0.0,0.0,0.00868055555555558,-0.03966942148760333,-0.0467596390484003,-0.0718849840255591,11.618,12.010000000000002,12.660166666666667,11.879548889375192,12.148371712350325,-0.2688228229751335,-0.23745465162339438,-0.03136817135173911,-0.0231344942319392,-0.0026994983951582714,36.2628205981017,12.010000000000002,0.27462893626065343,12.559257872521309,11.460742127478694,0.09146675645650415,0.14497550284554825,0.33782238925443747,0.029072494772326807,34.12291536858334,8.998857536764609,26.20286201233675,15.322580645161247,15.322580645161247,489467110.0,498531606.35,0.31149118743523974,-0.114901396127819,1.2548331212856425,5022292.35,-0.3777924978751574,0.8888026998269029,0.012048192771084387,-0.032472939217319086,-0.08216058240412849,4.0,1.0,0.004269854824935804,1.0,1822.1,1829.04,0.0077466418362737155,-0.022316775266064015,0.02496511608358687,0.16963795755211594,-0.0077466418362737155,-0.017352646221539314,-0.09685010010914596,-0.09449111837016677,0.8290331320266211,0.4968212159612378,0.0,0.0,0.0,0.0,0.0,0.0,0.0,0.0
2026-02-02,11.71,11.9,11.62,11.76,3904209,0.012048192771084487,0.012048192771084487,0.012048192771084487,0.004269854824935804,-0.04622871046228716,-0.01176470588235301,11.627999999999998,12.003,12.635333333333334,11.86115675254824,12.119603437361413,-0.25844668481317257,-0.24165305826135003,-0.016793626551822538,-0.021976758912684743,-0.0014280294686923928,40.46223773294519,12.003,0.2793243728413918,12.561648745682783,11.444351254317217,0.09308485306719702,0.2825109231177055,0.3336922185934063,0.028375188655901898,34.01260000485211,12.526556538466238,24.632381158885135,26.612903225806452,19.086021505376344,493371319.0,498058787.9,0.263994233924548,0.4711036463065089,0.8715428328330884,4921830.1,-0.6863068436037588,0.7932433506796588,0.023809523809523905,-0.02024493876530875,-0.06927663166780984,0.0,2.0,-0.012647554806070715,0.0,1824.1,1806.5,-0.012323404627564205,-0.02018744711778364,0.010120778349362425,0.17630569968780144,0.024371597398648692,0.024457301942719445,-0.021885484231715435,-0.021666205369498925,0.8078995583425844,0.4871313648895393,0.0,0.0,0.0,0.0,0.0,0.0,0.0,0.0
2026-02-03,11.86,11.86,11.71,11.71,3029463,-0.00425170068027203,0.0077452667814115195,0.0077452667814115195,0.01649305555555558,-0.04719283970707877,-0.015966386554621792,11.666,11.993500000000001,12.615,11.837901867540818,12.089262442001308,-0.25136057446048987,-0.243594561501178,-0.007766012959311869,-0.021465463233175906,-0.0006631949580966583,39.462227546328236,11.993500000000001,0.2861592306098768,12.565818461219754,11.421181538780248,0.09543810584395766,0.2523232088339497,0.32057134583673436,0.027375862155143836,33.91016430995882,12.107888096909285,23.809106175057057,22.58064516129041,21.505376344086063,490341856.0,497434496.3,0.26432700890558447,0.511194555404464,0.8804730820631442,4767074.05,-1.1493316122275605,0.6354973655171142,0.012809564474807734,-0.023637803810397262,-0.07173999207292903,1.0,2.0,0.016225448334756587,1.0,1807.09,1813.4,0.0038195405480210276,-0.009341709915323682,-0.0015801615398590707,0.16774924075398664,-0.008071241228293058,0.025834765470879262,-0.014386225014762721,-0.014408993552202043,0.8084870551043856,0.46839328296096666,0.0,0.0,0.0,0.0,0.0,0.0,0.0,0.0
2026-02-04,11.71,12.19,11.67,11.9,8432149,0.016225448334756587,0.011904761904761862,0.024096385542168752,0.024096385542168752,-0.012448132780083054,-0.01976935749588138,11.722,11.9815,12.608833333333335,11.847455426380693,12.075243001853064,-0.22778757547237127,-0.24043316429541667,0.012645588823045395,-0.019141813064905148,0.0010626545229449912,45.02263628468535,11.9815,0.2847210084128978,12.550942016825797,11.412057983174204,0.09505354368414577,0.4284387193148301,0.334816249705539,0.028135819302986472,32.10438226276174,17.804807828060856,21.167841809492334,37.90322580645166,29.0322580645162,498774005.0,497024261.95,0.26054744623882675,0.5178952097609354,1.0654709048711988,4981131.3,2.018016553317214,1.6928180552076595,0.0436974789915966,-0.006802153319701243,-0.056217202225952834,2.0,2.0,-0.01991701244813282,0.0,1813.87,1791.43,-0.01211536340575714,-0.006367483679163177,-0.03768304343622075,0.14455378319319656,0.028340811740513727,0.03046386922133193,0.017913685940339374,0.01861516189458534,0.6821642819137387,0.4169168517359298,0.0,0.0,0.0,0.0,0.0,0.0,0.0,0.0
2026-02-05,12.05,12.05,11.76,11.81,3510375,-0.007563025210084007,0.00853970964987183,0.004251700680272252,0.016351118760757455,-0.03905614320585826,-0.01991701244813282,11.76,11.9695,12.598833333333333,11.841693053091355,12.05559537208617,-0.2139023189948155,-0.23512699523529645,0.021224676240480966,-0.018111966045284967,0.0017971783438171858,43.007528156753104,11.9695,0.28673249958082475,12.542964999161649,11.396035000838351,0.09582104501635806,0.3609330994627629,0.3316150890122863,0.028079177731776993,30.427584647507302,16.6926332357137,19.845595814888682,30.645161290322637,30.376344086021593,495263630.0,496647298.95,0.2605977822174223,0.518853455434355,1.0632524995980106,4947859.95,-0.8295171454967515,0.7094733956647257,0.024555461473327767,-0.013325535736663952,-0.06261161747780875,3.0,2.0,-0.016281062553556103,0.0,1789.14,1782.56,-0.004951351713435748,-0.017862455784636744,-0.039341223134794934,0.1448954080049395,-0.002611673496648259,0.0342135745453942,0.019424210686662113,0.0202196775321688,0.6779374791595709,0.41556814442775436,0.0,0.0,0.0,0.0,0.0,0.0,0.0,0.0
2026-02-06,11.67,11.76,11.48,11.48,4923224,-0.02794242167654526,-0.03529411764705881,-0.01964133219470543,-0.012048192771084265,-0.0512396694214875,-0.02794242167654526,11.732,11.953,12.578666666666667,11.786047968000377,12.012958677857565,-0.2269107098571883,-0.23348373815967485,0.006573028302486544,-0.019765741276758564,0.0005725634409831484,36.548172304759944,11.953,0.30528847444942425,12.563576948898849,11.34242305110115,0.1021629630885718,0.11266143370378193,0.3314997255114087,0.028876282710053023,29.85560220121639,15.505696470147246,24.467653807329384,4.587155963302818,24.378514353359066,490340406.0,496282675.0,0.2697700338547188,0.3924448152619168,0.8606341148099634,4935520.9,-0.007099289393975957,0.9975084899346692,0.024390243902438966,-0.03957165565130083,-0.0873436506253975,4.0,2.0,-0.004302925989672857,0.0,1768.77,1755.49,-0.015186024593842551,-0.040212351834842286,-0.06017988114995454,0.14836543422820128,-0.012756397082702708,0.02816415906375802,0.03223745947340928,0.03430173373267942,0.6876152016518988,0.4135997787028477,0.0,0.0,0.0,0.0,0.0,0.0,0.0,0.0
2026-02-09,11.62,11.62,11.43,11.57,2153297,0.00783972125435528,-0.020321761219305734,-0.027731092436974802,-0.016156462585034004,-0.011955593509820672,-0.058584214808787505,11.693999999999999,11.917,12.5615,11.752809819077243,11.98014692394219,-0.2273371048649473,-0.23225441150072934,0.004917306635782048,-0.019648842252804433,0.0004250048950546282,39.228914057018315,11.917,0.30590848304693513,12.52881696609387,11.305183033906129,0.10267969557671744,0.2164184558206911,0.3213926022605938,0.027778098726066878,29.480779493019995,14.850938237957978,24.54569493525153,14.736842105263202,16.656386452962916,492493703.0,495633383.75,0.22328232101006057,-0.44978123135223363,-0.22338691548969902,4650853.6,-1.4726319551502907,0.4629896326988233,0.016421780466724243,-0.029118066627506933,-0.07893165625124388,0.0,2.0,-0.012100259291270565,0.0,1769.76,1754.82,-0.0003816598214744227,-0.02860780514807637,-0.0652575732556343,0.145658227540147,0.008221381075829703,0.012451342563042367,0.0066733584468468,0.007139248477347371,0.6842721443059866,0.41106650678585793,0.0,0.0,0.0,0.0,0.0,0.0,0.0,0.0
2026-02-10,11.57,11.62,11.38,11.43,2797102,-0.012100259291270565,-0.004355400696864131,-0.0321761219305674,-0.023911187019641456,-0.0078125,-0.06617647058823528,11.638,11.8765,12.541166666666667,11.703146769988436,11.939395299946472,-0.23624852995803636,-0.23305323519219076,-0.0031952947658455966,-0.020669162725987435,-0.0002795533478430093,36.635994535512815,11.8765,0.31439624679705713,12.505292493594114,11.247707506405886,0.10588851826617503,0.14495441298300824,0.3155788449562656,0.02760969772145806,29.291486747925983,14.04420636502147,24.344032226798628,4.999999999999893,8.107999356188666,489696601.0,495088087.55,0.22563830484051953,-0.3573611214817971,-0.4036150237114979,4546858.55,-1.0030362750722255,0.6151724249262164,0.020997375328083854,-0.03759525112617357,-0.08860153893178468,1.0,2.0,0.01302083333333326,1.0,1755.83,1754.03,-0.00045018862333456866,-0.032739605161575036,-0.07824775477815793,0.13182333698414242,-0.011650070667935997,0.00882841814193358,0.012071284189922649,0.013096018211506966,0.6857516141897291,0.4111191031272145,0.0,0.0,0.0,0.0,0.0,0.0,0.0,0.0
2026-02-11,11.52,11.71,11.48,11.67,2428196,0.0209973753280841,0.008643042350907404,0.016550522648083543,-0.019327731092437017,0.004302925989672968,-0.05044751830756711,11.592,11.8455,12.5125,11.698047266913292,11.919440092543029,-0.22139282562973683,-0.2307211532797,0.009328327649963164,-0.018971107594664683,0.0007993425578374606,43.527125941690755,11.8455,0.3017924522094642,12.449084904418928,11.24191509558107,0.1019095697807486,0.35461863052311304,0.313037498887961,0.026824121584229737,28.625987950526273,15.20053114030431,22.788689348499457,28.999999999999915,16.245614035087698,492124797.0,494288691.7,0.24049757385747852,-0.2463560396965113,-0.5919119248337265,4292758.9,-1.124527230710447,0.565649284426386,0.019708654670094295,-0.014815752817525563,-0.0673326673326673,2.0,2.0,-0.0076857386848848686,0.0,1768.18,1796.85,0.024412353266477727,0.003025515928615663,-0.051513903844935816,0.16599288461607725,-0.0034149779383936263,-0.02235324702105268,0.0010663855373687081,0.0011243027617289236,0.6357991630959052,0.42638559963220984,0.0,0.0,0.0,0.0,0.0,0.0,0.0,0.0
2026-02-12,11.71,11.71,11.57,11.62,1736696,-0.004284490145672781,0.016622922134733153,0.004321521175453702,-0.016088060965283812,0.0,-0.05065359477124187,11.553999999999998,11.814499999999999,12.484499999999999,11.686039995080478,11.89725934494725,-0.21121934986677182,-0.22682079259711438,0.015601442730342557,-0.018177224601271243,0.0013426370680157107,42.49035756833456,11.814499999999999,0.29077889954590463,12.396057799091809,11.23294220090819,0.0984481440758068,0.3327767245975028,0.30067767753882096,0.025875875863926076,28.008024781512255,14.694988751367182,22.030778434226242,29.629629629629484,21.20987654320979,490388101.0,493677362.65,0.24051778567398352,-0.24394791762117887,-0.5937606184866123,4104692.1,-1.3718750189680076,0.42310018819681994,0.012048192771084387,-0.01646282110965336,-0.06924586487244178,3.0,2.0,0.0,0.0,1809.01,1814.09,0.009594568272254245,0.017688044161206395,-0.027193264693264663,0.16382578745873622,-0.013879058417927026,-0.03377610512649021,-0.02346033007797721,-0.024116126283377337,0.6295360039216882,0.42409079500457253,0.0,0.0,0.0,0.0,0.0,0.0,0.0,0.0
2026-02-13,11.57,11.67,11.52,11.57,2901395,-0.004302925989672857,-0.00856898029134534,0.012248468941382429,0.00783972125435528,-0.004302925989672857,-0.050861361771944114,11.572,11.7835,12.4565,11.66818768814502,11.873017911988194,-0.2048302238431745,-0.2224226788463264,0.017592455003151902,-0.017703562994224244,0.0015205233364867677,41.427690660321005,11.7835,0.28154227503459034,12.346584550069181,11.220415449930819,0.09557169772464569,0.31041923457696635,0.28991498628604806,0.02505747504633086,27.626593339148872,14.151911244173343,22.44848296217001,23.456790123456766,27.362139917695416,487486706.0,493163174.9,0.24053824588084924,-0.24152038114097263,-0.5956192484626084,4007550.8,-0.6368462961390718,0.7239820890105748,0.012964563526361309,-0.018118555607417153,-0.07116766346887171,4.0,2.0,0.02049530315969239,1.0,1818.07,1824.09,0.005512405668957943,0.03907740858677622,-0.029290150229095424,0.16241649300693722,-0.0098153316586308,-0.031237687332420938,-0.02157121154284869,-0.022222100195995353,0.6309781305516852,0.4235922756815211,0.0,0.0,0.0,0.0,0.0,0.0,0.0,0.0
2026-02-23,11.71,12.05,11.67,11.95,4417572,0.032843560933448535,0.02839931153184172,0.023993144815766865,0.032843560933448535,0.016156462585033893,-0.03081914030819144,11.648,11.764500000000002,12.435666666666666,11.711543428430401,11.878720288877958,-0.1671768604475563,-0.2113735151665724,0.0441966547190161,-0.013989695434941952,0.0036984648300431885,51.37992647152933,11.764500000000002,0.2542165467306416,12.272933093461285,11.256066906538718,0.08643513850334196,0.6824232159409223,0.3034924872656161,0.025396860859047375,25.92653119688542,21.49666415339551,19.912465415498158,70.3703703703703,41.15226337448554,491904278.0,492547169.55,0.2674479173831738,0.11904581576453523,-0.31921094687239177,3905733.2,0.3115028855015812,1.131048070564574,0.031799163179916386,0.015767775936078587,-0.03905433296700356,0.0,2.0,-0.004184100418409997,0.0,1833.9,1860.14,0.0197632792241611,0.060017551657719936,-0.019218703040720375,0.17532988794433493,0.013080281709287434,-0.027173990724271402,-0.011600437267471064,-0.011827751307489143,0.6840224245549743,0.4529010953123354,0.0,0.0,0.0,0.0,0.0,0.0,0.0,0.0
2026-02-24,11.95,12.0,11.86,11.9,3049993,-0.004184100418409997,0.028522039757994833,0.024096385542168752,0.04111986001749779,0.016225448334756587,-0.03173311635475984,11.742,11.745,12.415500000000002,11.740536747133417,11.880296563775886,-0.13975981664246895,-0.19705077546175173,0.05729095881928278,-0.011744522406930163,0.004814366287334688,50.17194482061781,11.745,0.22507308754472455,12.195146175089448,11.29485382491055,0.07665324394882059,0.6721662968359122,0.2918144524609293,0.02452222289587641,24.347902064783643,20.760008927031294,19.230098067083013,64.19753086419757,52.67489711934157,488854285.0,492015041.85,0.2675533177776094,0.12801799825894206,-0.32254017998587087,3821855.55,-0.47013635780334934,0.7980398421913146,0.011764705882352988,0.013197105151128152,-0.04152067979541707,1.0,2.0,0.004184100418409997,1.0,1862.18,1867.62,0.0040212027051726995,0.06475943969031306,-0.01381364255615758,0.17617881838855584,-0.008205303123582697,-0.02363957967281527,-0.01791947379860226,-0.01817047423475704,0.681854138825308,0.4516335846014304,0.0,0.0,0.0,0.0,0.0,0.0,0.0,0.0
2026-02-25,11.95,12.19,11.95,12.0,4889221,0.008403361344537785,0.004184100418409997,0.037165082108902237,0.028277634961439535,0.008403361344537785,-0.004149377593361092,11.808,11.7425,12.397666666666668,11.780454170651353,11.889163484977672,-0.10870931432631892,-0.17938248323466519,0.07067316890834627,-0.009059109527193243,0.005889430742362189,52.573552864796085,11.7425,0.22176030208091896,12.186020604161838,11.298979395838161,0.07554108650829691,0.7902909104827517,0.29168484871372,0.024307070726143336,23.646634711939335,23.93848770261946,17.864453785482883,76.54320987654323,70.3703703703704,493743506.0,491972462.1,0.26084442558944465,-0.055623221894795565,-0.1106199820211115,3821229.7,0.6506772255473702,1.2794889037945036,0.020000000000000018,0.02192889078134974,-0.03207592826607164,2.0,2.0,-0.008333333333333304,0.0,1869.49,1860.91,-0.0035928079587923545,0.03565127862648532,-0.013010225729803149,0.17597221084295836,0.01199616930333014,-0.0073736436650457815,0.008860848136442057,0.008977649381417319,0.6766097378795837,0.4469300567346637,0.0,0.0,0.0,0.0,0.0,0.0,0.0,0.0
2026-02-26,12.0,12.05,11.81,11.9,2418960,-0.008333333333333304,0.0,-0.004184100418409997,0.024096385542168752,0.007620660457239525,-0.03173311635475984,11.864,11.722999999999999,12.382166666666668,11.798845836704992,11.88996618979414,-0.09112035308914912,-0.16173005720556197,0.07060970411641285,-0.0076571725284999255,0.0059335885812111635,49.97935258205191,11.722999999999999,0.1852196420187298,12.093439284037458,11.35256071596254,0.06319871774075911,0.7389055475850974,0.2879930738055972,0.024201098639125812,22.331563813267035,22.513543451428685,20.27337359613286,64.19753086419757,68.31275720164615,491324546.0,491530116.45,0.25121842976900094,0.10981149154146379,0.24977825938388487,3663359.8,-0.7703868156036662,0.6603118809132534,0.020168067226890775,0.015098524268531976,-0.0389404116134765,3.0,2.0,-0.004184100418409997,0.0,1861.32,1879.64,0.010064968214475778,0.03613381916001979,-0.001641233740366288,0.17993513320349575,-0.01839830154780908,-0.012037433617851034,-0.03009188261439355,-0.030141351617648637,0.6536013055575378,0.43520486185028,0.0,0.0,0.0,0.0,0.0,0.0,0.0,0.0
2026-02-27,11.95,11.95,11.76,11.9,5069434,0.0,-0.008333333333333304,0.0,0.028522039757994833,0.03658536585365857,-0.016528925619834656,11.93,11.713,12.361166666666666,11.814408015673454,11.890709434994575,-0.07630141932112089,-0.14464432962867377,0.06834291030755288,-0.006411883976564781,0.0057431017065170484,49.97935258205191,11.713,0.1684324009336776,12.049864801867354,11.376135198132644,0.05751981590836763,0.7775594228951752,0.2809935685337688,0.0236129049188041,20.882906271210917,21.426184233795563,20.56521022395662,64.19753086419757,68.31275720164615,491324546.0,491212679.7,0.2457521795815718,-0.006275988618918629,0.5314484551061638,3791922.6,0.7885917440983645,1.3369033429110604,0.015966386554621806,0.0159651669085632,-0.037307697493494274,4.0,2.0,-0.003472222222222099,0.0,1883.12,1880.33,0.0003670915707261191,0.03083181202681895,0.005099449964988123,0.17837865341195816,-0.0003670915707261191,-0.0023097722688241173,-0.02162837558482278,-0.021518642344870664,0.6272968181441516,0.42375628871276555,0.0,0.0,0.0,0.0,0.0,0.0,0.0,0.0
2026-03-02,11.52,11.76,11.48,11.48,7700954,-0.03529411764705881,-0.03529411764705881,-0.043333333333333335,-0.03933054393305435,-0.007778738115816752,-0.01964133219470543,11.836,11.7015,12.3355,11.762960628646768,11.860286513883866,-0.09732588523709751,-0.13518064075035852,0.03785475551326101,-0.00847786456769142,0.003297452570841551,40.29436355813687,11.7015,0.1763153574230851,12.054130714846169,11.34886928515383,0.06027102761973583,0.1859320662174515,0.2909225993527853,0.025341689839092796,20.37001321295723,19.216711582156023,25.31920216668692,12.345679012345654,46.913580246913625,483623592.0,490820205.25,0.25114232383830876,-0.12188682401289559,0.6972821945071431,3866960.3,2.171466409551751,1.9914748025729667,0.024390243902438966,-0.018929197111481333,-0.06935268128572003,0.0,3.0,-0.003472222222222099,0.0,1876.01,1846.1,-0.018204251381406467,-0.007547818981367138,0.0012908684615884347,0.18291849309776395,-0.017089866265652343,-0.03178272495168721,-0.020932200656293865,-0.020905214773859537,0.6782599430636096,0.45602812148055766,0.0,0.0,0.0,0.0,0.0,0.0,0.0,0.0
2026-03-03,11.52,11.62,11.43,11.48,6011697,0.0,-0.03529411764705881,-0.03529411764705881,-0.03529411764705881,0.004374453193350947,-0.003472222222222099,11.752,11.6995,12.306000000000001,11.719428224239573,11.83211714248506,-0.1126889182454871,-0.13068229624938424,0.017993378003897137,-0.009816107861105148,0.0015673674219422592,40.29436355813687,11.6995,0.1786933568702149,12.05688671374043,11.34211328625957,0.06109435680848417,0.19290968080108495,0.28371384225615776,0.024713749325449282,20.07146258499857,18.29748174641362,25.366873839470163,12.345679012345654,29.629629629629658,483623592.0,490654039.95,0.24450263903863328,-0.24990011332584505,1.1474084845425174,3941236.0,1.134461015182919,1.5253329158670021,0.01655052264808358,-0.01876148553356982,-0.06712172923777027,1.0,3.0,-0.01649305555555547,0.0,1854.28,1813.14,-0.01785385407074358,-0.029170816333086935,-0.009483747609942639,0.19226406229995127,0.01785385407074358,-0.006123301313971874,0.00601152538772054,0.006069083039490941,0.6394727306473267,0.44390705019742177,0.0,0.0,0.0,0.0,0.0,0.0,0.0,0.0
2026-03-04,11.52,11.57,10.95,11.33,8457468,-0.013066202090592394,-0.013066202090592394,-0.0478991596638656,-0.05583333333333329,-0.029134532990574113,-0.024956970740103168,11.618,11.684999999999999,12.274,11.659516189741177,11.79492328007876,-0.1354070903375817,-0.13162725506702375,-0.0037798352705579463,-0.011951199500227863,-0.00033361299828401996,37.300484100087004,11.684999999999999,0.19637504397150066,12.077750087943,11.292249912056997,0.06722295043953817,0.048058662622733235,0.3077342820950037,0.02716101342409565,21.168800604866988,15.664310546723927,32.85769119560483,30.645161290322637,18.44550643833801,475166124.0,489938990.65,0.24636911021152397,-0.05518458812427015,0.9757806541312365,4238098.8,2.0575445249095283,1.9955806598940073,0.054721977052074225,-0.030380830124090652,-0.07691054261039587,2.0,3.0,0.0,0.0,1803.54,1818.27,0.0028293457758363783,-0.022913520804337728,0.00851956004459442,0.18449709837364098,-0.015895547866428772,-0.03291981252899556,-0.03347653078469759,-0.03319373476823528,0.6378195472565326,0.4408304407292838,0.0,0.0,0.0,0.0,0.0,0.0,0.0,0.0
2026-03-05,11.43,11.81,11.43,11.43,4759198,0.008826125330979595,-0.004355400696864131,-0.004355400696864131,-0.03949579831932781,-0.016351118760757233,-0.016351118760757233,11.524,11.6755,12.243666666666666,11.624206006704073,11.767891925998851,-0.14368591929477859,-0.1340389879125747,-0.009646931382203877,-0.01257094656997188,-0.0008440009958183619,40.475731029058764,11.6755,0.20412779794728747,12.083755595894575,11.267244404105424,0.06993372376250698,0.19933051442680536,0.3200389762310749,0.02799991043141513,21.12330301344788,19.34268638788415,29.33765302498105,38.70967741935487,27.233505907341083,479925322.0,489461901.25,0.24889378698616227,-0.1323370557983005,0.8190660316182036,4352721.5,0.202214201815912,1.0933844492462934,0.03324584426946638,-0.021026936747890912,-0.0664561269772127,3.0,3.0,0.0,0.0,1837.34,1808.51,-0.005367739664626225,-0.03784235279096004,-0.0035647775733066434,0.18408326693047797,0.01419386499560582,-0.0016534455283677696,-0.01278634118745059,-0.012832084715262315,0.6289759645911905,0.43273128775151987,0.0,0.0,0.0,0.0,0.0,0.0,0.0,0.0
2026-03-06,11.24,11.43,11.19,11.24,3648147,-0.016622922134733153,-0.007943512797881747,-0.020905923344947785,-0.055462184873949605,-0.028522039757994833,-0.03270223752151458,11.392,11.6565,12.207833333333333,11.565097390288061,11.728788820369306,-0.16369143008124531,-0.13996947634630882,-0.02372195373493649,-0.014563294491213996,-0.0021104941045317163,36.67536009443429,11.6565,0.22607113458999628,12.108642269179992,11.204357730820007,0.07757770671813878,0.03941488289143387,0.31432190650028385,0.027964582428850877,21.682424639334958,18.287752249826273,33.19151906015242,23.38709677419362,30.913978494623734,476277175.0,488802404.5,0.2551823803235424,-0.007049340034317323,0.4506700287287082,4311937.5,-0.32925763486297965,0.8460574857590121,0.021352313167259804,-0.03573113713378795,-0.07927969746201202,4.0,3.0,0.0,0.0,1801.08,1767.84,-0.02248812558404434,-0.05982460525546052,-0.03346017582994365,0.19773681501027754,0.005865203449311185,0.004362420381510912,0.0007579383084290736,0.0007841770090331046,0.6207359883049361,0.4382728448491684,0.0,0.0,0.0,0.0,0.0,0.0,0.0,0.0
2026-03-09,10.48,10.62,10.48,10.48,4848917,-0.06761565836298933,-0.08311461067366577,-0.07502206531332745,-0.08710801393728218,-0.12301255230125518,-0.10884353741496589,11.192,11.5925,12.157833333333334,11.398159330243745,11.636285944786396,-0.23812661454265083,-0.15960090398557722,-0.07852571055707361,-0.022722005204451414,-0.007492911312697863,26.113488998808734,11.5925,0.3450838952152246,12.282667790430448,10.90233220956955,0.11907143246589585,-0.3059634305058969,0.3461560560359779,0.03303015801870018,23.48227370628009,15.419786555593802,42.63697926230027,0.0,20.698924731182856,471428258.0,487705251.45,0.341132566447433,-1.09261508495672,2.8712151818691556,4359172.9,0.24280424204194334,1.1123479410509272,0.013358778625954082,-0.09596722018546466,-0.13800430449504442,0.0,3.0,-0.017806935332708496,0.0,1757.73,1652.79,-0.06507941895194136,-0.1047126374519256,-0.08508718516468305,0.2985592416662613,-0.002536239411047969,0.017604623514643425,-0.02375635225028283,-0.02596570062750614,0.7351666301293109,0.56795416088246,0.0,0.0,0.0,0.0,0.0,0.0,0.0,0.0
2026-03-10,10.67,10.76,10.24,10.48,7214602,0.0,-0.06761565836298933,-0.08311461067366577,-0.08710801393728218,-0.119327731092437,-0.1050384286934245,10.992,11.531,12.1085,11.256904048667785,11.550635134061478,-0.2937310853936932,-0.18642694026720041,-0.10730414512649278,-0.028027775323825686,-0.010238945145657707,26.113488998808734,11.531,0.42369179463635365,12.378383589272708,10.683616410727293,0.14697486588720973,-0.12014417868420858,0.35857348060483657,0.03421502677527066,25.47279105458563,13.82252696952043,43.00127414635806,12.307692307692323,11.898263027295343,471428258.0,486759571.55,0.3416758449282466,-1.1193602946363381,2.8846779440269787,4568429.85,1.2675193964928264,1.5792301155724215,0.04961832061068698,-0.09114560749284539,-0.13449229879836466,1.0,3.0,0.027566539923954414,1.0,1664.52,1676.73,0.014484598769353596,-0.07523412422648001,-0.07536671445902732,0.30472568877959655,-0.014484598769353596,-0.011873889710802166,-0.029671714234397184,-0.03209025101993512,0.7274885147764414,0.5664325591674145,0.0,0.0,0.0,0.0,0.0,0.0,0.0,0.0
2026-03-11,10.52,10.95,10.52,10.81,3988231,0.031488549618320594,0.031488549618320594,-0.03825622775800708,-0.04589585172109445,-0.09916666666666663,-0.09159663865546219,10.888,11.476500000000001,12.061666666666667,11.188149579641973,11.495773272279147,-0.3076236926371738,-0.2106662907411951,-0.0969574018959787,-0.028457325868378704,-0.008969232367805615,35.4715792050859,11.476500000000001,0.4433755091401994,12.363251018280401,10.589748981719602,0.15453335394595907,0.1241898874317126,0.366532517704491,0.03390680089773275,26.5975772558177,16.259148107263517,39.06270353187098,29.230769230769255,13.846153846153888,475416489.0,485591695.75,0.35832431980209317,-0.8806425077445839,2.3595201673158943,4346233.95,-0.19031821761573506,0.9176291579978109,0.03977798334875113,-0.058075197141985835,-0.10377228133204364,2.0,3.0,0.012727272727272698,1.0,1675.87,1728.34,0.030780149457575012,-0.04945910123359021,-0.03521767526501185,0.326346265405098,0.0007084001607455814,0.0035632495124957586,-0.05637896339045034,-0.05843697790165969,0.7486304617940063,0.5897757267286344,0.0,0.0,0.0,0.0,0.0,0.0,0.0,0.0
2026-03-12,11.0,11.38,10.95,11.14,6868444,0.030527289546715908,0.06297709923664119,0.06297709923664119,-0.025371828521434714,-0.06386554621848739,-0.05673158340389495,10.830000000000002,11.443000000000001,12.018,11.180741952004746,11.469419696554766,-0.2886777445500197,-0.22626858150296003,-0.06240916304705968,-0.02591362159335904,-0.005602258801351856,43.21668719595056,11.443000000000001,0.4421609614038094,12.32732192280762,10.558678077192383,0.15456120297258036,0.32868229759700446,0.3810659092970274,0.034206993653234055,26.22734327333874,22.58206734809355,34.889120869220974,46.15384615384618,29.230769230769283,482284933.0,484942760.9,0.37898344332994954,-0.8253049981506578,1.7840413460151747,4514137.4,1.2066520378840593,1.5215407488482737,0.03859964093357284,-0.026479070173905495,-0.073057081045099,3.0,3.0,0.07207207207207222,1.0,1716.62,1709.61,-0.01083698809262068,-0.05468590165384768,-0.04092428866349518,0.32781660780432414,0.04136427763933659,0.029314073132412966,-0.01580729474039977,-0.01648180071036498,0.7219594389292332,0.5592663031158249,0.0,0.0,0.0,0.0,0.0,0.0,0.0,0.0
2026-03-13,11.1,11.9,11.0,11.9,13050129,0.06822262118491929,0.10083256244218308,0.1354961832061068,0.0587188612099645,0.0,0.03658536585365857,10.962,11.464,11.993166666666667,11.291397036311709,11.501314533847006,-0.20991749753529731,-0.2229983647094275,0.013080867174130179,-0.017640125843302296,0.0010992325356411915,56.24269519946915,11.464,0.45383048075600385,12.371660961512008,10.556339038487993,0.1583497839344047,0.7401777858076537,0.41813263006152546,0.035137195803489535,24.54419610316218,27.993224531479328,29.525100234073538,85.12820512820515,53.504273504273556,495335062.0,485192493.7,0.4422761774137082,-0.09449190720548975,2.13907608532196,4920482.65,2.976653681940625,2.6522050636638257,0.07563025210084036,0.0380321004884856,-0.0077683125112911755,4.0,3.0,-0.03527481542247746,0.0,1697.72,1696.24,-0.007820497072431709,-0.04050140284188608,-0.033751260331873145,0.3248809999006018,0.076043118257351,0.09922026405185058,0.07033662618553171,0.0727934985040084,0.6671324899740702,0.47222865133493963,0.0,0.0,0.0,0.0,0.0,0.0,0.0,0.0
2026-03-16,12.19,12.33,11.62,11.76,7339403,-0.01176470588235301,0.055655296229802476,0.0878815911193338,0.12213740458015265,0.024390243902439046,0.016421780466724156,11.218,11.4735,11.966,11.363489799956062,11.520476420228709,-0.15698662027264731,-0.20979601582207147,0.052809395549424154,-0.013349202404136676,0.004490594859644911,53.794599344490614,11.4735,0.458134374679772,12.389768749359543,10.557231250640456,0.1597191352873219,0.6563405934122815,0.43898029934284516,0.03732825674684057,23.487405663463267,31.755972397266657,26.114139944385684,72.7272727272727,68.00310800310804,487995659.0,484967591.5,0.4444107738995029,0.015932190692429713,2.027730637230179,5179787.95,0.7996782998837376,1.4169311699333174,0.06037414965986402,0.024970584390116457,-0.01721544375731232,0.0,3.0,-0.0202360876897133,0.0,1701.06,1693.21,-0.0017863038249303909,0.024455617471064173,-0.03510901402992894,0.3248544248204581,-0.00997840205742262,0.09768178710908848,0.0515307944966531,0.0534058201868739,0.6760799688927792,0.47555522130152,0.0,0.0,0.0,0.0,0.0,0.0,0.0,0.0
2026-03-17,11.86,11.86,11.48,11.62,7218003,-0.011904761904761973,-0.02352941176470602,0.043087971274685666,0.1087786259541983,0.012195121951219301,0.016622922134733153,11.446,11.483,11.947333333333335,11.402952907655129,11.527848537248804,-0.1248956295936754,-0.19281593857639226,0.06792030898271686,-0.010748333011503908,0.005845121254967028,51.38585575895774,11.483,0.45915368370865317,12.401307367417306,10.564692632582695,0.15994206521245422,0.5745937606845649,0.4347674208183562,0.03741544069004787,22.187293694221758,29.773423151536395,26.7838948895305,66.02870813397124,74.62806199648305,480777656.0,484521644.25,0.4443337845244291,0.015048484723522023,2.03135181224215,5400833.0,0.6790285342198049,1.3364610607289653,0.03270223752151455,0.011930680135852967,-0.027398024663802367,1.0,3.0,0.0,0.0,1709.38,1710.29,0.010087348881709923,0.02001514853315678,-0.02493685968883086,0.32748436064187236,-0.021992110786471897,0.08876347742104151,0.04155978182356401,0.04262265704178003,0.603724823388772,0.4273670470262129,0.0,0.0,0.0,0.0,0.0,0.0,0.0,0.0
2026-03-18,11.62,11.76,11.29,11.62,5711111,0.0,-0.011904761904761973,-0.02352941176470602,0.07493061979648452,0.02559576345984116,-0.004284490145672781,11.608,11.480500000000001,11.931833333333334,11.436344768015879,11.53467457152667,-0.09832980351079179,-0.17391871156327218,0.07558890805248039,-0.008462117341720464,0.0065050695398003785,51.38585575895774,11.480500000000001,0.45821708254593707,12.396934165091874,10.564065834908128,0.1596505666289575,0.5761102135394599,0.4372840336170451,0.03763201666239631,20.646847816399173,27.48764029230199,27.831198719048803,66.02870813397124,68.2615629984051,480777656.0,483954287.2,0.4381314070470021,0.12095982569386897,2.3452303770436345,5564978.75,0.056568620210182954,1.0262592646917115,0.04044750430292605,0.012151038717825635,-0.02613456998784769,2.0,3.0,0.0338078291814945,1.0,1718.3,1713.83,0.0020698244157424384,-0.008395338880081482,-0.046203077608036325,0.3137543607093838,-0.0020698244157424384,0.083325958676566,0.041918587462363543,0.043949174586597195,0.6025073623437626,0.4280072068079125,0.0,0.0,0.0,0.0,0.0,0.0,0.0,0.0
2026-03-19,11.24,12.1,11.24,11.62,6269763,0.0,0.0,-0.011904761904761973,0.043087971274685666,0.016622922134733153,0.0,11.704,11.480500000000001,11.909333333333333,11.464599419090359,11.540994973635806,-0.07639555454544755,-0.15441408015970726,0.0780185256142597,-0.0065744883429817175,0.0067141588308313,51.38585575895774,11.480500000000001,0.45821708254593707,12.396934165091874,10.564065834908128,0.1596505666289575,0.5761102135394599,0.46747803121582754,0.0402304674023948,19.828963340905354,29.070698541153067,24.174062630729512,66.02870813397124,66.02870813397124,480777656.0,483473764.95,0.4378204990420909,0.0955685203088851,2.357750087432801,5791632.1,0.1972782452418911,1.0825554682591114,0.07401032702237517,0.012151038717825635,-0.024294670846395028,3.0,3.0,-0.0078125,0.0,1700.77,1699.13,-0.008577280126967013,-0.006130053053035378,-0.06337061557034096,0.31133629776279603,0.008577280126967013,0.049218024327721044,0.06337061557034096,0.06765815446728607,0.5632736640176009,0.4049534741940796,0.0,0.0,0.0,0.0,0.0,0.0,0.0,0.0
2026-03-20,11.52,11.62,11.38,11.43,3295744,-0.016351118760757233,-0.016351118760757233,-0.016351118760757233,-0.03949579831932781,0.01690391459074725,-0.012100259291270565,11.61,11.4735,11.883666666666668,11.459276431537996,11.532773123736858,-0.07349669219886223,-0.13823060256753825,0.06473391036867601,-0.006430156797800721,0.005663509218606825,47.76088990948119,11.4735,0.4578470785846393,12.389194157169278,10.55780584283072,0.15961897540755285,0.47624752781295826,0.4512296004146969,0.03947765532936981,19.069499185089665,27.966261173400504,23.25565545650997,56.93779904306218,62.998405103668254,477481912.0,482973525.25,0.44159528994747094,0.15293054651045535,2.1805451318154003,5811349.55,-1.0480036019300047,0.5671219691130093,0.020997375328083854,-0.0037913452738920217,-0.038175647246921685,4.0,3.0,-0.04289544235924925,0.0,1698.62,1647.81,-0.03020369247791521,-0.02855138423807957,-0.09663996842261069,0.3238232260648004,0.013852573717157979,-0.010944414081248244,0.08453970913134012,0.09358362798465003,0.5588187993030227,0.4137176187292241,0.0,0.0,0.0,0.0,0.0,0.0,0.0,0.0
2026-03-23,11.19,11.29,10.67,10.71,10825632,-0.06299212598425186,-0.07831325301204806,-0.07831325301204806,-0.08928571428571419,0.021946564885496178,-0.10376569037656891,11.4,11.4115,11.843666666666667,11.344003134378305,11.471826966423016,-0.1278238320447116,-0.1361492484629729,0.008325416418261317,-0.011934998323502482,0.0007773498056266401,37.08465448597324,11.4115,0.4736118219542279,12.358723643908457,10.464276356091544,0.16601211828566909,0.12970730064050473,0.47328462895650425,0.044190908399300115,18.54129928912212,24.758532946421877,31.303621671232566,22.488038277511993,48.4848484848485,466656280.0,481711125.35,0.47605004367725007,0.04513597997457743,1.7982839608490324,6131752.55,1.7901973544351637,1.7655037302508236,0.05788982259570487,-0.061473075406388245,-0.09571923109397429,0.0,3.0,0.009090909090909038,1.0,1630.11,1591.17,-0.034372894933275,-0.06026423184365792,-0.14459664326341026,0.32621847745762456,-0.028619231050976857,-0.029021482442056268,0.040830952886841354,0.04773298183282049,0.6500141688154009,0.46953997171254824,0.0,0.0,0.0,0.0,0.0,0.0,0.0,0.0
2026-03-24,11.0,11.38,10.9,11.1,4320957,0.0364145658263304,-0.02887139107611547,-0.04475043029259895,-0.04475043029259895,0.059160305343511466,-0.06722689075630262,11.296000000000001,11.371500000000001,11.814,11.306464190627796,11.44428422816946,-0.1378200375416636,-0.13648340627871106,-0.0013366312629525534,-0.012416219598348073,-0.00012041723089662644,44.342182162901004,11.371500000000001,0.4638656225562951,12.29923124511259,10.443768754887412,0.16316778703119014,0.35367529581961415,0.4873357268881825,0.0439041195394759,17.847990834083916,23.646331489832594,28.229556275223004,41.14832535885165,40.19138755980864,470977237.0,480817272.95,0.4983030029291228,-0.041897829242522416,1.105340273247965,6195300.75,-0.732741372052562,0.697457181558135,0.04324324324324328,-0.023875478169107067,-0.06043676993397662,1.0,3.0,0.03411131059245953,1.0,1626.34,1614.77,0.014831853290345975,-0.05585017745528531,-0.1353862134695495,0.3334908811620852,0.021582712535984427,0.011099747162686358,0.06815932271324687,0.07883210258161477,0.7092958697225583,0.5004029821824625,0.0,0.0,0.0,0.0,0.0,0.0,0.0,0.0
2026-03-25,11.14,11.62,11.14,11.52,5452229,0.037837837837837895,0.07563025210084029,0.007874015748031482,-0.008605851979345935,0.0656799259944496,-0.040000000000000036,11.276,11.3475,11.788999999999998,11.339315853608134,11.44989280386061,-0.11057695025247583,-0.131302115073464,0.020725164820988184,-0.009598693598305194,0.0017990594462663355,50.90964540371343,11.3475,0.44151503520928315,12.230530070418567,10.464469929581433,0.15563429308985532,0.5976750428885351,0.4896688892533123,0.042505979969905586,16.67514486730182,25.353594132311265,26.088259576680993,61.24401913875596,41.62679425837323,476429466.0,479951570.95,0.517811185854757,-0.07555861138776696,0.6205128948817096,6223451.15,-0.3029238003822587,0.8760780583936936,0.04166666666666655,0.01520158625247836,-0.022817881075578805,2.0,3.0,-0.003472222222222099,0.0,1634.15,1658.19,0.02688927834923871,-0.032465297024792394,-0.1089359506907911,0.35454980717447404,0.010948559488599185,0.02385944504544646,0.06893595069079106,0.07736363142945013,0.7597861353921259,0.5233714827874977,0.0,0.0,0.0,0.0,0.0,0.0,0.0,0.0
2026-03-26,11.52,11.67,11.33,11.48,5359302,-0.003472222222222099,0.03423423423423433,0.07189542483660127,-0.012048192771084265,0.030520646319569078,-0.03529411764705881,11.248,11.3265,11.768,11.360959568437652,11.452122966537603,-0.09116339809995111,-0.12327437167876144,0.032110973578810334,-0.007941062552260549,0.0027971231340427117,50.3008904156271,11.3265,0.42347279785882397,12.173445595717647,10.479554404282352,0.14955115803075045,0.5906197521872317,0.47897825430664714,0.04172284445179853,15.491010013787724,24.81372142672313,24.765502201801915,59.33014354066987,53.907496012759196,471070164.0,478938851.85,0.5172514626074486,-0.10014970488512555,0.6416441146207005,6370468.25,-0.4221812801746602,0.8412728530591138,0.029616724738675944,0.013552288880060104,-0.024473147518694782,3.0,3.0,0.012195121951219301,1.0,1661.53,1644.63,-0.008177591228990644,-0.032075238504411074,-0.12502926092230426,0.3498030967970373,0.004705369006768545,0.02002704573332681,0.08973514327524545,0.10255787910100289,0.7839525249487119,0.5412687550306902,0.0,0.0,0.0,0.0,0.0,0.0,0.0,0.0
2026-03-27,11.48,11.86,11.43,11.62,7491085,0.012195121951219301,0.00868055555555558,0.04684684684684681,0.016622922134733153,-0.02352941176470602,-0.02352941176470602,11.286,11.3125,11.7525,11.400811942524166,11.464558302349632,-0.0637463598254655,-0.11136876930810226,0.047622409482636754,-0.005485917368800818,0.004098314069073732,52.444265047746256,11.3125,0.40785543104345584,12.128210862086911,10.496789137913089,0.1442140750650893,0.6884859049279376,0.47547980757045805,0.04091908843119261,14.805175334367691,26.065103963130035,23.165739817841583,66.02870813397124,62.200956937799056,478561249.0,478300687.0,0.5194609977085701,-0.1569100676030139,0.5846331180221255,6491550.8,0.41872952951298187,1.1539746403894737,0.037005163511187586,0.027182320441988983,-0.011274196979366158,4.0,3.0,0.012302284710017375,1.0,1643.89,1672.8,0.01712847266558426,0.015165583410708727,-0.11036892460365999,0.35905488235743155,-0.004933350714364959,0.0014573387240244262,0.08683951283895397,0.0976129490533657,0.7918959683650006,0.5519062729995309,0.0,0.0,0.0,0.0,0.0,0.0,0.0,0.0
2026-03-30,11.38,11.67,11.33,11.52,5346430,-0.008605851979345935,0.0034843205574912606,0.0,0.07563025210084029,-0.020408163265306145,0.0034843205574912606,11.447999999999999,11.3145,11.734166666666665,11.419148566751218,11.468665094768177,-0.049516528016958716,-0.09899832104987355,0.049481793032914834,-0.004298309723694333,0.004295294534107191,50.7603103837554,11.3145,0.4088169710145824,12.132133942029165,10.496866057970836,0.14452851509640985,0.6256674835990779,0.4658026784582825,0.040434260282837024,13.927688000268072,24.70613868244261,23.491390963417814,55.24861878453037,60.2024901530572,473214819.0,477780248.35,0.5042900772607039,-0.2368549728661496,1.0367829076148352,6373824.6,-0.4312553125160868,0.8388103431650755,0.029513888888888878,0.018162534800477248,-0.01825154463461387,0.0,3.0,0.003427592116538314,1.0,1646.08,1662.54,-0.00613342898134861,0.04485378683610164,-0.09943123341097448,0.355970726551802,-0.0024724229979973256,0.03077646526473865,0.10291555396846574,0.11427839581675303,0.827946344351161,0.5685492057397553,0.0,0.0,0.0,0.0,0.0,0.0,0.0,0.0
2026-03-31,11.67,11.86,11.52,11.71,6077127,0.01649305555555558,0.0077452667814115195,0.020034843205575026,0.05495495495495506,0.0077452667814115195,0.020034843205575026,11.57,11.325999999999999,11.722166666666668,11.463894941097184,11.48654175441498,-0.022646813317795278,-0.0837280195034579,0.06108120618566262,-0.0019339721022882388,0.005216157658895185,53.79595333898061,11.325999999999999,0.4168730716834578,12.159746143366915,10.492253856633083,0.14722693684741592,0.7302859227925753,0.4568167728541195,0.03901082603365666,13.538456033974576,26.36355731719927,22.24251998710241,62.6506024096386,61.309309776046774,479291946.0,477563666.05,0.5073943444457747,-0.3114411615925693,0.9643970197841882,6377096.1,-0.1259392064546047,0.9529614897915684,0.02903501280956446,0.033904291011831456,-0.0010379196109934208,1.0,3.0,-0.020083682008368076,0.0,1669.57,1674.49,0.0071877969853357815,0.03698359518693062,-0.07646955006232292,0.3550559069192851,0.009305258570219799,0.017971359768024442,0.09650439326789795,0.10449508543482278,0.8298362006422341,0.5690868568121665,0.0,0.0,0.0,0.0,0.0,0.0,0.0,0.0
2026-04-01,11.95,11.95,11.71,11.71,6442555,0.0,0.01649305555555558,0.0077452667814115195,0.01649305555555558,0.0077452667814115195,0.033539276257722905,11.608,11.345,11.709333333333335,11.501757257851464,11.503094217050906,-0.0013369591994418784,-0.0672498074426547,0.06591284824321282,-0.00011417243376958823,0.005628765861931069,53.79595333898061,11.345,0.4256326560483838,12.196265312096768,10.493734687903233,0.1500688077737801,0.7143867457144247,0.4413298605073966,0.03768828868551636,13.374690417950895,26.796137260399533,21.378539602458464,62.6506024096386,60.18327453460256,479291946.0,477769957.15,0.5045377190813596,-0.3796884578393762,1.099176579604657,6276350.45,0.07129241847543126,1.026481081852273,0.020495303159692436,0.03217276333186425,5.693463903422291e-05,2.0,4.0,-0.01285347043701801,0.0,1713.92,1702.93,0.016984275809351024,0.02698122651807089,-0.06343392345471244,0.3620100971473622,-0.016984275809351024,-0.010488170962515309,0.09697319971243534,0.10354122591129977,0.8214273924135319,0.5650596210560141,0.0,0.0,0.0,0.0,0.0,0.0,0.0,0.0
2026-04-02,11.67,11.81,11.52,11.52,5228175,-0.016225448334756698,-0.016225448334756698,0.0,0.0034843205574912606,-0.008605851979345935,0.007874015748031482,11.616000000000001,11.3495,11.693333333333333,11.504563833566623,11.504346497269358,0.00021733629726483628,-0.053756378694670794,0.05397371499193563,1.8865998026461482e-05,0.00468521831527219,50.20621933688008,11.3495,0.427052012116436,12.203604024232872,10.49539597576713,0.15050954213540177,0.5998121980242023,0.43052058475686833,0.0373715785379226,12.711517252918952,25.50685432503281,23.502251480671465,51.20481927710841,58.83534136546191,474063771.0,477476879.6,0.507955317292574,-0.2531022511774252,0.9217113162280028,6299799.3,-0.46239283949065035,0.8298954857180927,0.02517361111111119,0.015022688224150649,-0.014823261117445918,3.0,4.0,-0.01996527777777779,0.0,1706.15,1694.82,-0.004762380133064847,0.030517502416956832,-0.06286390454020163,0.36196440186905987,-0.01146306820169185,-0.02703318185946557,0.07073792028823311,0.0754830815192602,0.8273556811812891,0.5663617147252821,0.0,0.0,0.0,0.0,0.0,0.0,0.0,0.0
2026-04-03,11.52,11.67,11.24,11.29,4680207,-0.01996527777777779,-0.03586678052946213,-0.03586678052946213,-0.02839931153184161,-0.012248468941382429,0.004448398576512469,11.55,11.352,11.672833333333333,11.471554013017911,11.48846897895311,-0.016914965935198367,-0.04638809614277631,0.02947313020757794,-0.0014982255035605287,0.002610551834152165,46.18828005629354,11.352,0.4265232763440033,12.205046552688007,10.498953447311994,0.15029009032558252,0.4636596620637906,0.4304834001313777,0.03812961914361185,12.200062199557118,23.686982034550457,26.471344209226356,43.35664335664331,52.40402168113015,469383564.0,477132199.05,0.5096187657547281,-0.2398126343217824,0.8638202906192644,6351402.3,-0.7373992950855585,0.7368777443053797,0.03808680248007084,-0.005461592670895077,-0.032796950183474505,4.0,4.0,-0.02864583333333337,0.0,1700.14,1684.04,-0.006360557463329419,0.006719273075083798,-0.04740247986243096,0.35489993929534785,-0.01360472031444837,-0.03511858460692541,0.051850878438943426,0.05443104495113049,0.8358776055697873,0.5676685386473111,0.0,0.0,0.0,0.0,0.0,0.0,0.0,0.0
2026-04-06,11.52,11.57,11.1,11.19,5521527,-0.008857395925597866,-0.02864583333333337,-0.04440649017933407,-0.02864583333333337,0.04481792717086819,0.06774809160305328,11.484,11.3875,11.661000000000001,11.428238011015155,11.466360165697324,-0.03812215468216884,-0.044734907850654815,0.006612753168485974,-0.0034068056016236677,0.0005909520257806948,44.520041115769196,11.3875,0.3767712554686654,12.14104251093733,10.633957489062668,0.13234555625683092,0.36895231713315707,0.43330601440770794,0.038722610760295616,12.045630908148883,21.85177597000367,26.72825077176836,36.36363636363634,43.64169966579606,463862037.0,476753888.0,0.4435219357477873,0.1374153910750686,1.3896894969942495,6385032.8,-0.38415897081246186,0.864760945315739,0.04200178731009836,-0.017343578485181088,-0.0403910470800104,0.0,4.0,0.0044682752457552155,1.0,1682.09,1674.99,-0.005373981615638512,0.007488541629073531,0.013431833445265218,0.26694026536557336,-0.003483414309959354,-0.0361343749624069,0.05431625815778807,0.05359636076669738,0.8477796219250275,0.5976791093651722,0.0,0.0,0.0,0.0,0.0,0.0,0.0,0.0
2026-04-07,11.19,11.43,11.1,11.24,2815647,0.0044682752457552155,-0.004428697962798878,-0.02430555555555547,-0.04013663535439804,0.012612612612612706,0.0725190839694656,11.39,11.4255,11.65,11.399278317012824,11.449592746016041,-0.05031442900321714,-0.045850812081167286,-0.004463616922049857,-0.004476372687118963,-0.0003971189432428698,45.57844661005667,11.4255,0.3134271509417064,12.052354301883412,10.798645698116587,0.10972899249633054,0.35203898302790926,0.42592701337858596,0.037893862400230065,11.90223042326981,20.642466486789527,25.249069986993927,39.86013986013989,39.86013986013989,466677684.0,476516359.3,0.44331750656894964,0.11107023183980745,1.3938486017004634,6165085.05,-1.4108762499367704,0.45670854127146226,0.029359430604982212,-0.016235613321080034,-0.03519313304721028,1.0,4.0,0.008643042350907404,1.0,1677.99,1677.54,0.0015223971486397758,0.00182145011316881,0.0004830831439766037,0.2620486384331943,0.0029458780971154397,-0.04195808546756685,0.072036000825489,0.07200121825060646,0.8637197044025364,0.6030321899843426,0.0,0.0,0.0,0.0,0.0,0.0,0.0,0.0
2026-04-08,11.57,11.76,11.43,11.67,7382099,0.03825622775800719,0.04289544235924936,0.033658104517271914,-0.003415883859948843,0.01302083333333326,0.07955596669750231,11.382,11.468499999999999,11.642166666666666,11.440927806703158,11.465919209274112,-0.024991402570954335,-0.0416789301791247,0.016687527608170362,-0.002141508360835847,0.0014299509518569291,53.75009920883928,11.468499999999999,0.28195324360435237,12.032406487208704,10.904593512791294,0.09834005967802324,0.6786643748304894,0.43264651242297264,0.03707339438071745,11.23848952486332,24.318499062299946,23.081428338238275,78.12500000000004,51.449592074592125,474059783.0,476448524.0,0.449516031260886,0.11714527611119463,1.2109010020436513,6334778.45,0.44927564330875686,1.1653286785428147,0.028277634961439594,0.017569865283167063,0.00239073482885499,2.0,4.0,0.05312767780634098,1.0,1706.59,1756.55,0.04709872789918568,0.03148690785880803,0.01632201997292193,0.292030999698333,-0.008842500141178489,-0.034902791718756876,0.06323394672458038,0.06221841648797999,0.8582616689759328,0.6210900269209164,0.0,0.0,0.0,0.0,0.0,0.0,0.0,0.0
2026-04-09,11.67,12.48,11.48,12.29,26677938,0.05312767780634098,0.0934163701067614,0.09830205540661296,0.06684027777777768,0.07055749128919842,0.10323159784560132,11.535999999999998,11.526,11.646166666666666,11.571554297979596,11.526962230809364,0.044592067170231786,-0.0244247307092534,0.06901679787948518,0.003628321169262147,0.005615687378314499,62.49469239697089,11.526,0.32535648465234634,12.176712969304692,10.875287030695308,0.11291219318144925,1.0870483884902111,0.47317176153561746,0.038500550165632016,12.10139364030596,31.516353567600213,19.597126047288473,89.50276243093916,69.1626340970264,500737721.0,477371163.4,0.47357737107948206,0.191493177767185,0.7473431595658707,7325253.15,3.7831867296931043,3.6419134538715565,0.08136696501220506,0.06628492104806516,0.05528285415802059,3.0,4.0,-0.027243589743589758,0.0,1750.88,1736.68,-0.011311946713728593,0.024698788071889632,0.015834020624587053,0.29229043555029643,0.06443962452006957,0.04214148970588805,0.08739757722101427,0.08603529262317644,0.817732863105575,0.5687599530120673,0.0,0.0,0.0,0.0,0.0,0.0,0.0,0.0
2026-04-10,12.48,12.52,12.1,12.14,8344511,-0.012205044751830596,0.04027420736932319,0.08007117437722422,0.07528786536758214,0.044750430292599175,0.020168067226890685,11.706,11.538,11.651666666666667,11.659007482905812,11.572372435934597,0.0866350469712156,-0.0022127751731596005,0.0888478221443752,0.00713633006352682,0.007318601494594333,59.5606107157265,11.538,0.34378083593761355,12.225561671875226,10.850438328124774,0.11918212374332228,0.9377789110598118,0.46937377856878765,0.038663408448829296,12.97146848088605,30.110701289099453,18.344576782156285,76.54320987654326,81.39032410249418,492393210.0,477224070.8,0.4142840282530086,-0.031764234627080154,1.14004574166618,7089972.25,0.253770022334703,1.1769455092013936,0.03459637561779241,0.05217542035014744,0.041911028465169586,4.0,4.0,0.01991701244813271,1.0,1750.86,1750.0,0.007669806757721664,0.0391677157312178,0.031693628260151874,0.29129866935441906,-0.01987485150955226,0.03612014963636434,-0.011525561033261189,-0.011171495798319442,0.8197023445273249,0.57262633164501,0.0,0.0,0.0,0.0,0.0,0.0,0.0,0.0
2026-04-13,12.05,12.81,12.0,12.29,15392551,0.012355848434925765,0.0,0.05312767780634098,0.09830205540661296,0.06684027777777768,0.04506802721088432,11.925999999999998,11.564499999999999,11.651666666666667,11.756083254766457,11.625530033272774,0.13055322149368287,0.024340424160208894,0.10621279733347397,0.01062271940550715,0.008642212964481203,61.50685412126944,11.564499999999999,0.3802834815185374,12.325066963037074,10.803933036962924,0.1315347767801591,0.9769468273398004,0.49370422295673144,0.04017121423569825,14.262485111480016,30.777718928616906,16.19477787384907,69.59064327485373,78.54553852744543,507785761.0,478213575.9,0.41302349683054407,-0.17478202455305483,1.2174740991435595,7492629.65,1.4957966857274445,2.0543589792937382,0.06590724165988614,0.06273509447014569,0.054784723215562714,0.0,4.0,-0.012019230769230838,0.0,1738.57,1758.96,0.005120000000000013,0.05013164257697067,0.038831568441008546,0.2912275015514555,0.007235848434925751,0.048170412829642295,0.0062364587698757745,0.00600333967443345,0.8092733534954486,0.5782694516336497,0.0,0.0,0.0,0.0,0.0,0.0,0.0,0.0
2026-04-14,12.48,12.57,12.24,12.33,9125740,0.0032546786004883366,0.01565074135090616,0.0032546786004883366,0.09697508896797147,0.05294619982920579,0.06110154905335641,12.144,11.6,11.653166666666666,11.84437813864854,11.677712993771088,0.16666514487745232,0.052805368303657584,0.11385977657379473,0.01351704338016645,0.00923436955180817,62.03162293226844,11.6,0.4170952182088676,12.434190436417735,10.765809563582264,0.14382593731340262,0.9375499694858886,0.4820110641741078,0.0390925437286381,15.461286268460126,29.27261903104412,15.402816696489666,71.92982456140349,72.68789257093353,516911501.0,480020268.15,0.40948754318630093,-0.2670803636582157,1.408497675096139,7588016.5,0.29049788436214824,1.2026515756785716,0.026763990267639908,0.06293103448275872,0.058081494300547876,1.0,4.0,-0.0072697899838450875,0.0,1775.41,1775.65,0.00948856142265897,0.05848444746474013,0.038215741190090746,0.2910164326825347,-0.006233882822170633,0.03849064150323134,0.02288580786326566,0.02204340288371287,0.8203653441788838,0.5844141768877238,0.0,0.0,0.0,0.0,0.0,0.0,0.0,0.0
2026-04-15,12.38,12.57,12.29,12.29,8398380,-0.0032441200324412334,0.0,0.012355848434925765,0.05312767780634098,0.04953031596925683,0.057659208261617856,12.267999999999999,11.6335,11.653166666666667,11.912935348087226,11.723067586825081,0.18986776126214444,0.08021784689535497,0.10964991436678947,0.015448963487562608,0.008921880745873838,61.13408520857013,11.6335,0.4447740407988007,12.5230480815976,10.743951918402399,0.15292871132464025,0.8690075969929278,0.4675817024473859,0.03804570402338372,16.574458771370228,28.02053329382098,14.743987806656323,69.59064327485373,70.37037037037037,508513121.0,481407041.4,0.4099944725584408,-0.24598078737329987,1.3763911011003909,7722379.95,0.12809487130752886,1.0875377868451033,0.022782750203417506,0.056431856277130654,0.05464895092893185,2.0,4.0,-0.011437908496732097,0.0,1787.37,1800.65,0.014079351223495573,0.0251060317098859,0.05065846670906682,0.2941405539539435,-0.017323471255936806,0.028021646096455077,0.0070007415525510375,0.006663194343713874,0.8073845668419007,0.5789125935264359,0.0,0.0,0.0,0.0,0.0,0.0,0.0,0.0
2026-04-16,12.24,12.29,12.0,12.1,7141162,-0.015459723352318933,-0.018653690186536953,-0.015459723352318933,-0.015459723352318933,0.05034722222222232,0.04130808950086062,12.229999999999999,11.657499999999999,11.650833333333333,11.941714525304576,11.75098850631952,0.1907260189850568,0.10231948131329534,0.08840653767176147,0.015762480907855935,0.007306325427418304,56.921089068817125,11.657499999999999,0.45679518616699094,12.57109037233398,10.743909627666017,0.15673864419197625,0.7421763699575393,0.45489729512971544,0.03759481777931533,16.668666391756677,26.74458520899152,18.626221036752703,58.47953216374266,66.66666666666667,501371959.0,482436756.55,0.4151964854700547,-0.15918449236127638,1.1225886160712018,7765949.9,-0.11859373875748197,0.9195477812701315,0.023966942148760263,0.03795839588247918,0.03855232100708106,3.0,4.0,0.004149377593360981,1.0,1806.2,1819.83,0.010651709105045315,0.04787871110394537,0.07103635389875995,0.2923316408923004,-0.026111432457364248,-0.0633384344562643,-0.02972826439789933,-0.027756540933165597,0.7979642440265764,0.5682911823292217,0.0,0.0,0.0,0.0,0.0,0.0,0.0,0.0
2026-04-17,12.05,12.24,12.0,12.1,6382569,0.0,-0.015459723352318933,-0.018653690186536953,-0.0032948929159802853,0.07174490699734282,0.05861767279090113,12.221999999999998,11.690999999999999,11.649333333333335,11.96606613679618,11.77684120955511,0.1892249272410691,0.1197005704988501,0.06952435674221899,0.01563842373893133,0.005745814606794958,56.921089068817125,11.690999999999999,0.463747889766877,12.618495779533752,10.763504220466245,0.1586683396687629,0.7204861784953903,0.4395474883347358,0.03632623870535007,16.75614489640124,25.701515652799316,17.89977701234466,58.47953216374266,62.18323586744639,501371959.0,483631258.9,0.4094447167765244,-0.2494319238773358,1.4009370710002729,7920291.15,-0.2971536420589248,0.8058503000865063,0.01983471074380167,0.03498417586177416,0.03868604784250862,4.0,4.0,0.0033057851239670644,1.0,1832.33,1817.17,-0.0014616749916199767,0.038382857142857274,0.10277883979342284,0.26475606560057635,0.0014616749916199767,-0.04167775005883756,-0.044161167002521706,-0.04004535216761518,0.8031694463919955,0.5710408695407944,0.0,0.0,0.0,0.0,0.0,0.0,0.0,0.0
2026-04-20,12.1,12.33,12.1,12.14,5314038,0.0033057851239670644,0.0033057851239670644,-0.012205044751830596,-0.012205044751830596,0.08489722966934776,0.13352007469654525,12.191999999999998,11.7625,11.646166666666666,11.99282519267369,11.803741860699176,0.18908333197451377,0.13357712279398284,0.055506209180530924,0.01557523327631909,0.004572175385546205,57.63394444895095,11.7625,0.41187472546122533,12.58624945092245,10.938750549077549,0.14006366859467814,0.7291352058427896,0.42457981059654043,0.034973625255069224,17.041846319967185,26.221130461667897,17.20716808967913,60.818713450292414,59.25925925925929,506685997.0,485632744.75,0.32660980833662756,0.9111974398146964,-0.0025214219189881072,7644711.45,-0.45179415210973917,0.6951260403687309,0.01894563426688636,0.03209351753453782,0.04240307969718238,0.0,4.0,-0.011532125205930832,0.0,1819.03,1837.11,0.010973106533785915,0.04442966298267148,0.15456550839947947,0.22045976712243834,-0.00766732140981885,-0.05663470773450208,-0.021045433702934213,-0.01822801179303246,0.7968602314849874,0.5682381295232155,0.0,0.0,0.0,0.0,0.0,0.0,0.0,0.0
2026-04-21,12.14,12.19,12.0,12.0,5750455,-0.011532125205930832,-0.008264462809917328,-0.008264462809917328,-0.02676399026763987,0.06761565836298922,0.08108108108108114,12.126,11.807500000000001,11.641333333333334,11.99392900918543,11.818279500647385,0.1756495085380454,0.14199159994279537,0.03365790859525003,0.014637459044837117,0.002804825716270836,54.25024964111946,11.807500000000001,0.383897944223493,12.575295888446988,11.039704111553014,0.1300522360274379,0.6253588374830756,0.4078241098396447,0.03398534248663706,16.96171464382647,25.3485528221003,18.386009286265327,52.63157894736841,57.309941520467866,500935542.0,487130660.0,0.3123657723622925,1.1991516570922713,0.9514316423365202,7716186.35,-0.3839327129101032,0.7452457391726938,0.015833333333333293,0.016303197120474122,0.030809758332378756,1.0,4.0,-0.008298755186722073,0.0,1851.84,1833.48,-0.00197592958505477,0.032568355250190084,0.13544343776513057,0.2209183980572495,-0.009556195620876062,-0.059332345517829954,-0.05436235668404943,-0.047877643989954866,0.797698095095798,0.5677793096926362,0.0,0.0,0.0,0.0,0.0,0.0,0.0,0.0
2026-04-22,12.05,12.1,11.86,11.95,4058094,-0.004166666666666763,-0.01565074135090616,-0.012396694214876103,-0.02766476810414975,0.023993144815766865,0.03732638888888884,12.058,11.828999999999999,11.639666666666667,11.987170700079979,11.828036574673504,0.15913412540647442,0.14542010503553118,0.013714020370943242,0.013316663213930916,0.0011476167674429492,53.05228611207177,11.828999999999999,0.37895840627209715,12.586916812544192,11.071083187455805,0.128145542741431,0.5798240638005012,0.3958366734225272,0.0331244078177847,16.41583437068707,24.250760098525177,20.11604421066286,49.70760233918124,54.385964912280734,496877448.0,488153059.1,0.28669987282032705,1.5531013967133194,2.691399226928103,7646479.6,-0.6951872043780086,0.5307140294992745,0.02008368200836822,0.010229097979541857,0.026661702797903697,2.0,4.0,0.028451882845188292,1.0,1834.53,1857.3,0.01299168793769212,0.03146086135562154,0.12007671014781174,0.20906437378007858,-0.017158354604358883,-0.05912562945977129,-0.0827503212589229,-0.07387915533749712,0.7816822682511491,0.5622908069907756,0.0,0.0,0.0,0.0,0.0,0.0,0.0,0.0
2026-04-23,11.95,12.52,11.67,12.29,12134749,0.028451882845188292,0.02416666666666667,0.012355848434925765,0.015702479338842945,0.0,0.07055749128919842,12.096,11.8695,11.639666666666667,12.033759823144598,11.862256087660652,0.17150373548394526,0.150636831125214,0.02086690435873126,0.013954738444584645,0.0016978766768699154,59.58738812756292,11.8695,0.38295904686927773,12.635418093738556,11.103581906261445,0.12905650511623162,0.7745071590798164,0.4282769110352038,0.034847592435736686,16.915366860315853,27.81768697043393,17.264311548504487,69.59064327485373,57.30994152046784,509012197.0,490050160.75,0.3006921837826707,1.2255339357476345,1.3160961840264889,7985251.95,0.7940575434630491,1.5196451002400744,0.06916192026037427,0.0354269345802265,0.055872161287551014,3.0,4.0,-0.018653690186536953,0.0,1868.31,1870.36,0.007031712701232928,0.027766329822016322,0.13725275593902575,0.20247644993272357,0.021420170143955364,-0.012063850483173377,-0.06669526464982733,-0.058645946823630446,0.7932308322759725,0.5677759674765782,0.0,0.0,0.0,0.0,0.0,0.0,0.0,0.0
2026-04-24,12.33,12.52,12.0,12.1,7008103,-0.015459723352318933,0.012552301255230214,0.008333333333333304,0.0,-0.0032948929159802853,0.04130808950086062,12.096,11.8935,11.639666666666667,12.04395061958389,11.879866747833937,0.16408387174995376,0.15332623925016195,0.010757632499791808,0.013560650557847418,0.0008890605371728767,54.9814952204655,11.8935,0.38153809218681234,12.656576184373623,11.130423815626376,0.12831818798059844,0.6353075906631177,0.43482856024697497,0.03593624464851033,17.379218457828298,25.441512846543148,15.789601936165166,58.47953216374266,59.259259259259245,502004094.0,491222303.0,0.3061600535096273,1.338959608094763,1.4761717645835584,7961102.85,-0.18224558648258035,0.8802929860402444,0.04297520661157021,0.017362424853911707,0.039548669778630474,4.0,4.0,-0.0237899917965545,0.0,1873.23,1853.29,-0.009126585256314268,0.01987706158477187,0.1078969392635103,0.2056674976614595,-0.006333138096004665,-0.01987706158477187,-0.06658884976264967,-0.060103830422092774,0.7938137204071155,0.5689378012000953,0.0,0.0,0.0,0.0,0.0,0.0,0.0,0.0
2026-04-28,12.19,12.24,11.9,11.9,3431932,-0.016528925619834656,-0.03173311635475984,-0.004184100418409997,-0.01976935749588138,-0.03173311635475984,0.03298611111111116,12.048,11.9125,11.642833333333332,12.021804370417138,11.881358099846238,0.14044627057089976,0.15075024551430952,-0.01030397494340976,0.011802207610999978,-0.000865880247345358,50.55195621291472,11.9125,0.3712833362669983,12.655066672533996,11.169933327466003,0.12467016537821558,0.49158324736192155,0.42805509165790534,0.03597101610570633,17.447287245210003,23.998088100456343,16.562455616511603,34.05797101449278,54.04271548436309,498572162.0,492490170.15,0.31112043725857347,1.3020887291857868,1.34413447498683,7865377.95,-0.8370239461029136,0.4363340225754822,0.02857142857142856,-0.0010493179433367361,0.02208797973001997,1.0,4.0,0.0,0.0,1850.07,1875.84,0.012167550680141748,0.02108202557277461,0.12829766501858608,0.20250971115930616,-0.028696476299976403,-0.04085138306865599,-0.09531155390747492,-0.08447376686355623,0.755777486726329,0.5471664157305447,0.0,0.0,0.0,0.0,0.0,0.0,0.0,0.0
2026-04-29,11.9,12.05,11.9,11.9,4620145,0.0,-0.016528925619834656,-0.03173311635475984,-0.008333333333333304,-0.0348742903487429,0.016225448334756587,12.028,11.922,11.649166666666666,12.00306523650681,11.88273898133911,0.12032625516770068,0.14466544744498777,-0.02433919227728709,0.010111450014092494,-0.0020453102754022763,50.55195621291472,11.922,0.3682476283556395,12.65849525671128,11.185504743288721,0.12355229939796669,0.48506439803954865,0.4081940136823407,0.03430201795649922,17.51049397635016,23.36818574058248,16.127723906448903,31.578947368421044,41.37215018221887,498572162.0,493454180.95,0.30626244746495124,1.4817491405936454,1.9350574412637962,7792528.85,-0.5949187501831484,0.5928941796603038,0.012605042016806753,-0.0018453279651065024,0.021532298447671572,2.0,4.0,0.008333333333333304,1.0,1878.96,1854.1,-0.011589474582053949,0.011246373017431255,0.1072625097790969,0.21195689910403567,0.011589474582053949,-0.01957970635076456,-0.09103706144434032,-0.08221813765057628,0.744561645335689,0.5429389572654904,0.0,0.0,0.0,0.0,0.0,0.0,0.0,0.0
2026-05-04,12.0,12.29,12.0,12.1,5322830,0.01680672268907557,0.01680672268907557,0.0,0.012552301255230214,-0.015459723352318933,0.033304867634500246,12.058,11.941500000000001,11.657166666666665,12.017978277044223,11.898832390128804,0.11914588691541894,0.139561535339074,-0.020415648423655064,0.009846767513670987,-0.0016872436713764516,54.777351508544555,11.941500000000001,0.3667535383535063,12.675007076707015,11.207992923292988,0.1228500735597728,0.6080425840685573,0.40689444127645913,0.03362763977491398,18.168545586962928,25.98143064622029,15.023574369745718,37.71929824561399,34.45207220950931,503894992.0,494684333.25,0.3113187916757749,1.2985439562016703,1.3285697030295334,7736542.6,-0.4508896101130643,0.6880114639322221,0.023966942148760263,0.013273039400410136,0.03798807600474685,0.0,5.0,-0.004149377593361092,0.0,1870.66,1854.06,-2.1573809395381005e-05,-0.0017444677758036153,0.08874704186314175,0.20796532084555053,0.01682829649847095,0.014296769031033829,-0.055442174228641505,-0.05092291606484178,0.7626161112212597,0.5503070793754573,0.0,0.0,0.0,0.0,0.0,0.0,0.0,0.0
2026-05-05,12.05,12.29,11.95,12.0,4636694,-0.008264462809917328,0.008403361344537785,0.008403361344537785,-0.02359641985353944,-0.008264462809917328,0.04166666666666674,12.0,11.9655,11.663499999999999,12.01521238826819,11.9063262871563,0.10888610111188868,0.13342644849363694,-0.024540347381748262,0.009073841759324056,-0.002045028948479022,52.36779452736187,11.9655,0.3531732093315604,12.67184641866312,11.25915358133688,0.1180638366408625,0.5244214446965673,0.4021162668995692,0.03350968890829743,18.575636573534993,24.412288451916083,15.00438743754213,28.947368421052623,32.74853801169593,499258298.0,495944059.6,0.3064430917216596,1.3322024311955118,1.4568304678105735,7706968.55,-0.5718075752964928,0.6016235787026795,0.02833333333333332,0.0028832894571892975,0.028850688043897676,1.0,5.0,0.02416666666666667,1.0,1853.08,1874.85,0.011213229345328646,0.0024006073697042662,0.106223669770241,0.20641650291136981,-0.019477692155245974,-0.025997027223243707,-0.06455700310357426,-0.05835800197349106,0.753514762353706,0.5442750077190535,0.0,0.0,0.0,0.0,0.0,0.0,0.0,0.0
2026-05-06,12.0,12.29,11.95,12.29,5461407,0.02416666666666667,0.015702479338842945,0.03277310924369736,0.015702479338842945,0.015702479338842945,0.08857395925597866,12.038,12.0155,11.674666666666665,12.057487405457698,11.93474656218176,0.12274084327593826,0.13128932745009722,-0.00854848417415896,0.009987049900401812,-0.0006955642127061807,58.12106138096437,12.0155,0.32191000703870715,12.659320014077414,11.371679985922585,0.10716491433189042,0.7131806980195813,0.3976793906924571,0.03235796506854818,18.953649632494766,22.92146474749594,14.088090855750924,68.88888888888877,45.18518518518517,504719705.0,497710866.65,0.30410428567717873,1.156195703811911,0.8393615701066224,7746028.55,-0.4271083213066571,0.7050589814828401,0.027664768104149706,0.022845491240480964,0.0527067153951577,2.0,5.0,-0.02766476810414975,0.0,1881.22,1891.2,0.008720697655812515,0.020455514247635254,0.1230137051376452,0.20217083969881183,0.015445969010854155,-0.0047530349087923085,-0.03443974588166654,-0.030667253412945072,0.7646597500560731,0.5479030917590276,0.0,0.0,0.0,0.0,0.0,0.0,0.0,0.0
2026-05-07,12.29,12.33,11.95,11.95,6683097,-0.02766476810414975,-0.004166666666666763,-0.012396694214876103,0.004201680672268893,-0.01565074135090616,0.06791778373547808,12.047999999999998,12.0535,11.677833333333332,12.040950881541129,11.935876446464592,0.10507443507653669,0.1260463489753851,-0.02097191389884842,0.008792839755358718,-0.0017549718743806212,50.430274723878625,12.0535,0.25781010963820117,12.569120219276401,11.537879780723598,0.08555526930375437,0.39963543308556865,0.3964165770715674,0.03317293531979644,19.416020467586968,22.07276220352718,13.123471665660379,31.11111111111103,42.98245614035085,498036608.0,499419595.2,0.3218106634179696,0.9149148338062281,0.5845260960944479,7804107.05,-0.2103250857938715,0.8563563976227108,0.031799163179916386,-0.008586717550918888,0.023306264004453014,3.0,5.0,-0.01589958158995808,0.0,1897.44,1909.01,0.00941730118443318,0.017682744796997607,0.13971426695084754,0.19801228379799732,-0.03708206928858293,-0.013481064124728714,-0.07179648321536947,-0.06299516053918608,0.763505542211652,0.539567482925994,0.0,0.0,0.0,0.0,0.0,0.0,0.0,0.0
2026-05-08,11.95,12.0,11.52,11.76,12154815,-0.01589958158995808,-0.04312449145646857,-0.020000000000000018,-0.01176470588235301,-0.020000000000000018,0.0462633451957295,12.02,12.0795,11.678666666666667,11.997727668996339,11.922848561541288,0.07487910745505033,0.11581290067131816,-0.04093379321626783,0.006367271042096116,-0.003480764729274476,46.710543855848016,12.0795,0.18830196913211067,12.45610393826422,11.702896061735778,0.0623542262948336,0.07581431374219731,0.4023868215664555,0.03421656645973261,18.12846410601118,20.192033566688202,19.638299763802067,24.00000000000002,41.333333333333314,485881793.0,500379800.65,0.3290244686318477,0.9721329538708253,0.5059758184459823,8271065.45,0.7357387990207414,1.4695585560866284,0.04081632653061228,-0.02644977027194828,0.006964265327092045,4.0,5.0,-0.024451939291736835,0.0,1911.15,1915.37,0.003331569766528153,0.03304568254139473,0.141773072475172,0.1974964495016553,-0.01923115135648623,-0.04481038842374774,-0.09550972727944251,-0.08365035888645844,0.7621275698002573,0.5365353321972588,0.0,0.0,0.0,0.0,0.0,0.0,0.0,0.0
2026-05-11,11.86,11.86,11.52,11.57,6039008,-0.016156462585034004,-0.03179916317991627,-0.058584214808787505,-0.04380165289256188,-0.03179916317991627,-0.00856898029134534,11.913999999999998,12.0745,11.673166666666667,11.931923412227672,11.896711631056748,0.03521178117092383,0.0996926767712393,-0.06448089560031547,0.003043369159111826,-0.00557311111497973,43.27319339443711,12.0745,0.20066927491477046,12.475838549829541,11.67316145017046,0.06647704664036456,-0.12852173086073412,0.3979306200259944,0.034393312016075574,16.932876055976518,18.959713324490938,18.43977390748633,5.000000000000071,20.037037037037077,479842785.0,500668950.75,0.30643521474564733,1.2511812509820075,1.7532445636552103,8203910.9,-0.40854044346571955,0.7361133090804289,0.029386343993085554,-0.04178226841691168,-0.008837933151529809,0.0,5.0,0.0077452667814115195,1.0,1918.93,1895.5,-0.010373974741172631,0.022350948728735887,0.07910392530813248,0.13809516823997986,-0.0057824878438613725,-0.06615260162129777,-0.08767290559947782,-0.08124602602519793,0.7887524910183753,0.5545240234967871,0.0,0.0,0.0,0.0,0.0,0.0,0.0,0.0
2026-05-12,11.62,11.71,11.57,11.71,2709979,0.012100259291270676,-0.00425170068027203,-0.020083682008368076,-0.02416666666666656,-0.04719283970707877,-0.04719283970707877,11.856,12.045499999999999,11.6715,11.89778134880803,11.88288113986736,0.014900208940670012,0.08273418320512545,-0.06783397426445543,0.0012724345807574732,-0.005792824446153325,46.4029386281139,12.045499999999999,0.209597986129533,12.464695972259065,11.626304027740932,0.06960208746155268,0.0998291703615698,0.37950700430985196,0.03240879626898821,15.822687152372906,18.460125356174782,17.95388632970579,19.000000000000128,16.00000000000011,482552764.0,499759702.9,0.238776265824727,0.5203504996291674,-0.4141282017433557,7005512.95,-1.3453230481789957,0.38683519955523027,0.011955593509820714,-0.027852725084056118,0.00329863342329606,1.0,5.0,-0.003415883859948843,0.0,1893.2,1901.1,0.002954365602743314,0.014001120089607078,0.09467489692977393,0.1260834637404802,0.009145893688527362,-0.038167786756273636,-0.1418677366368527,-0.12959805421202952,0.7889246120297632,0.5533012716293312,0.0,0.0,0.0,0.0,0.0,0.0,0.0,0.0
2026-05-13,11.71,11.76,11.52,11.67,3972281,-0.003415883859948843,0.008643042350907404,-0.007653061224489832,-0.05044751830756711,-0.035537190082644554,-0.038714991762767714,11.732,12.022,11.674666666666667,11.862738064376025,11.867112166543851,-0.004374102167826521,0.06531252613053505,-0.06968662829836157,-0.00037481595268436344,-0.005971433444589681,45.628348356254506,12.022,0.22427896163407907,12.470557923268158,11.573442076731842,0.07462284532825786,0.10763149892063462,0.3695422182877197,0.03166599985327504,14.789296060034506,17.603770449592094,18.08746226823411,15.000000000000036,13.000000000000115,478580483.0,499069066.55,0.23596561998491433,0.4578311171879552,-0.3508331604090445,6786901.45,-0.8671903796249026,0.5852863827866545,0.02056555269922881,-0.029279653967725916,-0.00039972590223846804,2.0,5.0,0.0,0.0,1908.77,1898.37,-0.0014360107306296,0.003791243654822196,0.08478285714285705,0.1272453055961061,-0.001979873129319243,-0.054238761962389304,-0.12349784890562476,-0.11384568634399161,0.7733540182993469,0.5444652003057209,0.0,0.0,0.0,0.0,0.0,0.0,0.0,0.0
2026-05-14,11.62,11.71,11.57,11.62,3174526,-0.004284490145672781,-0.0076857386848848686,0.004321521175453702,-0.02761506276150627,-0.02352941176470602,-0.05451586655817742,11.666,11.9885,11.675500000000001,11.825393746779714,11.848807561614677,-0.02341381483496363,0.04756725793743532,-0.07098107277239896,-0.0020149582474151147,-0.006108526056144489,44.62556983110923,11.9885,0.2320452542071939,12.452590508414389,11.524409491585612,0.07742261474152537,0.10298692462056815,0.35314634555288266,0.03039125176875066,13.829718617148849,17.105286728288625,17.575281907428828,9.999999999999964,14.666666666666748,475405957.0,497450076.35,0.2299791897574291,0.6305668235653399,0.07903399291609392,6176000.2,-1.1401134140729545,0.5140100222147014,0.012048192771084387,-0.030737790382449948,-0.004753543745450006,3.0,5.0,-0.012048192771084265,0.0,1896.72,1925.46,0.014270137012279083,0.008617031864683877,0.09465820712239048,0.13225727998050169,-0.018554627157951864,-0.03623209462619015,-0.1491740736805679,-0.136274567449426,0.7629090592441822,0.540043704683714,0.0,0.0,0.0,0.0,0.0,0.0,0.0,0.0
2026-05-15,11.62,11.67,11.48,11.48,4371089,-0.012048192771084265,-0.016281062553556103,-0.01964133219470543,-0.023809523809523725,-0.03529411764705881,-0.06893755068937546,11.61,11.946,11.676333333333334,11.772256247275143,11.821488482976553,-0.04923223570141033,0.028207359209666192,-0.07743959491107652,-0.004288522273642015,-0.006745609312811544,41.85205927779369,11.946,0.24375138326209714,12.433502766524194,11.458497233475805,0.08161774092151255,0.02205399435730994,0.3414930351562482,0.029746780065875274,13.315667026656309,16.42549782155277,18.75930447363651,0.0,8.333333333333371,471034868.0,495156244.7,0.23113649064106837,0.7770013090616209,0.19637012491149758,5938267.65,-0.6107337269548864,0.7360882428396436,0.01655052264808358,-0.03900887326301683,-0.016814639298866618,4.0,5.0,-0.008710801393728151,0.0,1928.61,1921.6,-0.002004715756234954,0.003252635261072223,0.08219525244276737,0.1328736648552197,-0.010043477014849311,-0.027062159070595948,-0.15113280313214283,-0.1396539143846739,0.7636732236322951,0.5407472028783242,0.0,0.0,0.0,0.0,0.0,0.0,0.0,0.0
2026-05-18,11.48,11.48,11.33,11.38,6107928,-0.008710801393728151,-0.0206540447504302,-0.024850042844901332,-0.016421780466724267,-0.05950413223140483,-0.07404393816110644,11.572000000000001,11.9005,11.671500000000002,11.711909132309737,11.788785632385698,-0.07687650007596147,0.00719058735254066,-0.08406708742850214,-0.006755404224601184,-0.007387266030624088,39.94247987869713,11.9005,0.2605151778588276,12.421530355717655,11.379469644282343,0.08756444783289037,0.0005089489622221444,0.3278149612165162,0.028806235607778223,13.422657150458223,15.888647776617642,21.414570786884017,4.201680672268969,4.733893557423015,464926940.0,492976935.65,0.23188065509742625,0.8292175435718225,0.22363527310523626,5823745.05,0.11363834255250843,1.048797285519908,0.013181019332161717,-0.043737658081593134,-0.024975367347813138,0.0,5.0,-0.004393673110720586,0.0,1916.56,1927.94,0.0032993338884264034,0.017114217884463212,0.07069113931080451,0.12741557202109519,-0.012010135282154555,-0.03353599835118748,-0.14473507747191094,-0.13517911203138921,0.7574729518461075,0.5305457045120411,0.0,0.0,0.0,0.0,0.0,0.0,0.0,0.0
2026-05-19,11.38,11.62,11.29,11.33,4115793,-0.004393673110720586,-0.013066202090592394,-0.024956970740103168,-0.032450896669513285,-0.05583333333333329,-0.0636363636363636,11.496,11.862,11.666666666666666,11.653153881185162,11.754801511468239,-0.1016476302830771,-0.014577056174582893,-0.08707057410849421,-0.008971547244755261,-0.0076849579972192595,38.98469125177916,11.862,0.2852072192193177,12.432414438438636,11.291585561561364,0.09617508656864543,0.033672393132075804,0.3279710354153365,0.028947134635069417,12.858232570852147,17.79577312091752,19.875495773593276,3.8461538461539315,2.6826115061410047,460811147.0,490948895.05,0.22775161195100185,0.7784079325715961,0.31124919493991937,5672476.6,-0.6205951432057685,0.725572495089711,0.029126213592233014,-0.04484909795987191,-0.028857142857142803,1.0,5.0,-0.007943512797881747,0.0,1933.01,1912.93,-0.007785511997261296,0.006222713166061933,0.051158624706703515,0.13037063669495566,0.00339183888654071,-0.03867360983557522,-0.11479498834306712,-0.1092080544695121,0.7617171486493997,0.5336632765385754,0.0,0.0,0.0,0.0,0.0,0.0,0.0,0.0
2026-05-20,11.33,11.38,10.95,11.24,5905716,-0.007943512797881747,-0.012302284710017597,-0.020905923344947785,-0.036846615252784876,-0.08543531326281517,-0.07107438016528922,11.41,11.819,11.661166666666666,11.589591745618215,11.716668066174295,-0.1270763205560801,-0.03707690905088233,-0.08999941150519776,-0.011305722469402143,-0.008007065080533608,37.25306618806823,11.819,0.31109145719051884,12.441182914381038,11.196817085618964,0.10528520422726746,0.034702748486750014,0.33525881859995543,0.029827297028465784,13.513110200930695,16.165437303279635,25.29849935112973,21.014492753623244,9.68744242401542,454905431.0,488625568.65,0.22802366011317055,0.8650544225558238,0.4054940252983313,5648633.95,0.10268786649747458,1.0455122516834356,0.03825622775800725,-0.04898891615195877,-0.03611702659825344,2.0,5.0,-0.008857395925597866,0.0,1907.1,1913.23,0.00015682748453937911,0.007827768032575344,0.05286241793558122,0.1298389203876968,-0.008100340282421126,-0.04467438328536022,-0.12393679810087044,-0.11771414383265932,0.7643066206955044,0.5347688943003707,0.0,0.0,0.0,0.0,0.0,0.0,0.0,0.0
2026-05-21,11.29,11.33,11.14,11.19,2079618,-0.004448398576512469,-0.012356575463371655,-0.016695957820738294,-0.037005163511187544,-0.06359832635983265,-0.07825370675453058,11.324000000000002,11.7715,11.648500000000002,11.528116092446181,11.677655616828051,-0.14953952438187024,-0.059569432117079914,-0.08997009226479033,-0.013363675101150156,-0.008040222722501371,36.28869701985653,11.7715,0.33136519843960616,12.434230396879212,11.108769603120788,0.11259914146526985,0.06128464701613555,0.3248831886999586,0.02903335019660041,14.121210857432203,15.490154354459596,24.24169866445193,17.391304347826093,14.083983649201128,452825813.0,485932559.45,0.22657375710291708,0.9657537224796192,0.6270723467505198,5486912.95,-1.2966982269398262,0.3790142141766619,0.01697944593386948,-0.04939897209361599,-0.03936129115336762,3.0,5.0,0.012455516014235002,1.0,1920.44,1896.89,-0.008540530934597501,-0.014838012734619266,0.03254023983321641,0.13163359173525752,0.004092132358085032,-0.02216715077656828,-0.110793946587747,-0.10730230388468276,0.7389010303030512,0.5214425223486362,0.0,0.0,0.0,0.0,0.0,0.0,0.0,0.0
2026-05-22,11.24,11.38,11.19,11.38,2956559,0.016979445933869686,0.012455516014235002,0.0044130626654899086,-0.008710801393728151,-0.0323129251700679,-0.05166666666666664,11.304,11.7405,11.639833333333334,11.505329001300614,11.655607052618567,-0.1502780513179527,-0.07771115595725447,-0.07256689536069821,-0.013205452664143469,-0.006376704337495449,42.391586284891346,11.7405,0.3378021065031591,12.416104213006319,11.064895786993683,0.11508951288383258,0.2332017821530158,0.3152486752213902,0.027701992550210035,14.43368131466371,15.956197022704695,23.198095605236336,31.159420289855163,23.188405797101538,455782372.0,483674900.95,0.2363445459002131,0.701241289436602,-0.14936570762953658,5347218.15,-0.8898692405041461,0.5529153509474828,0.01669595782073825,-0.03070567693028403,-0.02232277094460111,4.0,5.0,-0.007908611599297122,0.0,1896.74,1877.13,-0.010417051067800442,-0.02314217318900902,0.023807186334184216,0.13796273228097655,0.027396497001670128,0.014431371795280867,-0.07547385300085085,-0.07371881542567649,0.7224815969337334,0.5090791207639436,0.0,0.0,0.0,0.0,0.0,0.0,0.0,0.0
2026-05-25,11.38,11.52,11.29,11.29,2309815,-0.007908611599297122,0.008936550491510209,0.004448398576512469,-0.007908611599297122,-0.02420051858254113,-0.05523012552301254,11.286,11.7075,11.627999999999998,11.472201462638981,11.628525048720896,-0.1563235860819141,-0.0934336419821864,-0.0628899440997277,-0.013846198944367945,-0.005570411346300062,40.41665078428483,11.7075,0.3483324939133096,12.404164987826618,11.01083501217338,0.11901174252857039,0.20035812959219296,0.3091594841341481,0.027383479551297444,14.044631007475278,18.3428696475172,21.96536107753837,24.637681159420264,24.396135265700547,453472557.0,481504656.4,0.23705744999040018,0.7340630501838473,-0.14461498105479342,5259804.2,-1.0695461906686714,0.43914467386447575,0.02037201062887515,-0.03566090113175324,-0.029067767457860216,0.0,5.0,0.003542958370239324,1.0,1876.37,1886.03,0.004741280571936901,-0.021738228368102797,0.01546869111075222,0.13158106411387296,-0.012649892171234023,0.013829616768805675,-0.07069881663376476,-0.06962185762362805,0.7224165479906144,0.5093475998947469,0.0,0.0,0.0,0.0,0.0,0.0,0.0,0.0
2026-05-26,11.29,11.38,11.24,11.33,2117874,0.003542958370239324,-0.004393673110720586,0.01251117068811447,0.0,-0.032450896669513285,-0.07811228641171675,11.286,11.6595,11.618500000000001,11.450324314540676,11.606412082148978,-0.15608776760830168,-0.10596446710740946,-0.05012330050089221,-0.01377650199543704,-0.004423945322232323,41.71628939981398,11.6595,0.3294728644685755,12.318445728937151,11.000554271062848,0.1130315586323859,0.2499794098889848,0.2970766638388519,0.02622035867951032,13.878006616562928,17.72542398852504,22.4281683697397,27.53623188405801,27.777777777777853,455590431.0,478833568.1,0.20835075787162444,0.6206175128010915,0.06830958916398112,4758960.45,-1.1391414133868987,0.44502870369515257,0.012356575463371629,-0.028260216990436904,-0.02483108835047565,1.0,5.0,0.0044130626654899086,1.0,1889.15,1884.18,-0.0009808963802272475,-0.015029300601694828,0.007388951859535142,0.12960745429556614,0.004523854750466572,0.015029300601694828,-0.08550123827125189,-0.08487410757625002,0.7314814425827014,0.514491516789894,0.0,0.0,0.0,0.0,0.0,0.0,0.0,0.0
2026-05-27,11.33,11.48,11.33,11.38,2358865,0.0044130626654899086,0.007971656333038313,0.0,0.012455516014235002,-0.024850042844901332,-0.05950413223140483,11.314,11.6235,11.609833333333334,11.439505189226727,11.589640816804609,-0.1501356275778818,-0.11479869920150394,-0.03533692837637785,-0.013192937397001914,-0.0031051782404549954,43.37882617363775,11.6235,0.3179419841153932,12.259383968230786,10.987616031769214,0.10941351025608224,0.30853425140007307,0.2865711878503625,0.025182002447307776,13.239896689110607,19.55523270446479,21.58962697357194,40.95238095238107,31.04209799861982,457949296.0,476630828.2,0.20574927064430973,0.4449148768494886,0.00543460070327405,4526498.55,-0.9366732019877024,0.5211235514479509,0.013181019332161717,-0.020948939648126608,-0.019796436928465777,2.0,5.0,-0.012302284710017597,0.0,1889.87,1874.43,-0.0051746648409387586,-0.020279840897330703,0.011406741524532027,0.12647618421461904,0.009587727506428667,0.032735356911565705,-0.07091087375593685,-0.07011113417046255,0.7284230685950887,0.5126099530501383,0.0,0.0,0.0,0.0,0.0,0.0,0.0,0.0
2026-05-28,11.38,11.43,11.24,11.24,2148935,-0.012302284710017597,-0.007943512797881747,-0.004428697962798878,0.0044682752457552155,-0.03270223752151458,-0.055462184873949605,11.324000000000002,11.5905,11.605833333333333,11.408812083191846,11.563741497041304,-0.1549294138494588,-0.12282484213109492,-0.03210457171836388,-0.013783755680556831,-0.0028562786226302385,39.9431727994631,11.5905,0.3219590526433786,12.234418105286757,10.946581894713244,0.11111135935235864,0.2278380611429524,0.27967324586105086,0.02488196137553833,13.023914813092683,18.606295157617133,22.84056916299874,31.868131868131965,33.45224823485705,455800361.0,474492238.15,0.20258113438317046,0.45807779853802494,0.12152039925474821,4462348.7,-0.9788574637271006,0.4815703891540345,0.016903914590747287,-0.030240282990380063,-0.03152150499030659,3.0,5.0,-0.016829052258635957,0.0,1869.7,1863.67,-0.005740411751839258,-0.017512876339692895,-0.006487760150119315,0.12058518197375503,-0.006561872958178339,0.02198115158544811,-0.04897442472383029,-0.04929423389009313,0.7049571853141883,0.4999861901508512,0.0,0.0,0.0,0.0,0.0,0.0,0.0,0.0
2026-05-29,11.29,11.29,11.1,11.1,2651620,-0.01245551601423489,-0.024604569420035194,-0.0203000882612534,-0.024604569420035194,-0.03310104529616731,-0.06722689075630262,11.267999999999999,11.550500000000001,11.599499999999999,11.361302531931562,11.529390275038244,-0.16808774310668184,-0.1318774223262123,-0.03621032078046954,-0.015143039919520887,-0.0032621910613035623,36.80402645419006,11.550500000000001,0.3310505606161758,12.212601121232353,10.88839887876765,0.11464458183322833,0.15979516908119903,0.2732680140138329,0.024618740001246208,13.368527265596155,17.682242605686433,25.365639100524124,18.51851851851855,30.446343779677235,453148741.0,472221067.1,0.20512958005455556,0.5768071690202782,0.08382245966805947,4363922.45,-0.7142888597702668,0.6076230800114241,0.017117117117117074,-0.03900264057833003,-0.0430622009569378,4.0,5.0,0.004488330341112956,1.0,1864.42,1863.49,-9.658362263709197e-05,-0.007266412022609026,0.0050644517555686885,0.1129721777719416,-0.012358932391597799,-0.017338157397426168,-0.0722913425118713,-0.07192707132920517,0.7217319809528561,0.5048768275581463,0.0,0.0,0.0,0.0,0.0,0.0,0.0,0.0
2026-06-01,11.14,11.24,11.14,11.19,1379726,0.008108108108108025,-0.004448398576512469,-0.016695957820738294,-0.008857395925597866,-0.016695957820738294,-0.075206611570248,11.248,11.504999999999999,11.597166666666668,11.334948296249783,11.50425025466504,-0.1693019584152573,-0.1393623295440213,-0.029939628871235996,-0.015129754996895202,-0.002675570051048793,40.065009932143916,11.504999999999999,0.31362901315855635,12.132258026317112,10.877741973682886,0.10904094329719484,0.24890715878958736,0.26374887015570203,0.023570050952252192,13.688524542920808,17.011822952504676,24.40390458823788,29.629629629629637,26.67209333876009,454528467.0,469752740.85,0.1958833554629133,0.5707251341827148,0.4426762870899249,4166767.25,-1.1260404699216038,0.33112624661240675,0.008936550491510245,-0.027379400260756137,-0.03510915022347427,0.0,6.0,-0.012511170688114248,0.0,1867.44,1844.54,-0.010169091328636082,-0.02199858963006951,-0.0051346774106555415,0.1189135562608154,0.018277199436744107,0.013141193704471643,-0.07007193415959245,-0.07043358791239762,0.712590412098007,0.5011413060802694,0.0,0.0,0.0,0.0,0.0,0.0,0.0,0.0
2026-06-02,11.19,11.24,11.05,11.05,2580412,-0.012511170688114248,-0.0045045045045044585,-0.01690391459074725,-0.024713150926743088,-0.024713150926743088,-0.07916666666666661,11.192,11.4575,11.590833333333332,11.29111009682674,11.470602087652814,-0.17949199082607414,-0.14738826180043188,-0.032103729025642264,-0.016243619079282727,-0.002905314843949526,36.877234330223736,11.4575,0.3065748813826878,12.070649762765376,10.844350237234623,0.10703028806727055,0.16769945554400376,0.258481093716009,0.023391954182444254,14.335402870938438,16.11862516867231,25.609645752488497,13.157894736842266,20.435347628330188,451948055.0,467387228.7,0.19772997281836602,0.5945505470104978,0.35957469099388634,4063953.15,-0.5940953422817566,0.6349512173879268,0.01719457013574656,-0.035566222998036134,-0.04666043568912204,1.0,6.0,0.004524886877828038,1.0,1845.32,1826.47,-0.009796480423303389,-0.030628708509802705,-0.025804731045150242,0.11543108519935055,-0.0027146902648108595,0.005915557583059616,-0.053361935621516365,-0.054775400088695636,0.7211124293492904,0.5077176394311497,0.0,0.0,0.0,0.0,0.0,0.0,0.0,0.0
2026-06-03,11.05,11.14,10.95,11.1,1675159,0.004524886877828038,-0.008042895442359255,0.0,-0.024604569420035194,-0.01245551601423489,-0.09682668836452402,11.136,11.398,11.5885,11.26170854346878,11.443150081160013,-0.18144153769123328,-0.15419891697859217,-0.027242620712641108,-0.016346084476687683,-0.002454290154291992,38.7515563075554,11.398,0.24599101395668868,11.889982027913376,10.906017972086623,0.0863277817008908,0.19714340860793705,0.25358958702200846,0.022845908740721482,15.30342451135494,15.255999961087255,27.055786505043955,20.833333333333364,21.206952566601796,453623214.0,464832404.15,0.17105849443514753,0.2032762334539781,0.08080686550199828,3874640.75,-0.8697239659681656,0.43233917879999584,0.017117117117117234,-0.026144937708369897,-0.04215385942960692,2.0,6.0,-0.0045045045045044585,0.0,1824.18,1819.01,-0.0040843813476268975,-0.029566321495067882,-0.03817153130287654,0.10951251433148654,0.008609268225454936,0.004961752075032688,-0.05865515706164748,-0.060982970426214145,0.7186887123637093,0.49940650712204854,0.0,0.0,0.0,0.0,0.0,0.0,0.0,0.0
2026-06-04,11.1,11.14,11.05,11.05,1811533,-0.0045045045045044585,0.0,-0.012511170688114248,-0.01690391459074725,-0.012511170688114248,-0.07531380753138062,11.097999999999999,11.353,11.598,11.229137998319738,11.414027852925939,-0.184889854606201,-0.16033710450411395,-0.024552750102087045,-0.016732113539022715,-0.0022219683350305016,37.55078076544657,11.353,0.22071892104061644,11.794437842081233,10.911562157918766,0.07776584904099951,0.1568033241424726,0.24190461652043643,0.021891820499587007,16.202301748884548,14.850574521611001,26.336783872495353,14.925373134328572,16.30553373483477,451811681.0,462521157.8,0.14869416124426238,0.7210585530352291,-0.23148567724820132,3631062.55,-0.7341833781956237,0.4988988691478201,0.008144796380090484,-0.02668898088610927,-0.047249525780306945,3.0,6.0,-0.016979445933869464,0.0,1822.08,1831.55,0.006893859846839767,-0.01723481088390122,-0.04057600536403683,0.10636838850646034,-0.011398364351344226,0.0003308962931539705,-0.03473780216734379,-0.0362069349542633,0.5767862939312584,0.3638345169581261,0.0,0.0,0.0,0.0,0.0,0.0,0.0,0.0
2026-06-05,11.19,11.19,11.0,11.0,2582872,-0.004524886877828149,-0.009009009009009028,-0.004524886877828149,-0.009009009009009028,-0.033391915641476366,-0.06462585034013602,11.078,11.315000000000001,11.606666666666667,11.19388599857824,11.383359123079574,-0.18947312450133325,-0.16616430850355782,-0.02330881599777543,-0.017224829500121205,-0.002118983272525039,36.338172700249125,11.315000000000001,0.21221885426449108,11.739437708528984,10.890562291471019,0.07502213142359386,0.12892081255959872,0.2381971439118338,0.02165428581016671,17.228421257754455,14.004453917245907,26.335587703728674,7.462686567164286,14.407131011608781,449228809.0,460688508.6,0.14180700072468336,0.7617192443834668,-0.05148737261533319,3152465.4,-0.389840631588744,0.8193181121036254,0.017272727272727228,-0.027839151568714193,-0.052268811028144846,4.0,6.0,-0.004604051565377465,0.0,1833.07,1838.9,0.004012994458245878,-0.013195670489243305,-0.03992440102956596,0.10685184968169259,-0.008537881336074027,0.004186661480234277,-0.024701449310570056,-0.025728650261562125,0.5861342129321843,0.3665703510608488,0.0,0.0,0.0,0.0,0.0,0.0,0.0,0.0
2026-06-08,10.86,10.95,10.71,10.81,3947925,-0.017272727272727217,-0.021719457013574694,-0.02612612612612608,-0.03395889186773893,-0.04251550044286967,-0.06568712186689718,11.002,11.277,11.606666666666666,11.134826614181588,11.34088807692553,-0.20606146274394277,-0.17414373935163482,-0.031917723392307945,-0.01906211496243689,-0.002952610859602955,32.09658381827002,11.277,0.2313370746450569,11.739674149290114,10.814325850709885,0.08205624710297318,-0.004674835104275489,0.24189734791813133,0.022377182971149982,19.1156780962716,12.805216876364588,32.643658860409296,12.345679012345654,11.577912904612875,445280884.0,458960413.55,0.1431981139301753,0.712299546141411,-0.04571417666540384,3047911.25,0.6866422754814702,1.295288699761189,0.02220166512488422,-0.04141172297596862,-0.068638713383113,0.0,6.0,0.0,0.0,1822.1,1790.53,-0.026303768557289775,-0.02928101315233067,-0.05537852809285149,0.13471240705332052,0.009031041284562558,-0.004677878715408257,-0.010308593774045693,-0.010912936113164018,0.5498626575420215,0.34609452287773307,0.0,0.0,0.0,0.0,0.0,0.0,0.0,0.0
2026-06-09,10.81,10.9,10.71,10.81,1501858,0.0,-0.017272727272727217,-0.021719457013574694,-0.021719457013574694,-0.04589585172109445,-0.07685738684884713,10.954,11.232,11.601166666666668,11.084853288922883,11.301563034190306,-0.2167097452674227,-0.1826569405347924,-0.03405280473263031,-0.02004715497385964,-0.003150120696820565,32.09658381827002,11.232,0.23020814380415142,11.692416287608301,10.771583712391697,0.08198295719521048,0.04171907971355885,0.23819039449540763,0.022034264060629753,20.868130874894664,12.075611106377993,30.78371364526895,12.345679012345654,10.718014863951902,445280884.0,457096819.55,0.13187302849033347,0.7826609004726784,0.692847876129838,2987505.2,-1.0970212016014993,0.5027130998801274,0.01757631822386674,-0.03757122507122501,-0.06819716407832555,1.0,6.0,0.01757631822386685,1.0,1799.21,1793.05,0.0014074045115133327,-0.018297590434006583,-0.05683551628004835,0.13394417155169083,-0.0014074045115133327,-0.0034218665795681114,-0.020021870568798783,-0.021228397500540064,0.594784278868609,0.3790855521619114,0.0,0.0,0.0,0.0,0.0,0.0,0.0,0.0
2026-06-10,10.81,11.05,10.81,11.0,2702489,0.01757631822386685,0.01757631822386685,0.0,-0.009009009009009028,-0.033391915641476366,-0.05741216795201376,10.934000000000001,11.1985,11.586166666666667,11.071798936780901,11.27922503165769,-0.20742609487678898,-0.1876107714031917,-0.01981532347359727,-0.018856917716071727,-0.0018013930430542972,40.19290227157419,11.1985,0.21106933258520258,11.620638665170404,10.776361334829595,0.07539200163779157,0.2648876822028718,0.23831965203144997,0.02166542291195,21.453449342550176,15.702748390067727,28.56937336384798,35.80246913580242,20.164609053497948,447983373.0,455566964.05,0.15246225377002762,0.7998192317019854,0.1248294735584915,2924015.6,-0.16590147787119336,0.9242389130892461,0.021818181818181837,-0.017725588248426072,-0.050591941539479546,2.0,6.0,-0.004566210045662045,0.0,1793.45,1803.71,0.005945177212013153,-0.008411168712651351,-0.04986383054936594,0.13751978710117765,0.011631141011853696,-0.0005978402963576768,-0.00754833740264782,-0.007944479586554642,0.6716332702638064,0.47372523309613,0.0,0.0,0.0,0.0,0.0,0.0,0.0,0.0
2026-06-11,10.95,10.95,10.81,10.9,1326356,-0.009090909090909038,0.008325624421831712,0.008325624421831712,-0.013574660633484226,-0.030249110320284656,-0.061962134251290824,10.904,11.1625,11.571833333333334,11.045368331122301,11.251134288571935,-0.20576595744963377,-0.19124180861248014,-0.014524148837153639,-0.018877610775195758,-0.001332490719004921,37.648560675640915,11.1625,0.19627786426407737,11.555055728528155,10.769944271471845,0.07033473299496616,0.16565256736385614,0.23486824831491782,0.021547545716964937,21.99695934823029,14.795394034253837,26.918544813289454,23.456790123456766,23.86831275720165,446657017.0,454129517.05,0.15398471397289584,0.8439547637839521,0.09221077440551781,2831607.1,-1.090575308719775,0.4684110306122625,0.012844036697247594,-0.023516237402015583,-0.058057639959096075,3.0,6.0,-0.008219178082191747,0.0,1793.15,1798.61,-0.002827505530268226,-0.0179847670006279,-0.0658803610565788,0.12239621128311542,-0.006263403560640812,0.0044101063671436735,0.003918226805287972,0.0041945663509652675,0.671194384347646,0.47421040733426323,0.0,0.0,0.0,0.0,0.0,0.0,0.0,0.0
2026-06-12,10.95,11.0,10.86,10.86,1650210,-0.003669724770642313,-0.01272727272727281,0.0046253469010175685,-0.01272727272727281,-0.021621621621621623,-0.054006968641115094,10.876000000000001,11.131499999999999,11.559166666666668,11.016850126334255,11.222161378307346,-0.2053112519730913,-0.19405569728460237,-0.011255554688488933,-0.01890527182072664,-0.001036423083654598,36.64917094976747,11.131499999999999,0.19241607876809078,11.51633215753618,10.746667842463818,0.06914291111461723,0.14724881395277634,0.22809194486385231,0.0210029415160085,22.15341385255575,15.71251943701713,25.73838280321245,19.480519480519305,26.246592913259533,445006807.0,452828114.0,0.15039230336417403,0.8068603096626706,0.2031589797340903,2695563.15,-0.771843193729014,0.6121948951557674,0.012891344383057144,-0.024390243902439046,-0.06048590584673075,4.0,6.0,0.0,0.0,1813.07,1791.65,-0.00386965490017277,-0.02569470879330038,-0.06762593671940043,0.12229862907763195,0.00019993012953045675,0.012967436066027571,0.013618968078285332,0.014606764189006194,0.6872811857387059,0.48546740023013796,0.0,0.0,0.0,0.0,0.0,0.0,0.0,0.0
2026-06-15,10.95,11.0,10.9,10.95,2579126,0.008287292817679592,0.004587155963302614,-0.00454545454545463,0.012950971322849059,-0.02144772117962468,-0.03778558875219695,10.904,11.110000000000001,11.548,11.0065654915136,11.202001276210506,-0.19543578469690637,-0.19433171476706318,-0.0011040699298431877,-0.017848016867297388,-0.0001008283040952683,40.47771210920591,11.110000000000001,0.18713912640505087,11.484278252810103,10.7357217471899,0.06737682318813717,0.2862552809324173,0.22179966308786292,0.020255676994325383,22.298693035143675,15.004109008512879,24.577948993490356,31.168831168830984,24.702046924269055,447585933.0,451961063.65,0.1534976303874638,0.5654272427859024,-0.288738270854634,2519123.05,0.0550189678309504,1.0238189833561326,0.00913242009132417,-0.014401440144014566,-0.05178385867682722,0.0,6.0,0.012669683257918507,1.0,1804.24,1799.31,0.00427538860826604,0.004903576036145774,-0.06671888129298631,0.12306150151147716,0.004011904209413553,0.008047395286703285,0.028933292540789357,0.031001690659802517,0.6897373905103035,0.4863909997456884,0.0,0.0,0.0,0.0,0.0,0.0,0.0,0.0
2026-06-16,11.05,11.19,11.05,11.19,3556513,0.021917808219177992,0.03038674033149169,0.026605504587155826,0.035152636447733476,0.012669683257918507,-0.012356575463371655,10.98,11.103,11.540833333333333,11.034786185126892,11.201112292787506,-0.1663261076606144,-0.18873059334577344,0.022404485685159042,-0.014863816591654548,0.00200218817561743,49.280312770179,11.103,0.18099432965838338,11.464988659316766,10.741011340683233,0.06520555873489449,0.6201695105092621,0.2230996871530156,0.019937416188830707,21.16762194913595,19.93432461701645,22.68939292316805,66.66666666666659,39.10533910533899,451142446.0,451477628.6,0.17472779710275763,0.5746724195322103,-0.4822179304794957,2491159.05,1.010724760150783,1.4276539267936346,0.012511170688114281,0.00783572007565514,-0.030399306809155924,1.0,6.0,-0.0044682752457549935,0.0,1808.56,1807.94,0.004796283019601999,0.008304285993140148,-0.05488439200598039,0.12522369892881738,0.017121525199575993,0.026848350454593328,0.04252781654260873,0.044997475634618755,0.705225132247718,0.48877499339180536,0.0,0.0,0.0,0.0,0.0,0.0,0.0,0.0
2026-06-17,11.19,11.24,11.1,11.14,2066262,-0.0044682752457549935,0.01735159817351617,0.025782688766114337,0.012727272727272698,0.003603603603603789,-0.008896797153024827,11.008,11.097999999999999,11.536,11.050972925876602,11.196585456284728,-0.14561253040812616,-0.180106980758244,0.03449445035011783,-0.013071142765540947,0.0030964497621290693,47.69770845799532,11.097999999999999,0.17837276166873003,11.45474552333746,10.741254476662538,0.06429005646737442,0.5588654898975033,0.21716399521351454,0.01949407497428317,19.821724045376346,20.660962616181774,21.64458837806562,74.13793103448293,57.324476289993534,449076184.0,451186166.25,0.17321000386717758,0.5522353689453932,-0.4331233800585045,2299186.35,-0.34044859156506385,0.8986927049214606,0.012567324955116747,0.003784465669490089,-0.03432732316227449,2.0,6.0,-0.017055655296229877,0.0,1797.41,1806.2,-0.0009624213192915843,0.0013804879941896608,-0.055942045650549055,0.12493722783822661,-0.003505853926463409,0.011346784733083037,0.04704524849752423,0.04983300895964904,0.7295193573091787,0.4811034961894804,0.0,0.0,0.0,0.0,0.0,0.0,0.0,0.0
2026-06-18,11.14,11.14,10.95,10.95,2245053,-0.017055655296229877,-0.02144772117962468,0.0,0.004587155963302614,-0.009049773755656187,-0.02144772117962468,11.017999999999999,11.086,11.54,11.035438629587894,11.178319866930304,-0.14288123734240976,-0.17266183207507715,0.029780594732667393,-0.013048514825790846,0.002719689016681954,42.15732058959563,11.086,0.17992396054726445,11.44584792109453,10.726152078905471,0.06491934351335538,0.31103128290092996,0.21522370984112074,0.019655133318823813,19.350422603752182,19.3581378550555,25.257947644439056,45.28301886792429,62.029205523024636,446831131.0,450886432.15,0.18265128865573813,0.4786321708614581,-0.6055871050805884,2307458.1,-0.0914531552103909,0.9729550452075381,0.0173515981735161,-0.012267725058632606,-0.051126516464471417,3.0,6.0,-0.009090909090909038,0.0,1822.37,1830.47,0.013437050160558073,0.017713678896481344,-0.035015209105430545,0.1355530248637374,-0.03049270545678795,-0.01312652293317873,0.013567487925805866,0.014059794572750084,0.5039911229515458,0.3423152266010203,0.0,0.0,0.0,0.0,0.0,0.0,0.0,0.0
2026-06-19,11.0,11.05,10.9,10.9,2572942,-0.004566210045662045,-0.021543985637342944,-0.025915996425379784,0.0036832412523020164,-0.009090909090909038,-0.04217926186291743,11.026,11.062000000000001,11.536666666666667,11.014601917343603,11.157703580491022,-0.14310166314741934,-0.16674979828954561,0.02364813514212627,-0.013128592949304527,0.002169553682763878,40.81378069057224,11.062000000000001,0.17040509011443253,11.402810180228867,10.721189819771135,0.061618184818091816,0.262331043205323,0.21056487342389787,0.019317878295770446,19.151491527303907,18.373127314109045,25.668851838082396,35.84905660377353,51.75666883539362,444258189.0,450310223.0,0.17006771527684664,0.6498119591687816,0.028494084669910377,2288277.25,0.42588012385594115,1.124401337294246,0.013761467889908289,-0.01464472970529751,-0.05518636232302798,4.0,6.0,-0.008219178082191747,0.0,1837.38,1824.53,-0.003245068206526258,0.018351798621382365,-0.028021500908301578,0.1318068120094828,-0.0013211418391357865,-0.014668557369080348,-0.01415776095461585,-0.014565919892102652,0.45221403079709355,0.31785640600567494,0.0,0.0,0.0,0.0,0.0,0.0,0.0,0.0
2026-06-22,10.95,10.95,10.81,10.86,2272868,-0.003669724770642313,-0.008219178082191747,-0.02513464991023351,-0.008219178082191747,0.0046253469010175685,-0.03808680248007079,11.008,11.0405,11.525666666666666,10.990817006983049,11.135651463417613,-0.14483445643456427,-0.16236672991854936,0.01753227348398509,-0.013336506117363194,0.0016143898235713712,39.72310550635493,11.0405,0.16722109537049312,11.374942190740986,10.706057809259013,0.06058460952692119,0.23014768322129697,0.20552452532219082,0.01892491025066214,19.38076608338968,17.479164548093348,27.547793652305987,28.301886792452596,36.47798742138351,441985321.0,449735861.2,0.16880778939669566,0.607376909767653,0.0667119449199943,2286429.9,-0.020289986396729156,0.9940685257833621,0.01289134438305698,-0.01634889724197275,-0.05775515516094509,0.0,6.0,-0.012844036697247763,0.0,1827.53,1857.91,0.0182951225795136,0.03256803997087787,-0.014909624979454139,0.1479563725348504,-0.021964847350155914,-0.04078721805306962,-0.023177177500616652,-0.02352797072058821,0.32625779344644595,0.2358994898091643,0.0,0.0,0.0,0.0,0.0,0.0,0.0,0.0
2026-06-23,10.9,10.95,10.76,10.76,2873693,-0.009208103130755041,-0.012844036697247763,-0.017351598173515947,-0.03842716711349414,-0.0046253469010176795,-0.05030891438658436,10.922,11.011999999999999,11.513666666666667,10.955306698216425,11.107825429090383,-0.1525187308739575,-0.160397130109631,0.007878399235673489,-0.014174603241074118,0.0007321932375161235,37.05696436077552,11.011999999999999,0.16382275402674418,11.339645508053486,10.684354491946511,0.05950699383463272,0.11543803622227558,0.20441563065632,0.01899773519110781,19.814950693946574,16.318699311697,27.46599923836525,9.433962264150754,24.52830188679233,439111628.0,448911921.05,0.16943551895699982,0.7734342487037139,0.2236111786247967,2324220.85,0.8084703298249865,1.2364113332861633,0.017657992565055715,-0.022884126407555327,-0.06545844069366846,1.0,6.0,-0.008364312267657992,0.0,1871.92,1869.04,0.005990602343493467,0.03379536931535343,-0.008035325711980845,0.14984411966027159,-0.015198705474248508,-0.07222253642884757,-0.04227358867460351,-0.04261602229428718,0.32182895727297023,0.2305801288719567,0.0,0.0,0.0,0.0,0.0,0.0,0.0,0.0
2026-06-24,10.76,10.76,10.57,10.67,3890526,-0.008364312267657992,-0.017495395948434522,-0.02110091743119269,-0.042190305206463274,-0.030000000000000027,-0.062390158172232035,10.828,10.9765,11.497833333333334,10.911413360029282,11.075393915824428,-0.16398055579514548,-0.1611138152467339,-0.0028667405484115727,-0.015368374488767149,-0.00026867296611167505,34.79354113576679,10.9765,0.15665164168360865,11.289803283367217,10.663196716632783,0.05708619020037665,0.010857344509925475,0.20338594275229713,0.019061475421958494,20.965514957029548,15.229793858889769,32.306009305016474,14.925373134328307,17.55374073031059,435221102.0,447775511.35,0.1685656979024936,0.9602392136427468,0.5509737877342273,2400803.9,1.9480548623237355,1.6205096967728185,0.01780693533270848,-0.02792329066642374,-0.07199907228898206,2.0,6.0,-0.009372071227741308,0.0,1873.19,1878.02,0.004804605572914511,0.03976303842320883,0.0019152489023328556,0.14977900315195974,-0.013168917840572503,-0.0819533436296721,-0.06430540707456489,-0.06418248164704143,0.2984244242660064,0.21128045651307029,0.0,0.0,0.0,0.0,0.0,0.0,0.0,0.0
2026-06-25,10.67,10.71,10.57,10.57,1824378,-0.009372071227741308,-0.017657992565055736,-0.026703499079189563,-0.034703196347031895,-0.03027522935779814,-0.059608540925266906,10.752,10.943000000000001,11.482000000000001,10.858888227717085,11.037957329467062,-0.17906910174997748,-0.1647048725473826,-0.014364229202594864,-0.01694125844370648,-0.0013589620816078394,32.42379437387865,10.943000000000001,0.16852611854440508,11.280052237088812,10.60594776291119,0.06160143234740211,-0.05332669384081025,0.19885837541284737,0.018813469764697006,22.03389605846374,14.463932535358817,30.681435573186146,0.0,8.119778466159724,433396724.0,446655329.5,0.16676979149086804,0.9715387576909016,0.6289067546133574,2384576.05,-0.7240138063137046,0.7650743619604835,0.013245033112582835,-0.0340857168966463,-0.0794286709632469,3.0,6.0,0.00473036896877943,1.0,1878.71,1863.07,-0.007960511602645326,0.017809633591372664,-0.00032194540879026956,0.1511358605978173,-0.0014115596250959817,-0.05251282993840456,-0.05928659551647664,-0.05930568871067221,0.30014710397363725,0.21294818923468342,0.0,0.0,0.0,0.0,0.0,0.0,0.0,0.0
2026-06-26,10.57,10.67,10.57,10.62,1743221,0.00473036896877943,-0.004686035613870709,-0.013011152416356975,-0.025688073394495525,-0.02209944751381221,-0.043243243243243246,10.696,10.919,11.463833333333332,10.822136192683686,11.006997527284316,-0.1848613346006296,-0.168736164958032,-0.01612516964259758,-0.01740690532962614,-0.001518377555800149,34.81440915785683,10.919,0.17885307113017432,11.276706142260348,10.561293857739653,0.06551994546393403,0.08205917556989933,0.19179706288335827,0.018059987088828465,23.0259642240812,13.92527046060733,29.5388053996974,7.462686567164021,7.462686567164147,435139945.0,445754889.7,0.1650162051595972,0.7946254536919244,0.40116877241735427,2339156.1,-0.7602813815087502,0.7452350016315713,0.00941619585687379,-0.027383460023811868,-0.07360830437753507,4.0,6.0,0.03561387066541721,1.0,1857.24,1871.91,0.004744856607642234,0.0259683315703223,0.004518403640481061,0.15205754143604933,-1.4487638862803465e-05,-0.051656404964817826,-0.04776164688372431,-0.04754681119890991,0.2890891758849218,0.207095130328782,0.0,0.0,0.0,0.0,0.0,0.0,0.0,0.0
2026-06-29,10.67,11.19,10.62,11.05,7468170,0.04048964218455753,0.045411542100283864,0.03561387066541721,0.017495395948434744,0.009132420091324311,-0.012511170688114248,10.734,10.911999999999999,11.452833333333333,10.857192163040043,11.010182895633626,-0.1529907325935831,-0.16558707848514223,0.01259634589155914,-0.013845315166840098,0.0011399408046659856,50.90121103466927,10.911999999999999,0.17021967231248214,11.252439344624964,10.571560655375034,0.06239724058375458,0.7026792763216386,0.21881155839168984,0.019801950985673288,21.96337385049992,28.3090091316234,24.042517308054975,71.64179104477618,26.36815920398011,442608115.0,445158872.1,0.22194440224063278,1.5752730839402547,2.8853490714351175,2643578.3,3.5442697049022507,2.825023189212894,0.051583710407239844,0.012646627565982449,-0.03517324679482503,0.0,6.0,-0.01272727272727281,0.0,1868.64,1854.97,-0.009049580375124933,-0.0015824232605454736,0.005654526331768439,0.15108708128906612,0.04953922255968246,0.019077819208980218,-0.018165697019882687,-0.018063556165897277,0.22052471995259146,0.1466641627711115,0.0,0.0,0.0,0.0,0.0,0.0,0.0,0.0
2026-06-30,11.0,11.1,10.86,10.86,2707802,-0.017194570135746767,0.02259887005649719,0.027436140018921362,0.009293680297397744,-0.029490616621983934,-0.017194570135746767,10.754,10.9025,11.441833333333333,10.85762413795696,10.999058236697802,-0.14143409874084334,-0.16075648253628247,0.01932238379543913,-0.013023397674110806,0.0017792250272043399,45.55193768300023,10.9025,0.16739097001382322,11.237281940027646,10.567718059972353,0.061413793171776455,0.43652584724777754,0.22032501850656916,0.02028775492694007,20.976682789317305,26.106366405487474,22.171838061728856,43.28358208955212,40.79601990049748,439900313.0,444556485.0,0.22588316856605614,1.4901935625515668,2.667207832173792,2649947.8,0.042501598436043446,1.0218322036381247,0.022099447513812175,-0.0038981884888786844,-0.05085140784547937,1.0,6.0,-0.004566210045662045,0.0,1855.67,1860.01,0.0027170250731818335,-0.004831357274322601,0.018363290938257837,0.14642592281662833,-0.0199115952089286,0.014125037571720345,-0.035557861074004604,-0.03491667599412751,0.20332793791704526,0.13466951511519537,0.0,0.0,0.0,0.0,0.0,0.0,0.0,0.0
2026-07-01,10.95,11.0,10.86,10.9,3053158,0.0036832412523020164,-0.013574660633484226,0.026365348399246757,0.021555763823805085,-0.021543985637342944,-0.018018018018017945,10.8,10.8925,11.435333333333334,10.864143501348195,10.991720589535003,-0.12757708818680769,-0.15412060366638752,0.026543515479579838,-0.01170432001713832,0.0024351849063834713,46.819046376348155,10.8925,0.16081617488712513,11.21413234977425,10.57086765022575,0.059055744737066734,0.5116592749536302,0.21458751718467142,0.019686928182079948,20.060469661076304,24.889782759430336,21.138607501414008,49.2537313432836,54.72636815920399,442953471.0,444022997.85,0.22564104112504388,1.5036392774744038,2.7151189666909095,2718847.75,0.2487328637133762,1.1229602687388436,0.012844036697247757,0.0006885471654809461,-0.046813968402028894,2.0,7.0,-0.003669724770642313,0.0,1859.96,1867.21,0.0038709469303928046,-0.005756062235758863,0.026497930192797226,0.14551770575233663,-0.0001877056780907882,0.02731182605956395,-0.04451594821081517,-0.043366817312972206,0.18177224977362139,0.12132616416537156,0.0,0.0,0.0,0.0,0.0,0.0,0.0,0.0
2026-07-02,10.9,11.05,10.86,10.86,3348266,-0.003669724770642313,0.0,-0.017194570135746767,0.027436140018921362,-0.008219178082191747,-0.017194570135746767,10.858,10.883,11.429833333333333,10.863506039602319,10.981963508828706,-0.11845746922638689,-0.1469879767783874,0.02853050755200051,-0.010907685932448149,0.0026271185591160693,45.67435464736546,10.883,0.15657854931415816,11.196157098628316,10.569842901371683,0.0575497746261723,0.46327721756788565,0.21283126595719498,0.01959772246383011,19.455600296710458,24.980713705021614,19.790680069254655,43.28358208955212,45.27363184079598,439605205.0,443412674.05,0.22547934573518308,1.4976317493069513,2.7110507674465403,2795684.4,0.4144349537684459,1.1976552145871688,0.01749539594843474,-0.002113387852614168,-0.0498549118534829,3.0,7.0,-0.009208103130755041,0.0,1869.87,1866.35,-0.00046058022397055254,0.0017605350308897982,0.0190003002921022,0.14413574512125815,-0.0032091445466717605,0.025675604988031564,-0.03619487042784897,-0.0355199801388415,0.1744955855955427,0.11628488841524184,0.0,0.0,0.0,0.0,0.0,0.0,0.0,0.0
2026-07-03,10.86,10.9,10.76,10.76,3256288,-0.009208103130755041,-0.012844036697247763,-0.009208103130755041,0.01318267419962349,-0.012844036697247763,-0.021818181818181848,10.886,10.871,11.421833333333334,10.847582033509655,10.965521767433987,-0.11793973392433266,-0.14117832820757645,0.02323859428324379,-0.010960941814529057,0.0021597206582940325,42.853522774286446,10.871,0.15633634456402595,11.183672689128052,10.558327310871949,0.057524181607589285,0.3224980884810476,0.20762903267453825,0.019296378501351137,18.29853338280667,23.777572054586848,22.277706603749937,28.35820895522381,40.298507462686544,436348917.0,442768679.45,0.22711998290133648,1.5090383734812076,2.6606192764720697,2829355.2,0.3195173823923745,1.1508940270207149,0.01301115241635693,-0.010210652193910486,-0.057944579825188636,4.0,7.0,-0.026703499079189563,0.0,1867.17,1862.08,-0.0022878881238781457,-0.005251320843416729,0.01260536190113637,0.14411304023715846,-0.006920215006876895,0.01843399504304022,-0.03442354371931822,-0.033995024137230545,0.18006722280162696,0.11994037027518872,0.0,0.0,0.0,0.0,0.0,0.0,0.0,0.0
2026-07-06,10.86,10.9,10.52,10.57,4006879,-0.017657992565055736,-0.026703499079189563,-0.03027522935779814,-0.04343891402714939,-0.026703499079189563,-0.022201665124884418,10.790000000000001,10.859,11.4035,10.8048771052774,10.936223858735174,-0.13134675345777325,-0.1392120132576158,0.007865259799842567,-0.012426372134131811,0.000744111617771293,38.04569807897625,10.859,0.1698885083318485,11.198777016663698,10.519222983336302,0.06257979863038912,0.07472108790977436,0.219941244626357,0.020808064770705487,17.952388632167253,20.843191817819275,27.322713548012146,6.944444444444537,26.19541182974019,432342038.0,442121737.15,0.22748976818456876,1.4999501820775505,2.642125146573761,2832302.9,0.8773087281057881,1.4147070922393223,0.03595080416272477,-0.02661386868035731,-0.07309159468584203,0.0,7.0,0.004708097928437072,1.0,1873.24,1843.5,-0.00997808901873165,-0.006183388410594293,0.02958341943446907,0.11156765563583694,-0.007679903546324085,-0.037255525616555096,-0.05178508455935349,-0.05029712365395134,-0.119694823958634,-0.06902226665227938,0.0,0.0,0.0,0.0,0.0,0.0,0.0,0.0
2026-07-07,10.62,10.71,10.57,10.67,2455438,0.009460737937559083,-0.008364312267657992,-0.017495395948434522,-0.017495395948434522,-0.008364312267657992,-0.01295097132284928,10.752,10.852,11.3765,10.78412678138857,10.916503572902938,-0.13237679151436765,-0.1378449689089662,0.005468177394598539,-0.01240644718972518,0.0005124814802810252,41.749861507809,10.852,0.174826229514848,11.201652459029697,10.502347540970304,0.06444018780495701,0.23974157009354435,0.2142311557244744,0.020077896506511192,17.630968506573506,19.870261818569958,26.04732886105502,22.388059701492594,19.23023770038701,434797476.0,441597566.75,0.23051405927174734,1.3550595953330309,2.116849943237084,2879981.9,-0.32518853602054254,0.8525879971676211,0.013120899718837916,-0.016771102100995194,-0.06210170087460998,1.0,7.0,-0.0037348272642391267,0.0,1840.69,1848.25,0.0025766205587198776,-0.006322546652974936,0.030785533030311507,0.111634440624774,0.006884117378839205,-0.011172849295459586,-0.04373650435316079,-0.04243026599780064,0.04709297101094857,0.030388986140495875,0.0,0.0,0.0,0.0,0.0,0.0,0.0,0.0
2026-07-08,10.71,10.71,10.62,10.67,2815180,0.0,0.009460737937559083,-0.008364312267657992,-0.02110091743119269,0.0,-0.030000000000000027,10.706,10.8355,11.352,10.766568815021097,10.898244048984202,-0.13167523396310443,-0.13661102191979385,0.004935787956689419,-0.012340696716317191,0.00046258556295121077,41.749861507809,10.8355,0.1756933632633828,11.186886726526765,10.484113273473234,0.06485842398168347,0.2645044796713552,0.20535750174415493,0.019246251334972347,17.332506961379313,19.24823731827078,25.231935643448587,22.388059701492594,17.240187949143273,434797476.0,440938271.9,0.22040173103285768,1.6313671375251264,3.495755197451281,2885616.45,-0.053975603565264936,0.975590501641339,0.008434864104967351,-0.015273868303262383,-0.06007751937984496,2.0,7.0,-0.0046511627906977715,0.0,1847.42,1853.7,0.0029487352901393926,-0.0072353939835368974,0.02771509832511887,0.11056801123233104,-0.0029487352901393926,-0.013865523447655792,-0.057715098325118896,-0.05615865566164979,0.0652024877198258,0.042072842941456565,0.0,0.0,0.0,0.0,0.0,0.0,0.0,0.0
2026-07-09,10.75,10.8,10.65,10.7,2324814,0.002811621368322248,0.002811621368322248,0.012298959318826741,-0.014732965009208066,0.012298959318826741,-0.01834862385321112,10.674000000000001,10.8255,11.3255,10.756327458864005,10.883559304615002,-0.12723184575099644,-0.13473518668603437,0.007503340935037933,-0.011890826705700602,0.0007012468163586854,42.936899605111186,10.8255,0.17751130431033588,11.180522608620672,10.470477391379328,0.06559006209794874,0.3232506931212196,0.20140339447671532,0.018822747147356572,16.48443792074935,21.416155241736025,23.889643631386033,26.865671641791007,23.88059701492543,437122290.0,440461535.55,0.21896027475700763,1.5315999321590905,3.33475621539714,2935539.35,-0.4845030334097031,0.7919546368881071,0.014018691588785081,-0.011592998013948641,-0.055229349697585195,3.0,7.0,-0.0046511627906977715,0.0,1843.01,1840.7,-0.007013001024977039,-0.013743402898705903,0.023401404417856098,0.11364135205200951,0.009824622393299287,-0.0009895621105021624,-0.04175002827106722,-0.04079535956354874,0.039704384797364045,0.026013869966151404,0.0,0.0,0.0,0.0,0.0,0.0,0.0,0.0
2026-07-10,10.75,10.8,10.6,10.7,3100029,0.0,0.002811621368322248,0.002811621368322248,-0.005576208178438735,0.007532956685499137,-0.014732965009208066,10.661999999999999,10.817499999999999,11.298333333333334,10.74766169596185,10.869962319087964,-0.12230062312611345,-0.1322482739740502,0.009947650847936751,-0.011429964778141444,0.0009296869951342759,42.93689960511119,10.817499999999999,0.17946924674265935,11.176438493485318,10.45856150651468,0.06636255946111738,0.336322932573954,0.20130315201409288,0.018813378692905877,15.970072577322156,19.896332666575724,23.96844137339176,26.865671641791007,25.373134328358237,437122290.0,440067309.7,0.21871775417323605,1.4928280520672252,3.265472789353221,3008030.3,0.07517051764605058,1.030584366121578,0.018691588785046828,-0.010862029119482308,-0.05295766337217889,4.0,7.0,-0.018779342723004744,0.0,1840.33,1828.34,-0.006714836746889885,-0.01811952225468294,0.020478330030976988,0.11574790732391148,0.006714836746889885,0.012543314076244205,-0.03521129504018505,-0.03450469647808807,0.023749464500371877,0.015535691888482289,0.0,0.0,0.0,0.0,0.0,0.0,0.0,0.0
2026-07-13,10.65,10.7,10.3,10.45,3949450,-0.02336448598130836,-0.02336448598130836,-0.020618556701030966,-0.011352885525071077,-0.05429864253393679,-0.045662100456621,10.638,10.7925,11.267666666666665,10.701867588890797,10.838853999155523,-0.13698641026472558,-0.13319590123218528,-0.0037905090325403012,-0.013108747393753645,-0.0003627281370851963,35.87192644294561,10.7925,0.19425634176482026,11.18101268352964,10.40398731647036,0.07199679101776982,0.059216449655663396,0.21549578401308614,0.02062160612565418,16.83501845724008,17.258384781795172,30.734441640479407,16.853932584269526,23.528425289283877,433172840.0,439346655.05,0.23011847737620328,1.4085707635701306,3.1002438073585767,3076546.5,0.7057301363422266,1.2837283623049416,0.038277511961722355,-0.03173500115821182,-0.07256752359258045,0.0,7.0,0.024038461538461453,1.0,1829.5,1800.54,-0.015205049389063308,-0.023303498779495557,0.0006835953782282633,0.1284790675775778,-0.00815943659224505,0.01195061325442448,-0.046345695834849265,-0.046314035774047024,0.10546577398783745,0.06785534732241116,0.0,0.0,0.0,0.0,0.0,0.0,0.0,0.0
2026-07-14,10.4,10.65,10.3,10.65,2660320,0.019138755980861344,-0.004672897196261627,-0.004672897196261627,-0.0018744142455482393,-0.01933701657458553,-0.04825737265415542,10.633999999999999,10.7655,11.243500000000001,10.693887959830676,10.824864814032892,-0.13097685420221694,-0.13275209182619163,0.0017752376239746903,-0.012298296169222248,0.00016668897877696623,43.834029148936175,10.7655,0.1723971852257011,11.1102943704514,10.420705629548598,0.06405543085809325,0.33250886630082216,0.2251032280121514,0.02113645333447431,17.638182488592435,15.341665846420382,27.321069705313253,39.32584269662923,27.68181564089662,435833160.0,438581190.75,0.2264316818411453,1.4238110927348304,3.38141408673984,3031736.85,-0.30078902345651065,0.8774904062006569,0.032863849765258184,-0.010728716734011323,-0.05278605416462845,1.0,7.0,-0.009433962264150941,0.0,1793.23,1806.63,0.0033823186377421877,-0.02251859867442174,-0.0007245815679723933,0.12788515738695877,0.015756437343119156,0.020644184428873502,-0.047532791086183024,-0.04756725744416601,0.1618052902606369,0.10131814675371778,0.0,0.0,0.0,0.0,0.0,0.0,0.0,0.0
2026-07-15,10.6,10.7,10.45,10.5,2041627,-0.014084507042253502,0.004784688995215447,-0.01869158878504662,-0.015932521087160256,-0.03669724770642202,-0.05745062836624781,10.6,10.733500000000001,11.216833333333334,10.664059042933648,10.80080075373416,-0.13674171080051245,-0.1335500156210558,-0.0031916951794566384,-0.01302302007623928,-0.0003039709694720608,39.83888291167646,10.733500000000001,0.15802314953681074,11.049546299073622,10.41745370092638,0.05888970029787506,0.13059209887218332,0.2268815688684263,0.02160776846365965,18.03169342112854,15.708308843785282,25.170713256479512,22.471910112359502,26.217228464419453,433791533.0,437816958.2,0.23015343815624914,1.4357985808993974,3.2014408949493465,3030505.1,-0.8001705524679079,0.6736919861972844,0.023809523809523808,-0.021754320585084197,-0.06390692560288858,2.0,7.0,-0.009569377990430561,0.0,1805.93,1782.12,-0.01356669600305549,-0.038614662566758495,-0.013331856937216391,0.13666127167860048,-0.0005178110391980129,0.02268214147959824,-0.04411877142903142,-0.044714904133906,0.1939408812445023,0.12328413287994049,0.0,0.0,0.0,0.0,0.0,0.0,0.0,0.0
2026-07-16,10.45,10.55,10.2,10.35,2720705,-0.014285714285714346,-0.028169014084507116,-0.009569377990430561,-0.032710280373831724,-0.046961325966850764,-0.0547945205479452,10.53,10.7035,11.187000000000001,10.615742267097701,10.767408105309407,-0.15166583821170576,-0.1371731801391858,-0.014492658072519954,-0.014653704175044035,-0.0014002568186009619,36.27806260525664,10.7035,0.17116550931483276,11.045831018629666,10.361168981370334,0.06396618276819105,-0.016313130803984423,0.23567574252068169,0.02277060314209485,19.3398449675768,14.042003619096443,30.07765209512902,15.151515151515184,25.649755986834673,431070828.0,437028943.05,0.22808742073495025,1.4700500692969733,3.3382339461053356,3054287.7,-0.27243527183424,0.8907821617459285,0.03381642512077308,-0.033026580090624647,-0.07481898632341122,3.0,7.0,-0.014354066985645786,0.0,1772.52,1804.24,0.01241218324243043,-0.019807681860161908,-0.014329653039929613,0.13530320549094504,-0.026697897528144776,-0.012902598513669816,-0.04046486750801559,-0.04105314482962208,0.14105670651099925,0.08956897324311087,0.0,0.0,0.0,0.0,0.0,0.0,0.0,0.0
2026-07-17,10.45,10.45,10.25,10.3,1117312,-0.004830917874396046,-0.01904761904761898,-0.032863849765258135,-0.03738317757009335,-0.0427509293680296,-0.05504587155963303,10.45,10.6735,11.158666666666667,10.567166533698055,10.732785282693895,-0.16561874899583984,-0.1428622939105166,-0.02275645508532323,-0.016079490193770855,-0.0022093645713906047,35.15025551463884,10.6735,0.18678090176250817,11.047061803525017,10.299938196474985,0.0699979956949484,8.272195448350734e-05,0.2331274751977758,0.022633735456094737,20.554557117850184,13.181529959648124,28.234537104707567,11.111111111111265,16.244845458328687,429953516.0,436313709.4,0.22811782510483877,1.4724709063201313,3.3412763521487148,2981506.2,-1.4386987718777033,0.3747475017828237,0.01941747572815527,-0.0349932074764604,-0.07695065121280908,4.0,7.0,-0.004950495049504844,0.0,1801.89,1787.45,-0.009305857313882782,-0.02236454926326603,-0.02032304209851299,0.13849574271010737,0.004474939439486736,-0.01501862830682732,-0.03472282946112004,-0.03544314192659781,0.1398740585264887,0.08996887219863202,0.0,0.0,0.0,0.0,0.0,0.0,0.0,0.0
2026-07-20,10.1,10.3,9.91,10.05,5804207,-0.024271844660194164,-0.02898550724637672,-0.042857142857142816,-0.038277511961722355,-0.04919583727530741,-0.07458563535911589,10.370000000000001,10.633,11.127,10.487602451590663,10.682208595086939,-0.19460614349627647,-0.15321106382766858,-0.04139507966860789,-0.019363795372763826,-0.004118913399861482,30.109963966756197,10.633,0.2275753200939112,11.088150640187822,10.177849359812177,0.08561095461070677,-0.14044730307247028,0.24433265554079187,0.024311707018984264,22.65160371990304,11.678661821335266,34.95503826451322,12.280701754386008,12.847776005670854,424149309.0,435421908.8,0.24062304509082721,1.3136687926555084,2.7163983880373928,3158073.15,1.853086079952339,1.8378950468579236,0.038805970149253785,-0.05482930499388683,-0.09679158802911836,0.0,7.0,0.010204081632652962,1.0,1782.93,1743.51,-0.024582505804358168,-0.03167383118397815,-0.06157456496816316,0.1428687904009131,0.0003106611441640039,-0.006603680777744203,-0.013011070390952728,-0.013864788725074684,0.24401837347350755,0.16026140675775027,0.0,0.0,0.0,0.0,0.0,0.0,0.0,0.0
2026-07-21,9.8,10.15,9.76,9.9,2101703,-0.014925373134328401,-0.03883495145631066,-0.04347826086956519,-0.07042253521126762,-0.07216494845360821,-0.0799256505576208,10.22,10.59,11.087166666666667,10.397202074422868,10.624267217673092,-0.22706514325022376,-0.16798187971217962,-0.059083263538044134,-0.022935873055578156,-0.005968006417984255,27.556729067457013,10.59,0.2779814458027402,11.14596289160548,10.03403710839452,0.1049977132399396,-0.12054501336182175,0.2547374658593068,0.025731057157505736,24.927841046543318,10.40152675351261,35.33849609859202,10.85271317829461,11.414842014597331,422047606.0,434568707.7,0.24318217984424706,1.314827568856562,2.5947995139854965,3119473.65,-0.7036735841383058,0.673736417039458,0.03939393939393945,-0.06515580736543902,-0.1070757482374517,1.0,7.0,0.009127789046653234,1.0,1733.44,1730.56,-0.007427545583334805,-0.04210602060189417,-0.07409151222017718,0.1394000783354863,-0.0074978275509935965,-0.028316514609373455,-0.005834138337443617,-0.006300988072193703,0.2056601042265684,0.14039082996248395,0.0,0.0,0.0,0.0,0.0,0.0,0.0,0.0
2026-07-22,9.86,10.2,9.75,9.95,3351100,0.005050505050504972,-0.009950248756219082,-0.03398058252427194,-0.05238095238095242,-0.06747891283973761,-0.06747891283973761,10.11,10.553999999999998,11.051333333333334,10.328401755280888,10.574321497845455,-0.24591974256456695,-0.1835694522826571,-0.06235029028190986,-0.024715552016539393,-0.00626636083235275,29.696756434998434,10.553999999999998,0.31165770697328193,11.177315413946562,9.930684586053435,0.11811927495671103,0.015494092969936294,0.2686847897264991,0.027003496454924537,26.688805122775918,10.486414583077895,31.11093921717459,17.39130434782602,13.508239760168914,425398706.0,434077587.9,0.24467999015164338,1.1589827309803564,2.189483290161427,3092502.35,0.18005353136094235,1.0836208418726019,0.045226130653266264,-0.05722948645063475,-0.09965615008747075,2.0,7.0,0.01106639839034207,1.0,1729.33,1668.53,-0.03584388868343191,-0.06373869324175696,-0.11154833281860688,0.17597810122627044,0.040894393733936885,0.011357740860804544,0.04406941997886926,0.04960249567506492,0.09918187227963725,0.07576662429069324,0.0,0.0,0.0,0.0,0.0,0.0,0.0,0.0
2026-07-23,9.94,10.3,9.8,10.05,2578400,0.01005025125628145,0.015151515151515138,0.0,-0.02898550724637672,-0.06074766355140171,-0.04919583727530741,10.05,10.528,11.0205,10.285570716006905,10.535482868375421,-0.24991215236851616,-0.1968379922998289,-0.05307416006868726,-0.024866880832688173,-0.005281010952108185,33.90230151685576,10.528,0.3313227080086108,11.190645416017222,9.865354583982779,0.12588248784521694,0.13932444981436595,0.2852073047460349,0.0283788362931378,27.63598273523365,11.677726664126382,27.215159012556963,26.086956521739186,18.110324682619975,427977106.0,433806607.0,0.24805575373079133,0.9452611278771617,1.5996407398537176,3130203.45,-0.39111180099469317,0.8237164264833967,0.04975124378109452,-0.045402735562310004,-0.08806315502926365,3.0,7.0,-0.007960199004975133,0.0,1664.5,1699.38,0.01848932893025612,-0.05811865383762682,-0.08786035951413518,0.1956870030218362,-0.008439077673974671,0.029133146591250103,0.03866452223882777,0.042388819126677246,0.1709823359656705,0.1331358539858324,0.0,0.0,0.0,0.0,0.0,0.0,0.0,0.0
2026-07-24,10.05,10.1,9.96,9.97,1557600,-0.007960199004975133,0.0020100502512563345,0.007070707070707005,-0.03203883495145632,-0.06822429906542049,-0.06120527306967971,9.984,10.4955,10.988333333333335,10.237021375082765,10.49359524849576,-0.25657387341299476,-0.2087851685224621,-0.04778870489053266,-0.025734591114643404,-0.0047932502397725835,32.24070297169058,10.4955,0.35299433423222687,11.201488668464453,9.789511331535547,0.13453168852640715,0.1278268876871794,0.27483535440703233,0.02756623414313263,28.515504803944403,11.252827666349278,26.22492400180755,20.952380952381,21.476880607315437,426419506.0,433370585.05,0.24730397087909112,1.081485801138343,1.8643949275937046,3120922.4,-1.100128156062427,0.4990832197558004,0.01404212637913729,-0.0500690772235719,-0.09267404823297443,4.0,7.0,-0.019999999999999907,0.0,1683.23,1686.11,-0.007808730242794604,-0.056695292176005,-0.09925690871890214,0.19286171555682943,-0.00015146876218052885,0.024656457224548678,0.038051635649222426,0.04224471552160658,0.18298101985702792,0.1416062071928229,0.0,0.0,0.0,0.0,0.0,0.0,0.0,0.0
2026-07-27,10.0,10.05,9.8,9.8,1410000,-0.017051153460381108,-0.02487562189054726,-0.015075376884421954,-0.02487562189054726,-0.062200956937798924,-0.1131221719457014,9.934000000000001,10.433000000000002,10.95,10.169787317377725,10.44221782268126,-0.2724305053035341,-0.2215142358786765,-0.05091626942485758,-0.027799031153421843,-0.0051955376964140385,28.989249719128168,10.433000000000002,0.36023530321758035,11.153470606435162,9.712529393564841,0.13811379400654852,0.060703799470708586,0.27306140052081573,0.027863408216409768,29.790029912683238,10.516936944330183,28.69526557059962,4.761904761904827,17.267080745341705,425009506.0,432490654.6,0.19088808987852604,0.2988730968924423,-0.7093992540407563,2818013.9,-1.3535045928208977,0.5003523935776186,0.02551020408163265,-0.06067286494776203,-0.10502283105022814,0.0,7.0,0.03473684210526318,1.0,1694.78,1669.01,-0.010141687078541683,-0.04272989544080619,-0.10024959972398473,0.1931938403611012,-0.006909466381839424,0.017854273550258926,-0.012872572221716672,-0.01430682577942477,0.1953563317733292,0.15368392046901058,0.0,0.0,0.0,0.0,0.0,0.0,0.0,0.0
2026-07-28,9.5,9.95,9.5,9.83,1974600,0.003061224489795844,-0.014042126379137487,-0.02189054726368167,-0.007070707070707116,-0.0769953051643193,-0.09484346224677709,9.92,10.381499999999999,10.913833333333335,10.11751234547346,10.396868354334499,-0.27935600886103984,-0.23308259047514918,-0.04627341838589066,-0.028418719110990826,-0.004707367078930892,30.324643134076553,10.381499999999999,0.3694843490739178,11.120468698147835,9.642531301852163,0.14236260620292565,0.12684481671396367,0.285699871912186,0.02906407649157538,31.652881749797768,9.333721846894145,32.967263708982266,25.384615384615376,17.032967032967104,426984106.0,431844844.25,0.188540760446759,0.10053934462939561,-0.7033258762409662,2781353.8,-0.7631449315773456,0.7099420433315604,0.04577822990844347,-0.05312334441073052,-0.099308217399936,1.0,7.0,-0.008080808080808133,0.0,1653.51,1680.62,0.006956219555305232,-0.028857710798816605,-0.09644571803377411,0.19606177835034821,-0.003894995065509388,0.02178700372810949,0.00160225578699702,0.001773281161935758,0.2187344748037236,0.17059608157749634,0.0,0.0,0.0,0.0,0.0,0.0,0.0,0.0
2026-07-29,9.9,9.94,9.8,9.82,1358100,-0.0010172939979653517,0.0020408163265306367,-0.015045135406218657,-0.01306532663316573,-0.06476190476190469,-0.09908256880733946,9.894000000000002,10.327499999999999,10.872666666666667,10.07174121540062,10.354137365124537,-0.28239614972391713,-0.24294530232490277,-0.03945084739901436,-0.02875724538940093,-0.004017397902139955,30.12130336884222,10.327499999999999,0.36863724859634145,11.064774497192682,9.590225502807316,0.14277889076595165,0.155826966799744,0.2752927382041726,0.028033883727512483,33.382672741404114,8.994674696294348,31.76972889843701,24.615384615384624,18.25396825396831,425626006.0,430978471.0,0.18642814948120273,0.14997997058600537,-0.580819192911231,2696600.9,-1.2154554032048324,0.5036340379475509,0.014256619144602727,-0.04914064391188555,-0.09681770801398004,2.0,7.0,0.023421588594704668,1.0,1682.72,1704.68,0.014316145232116773,0.021665777660575536,-0.08704430674642916,0.20559340642448887,-0.015333439230082124,-0.034731104293741266,-0.012038262060910299,-0.013186030986902075,0.1719662119045657,0.1414505492336554,0.0,0.0,0.0,0.0,0.0,0.0,0.0,0.0
2026-07-30,9.82,10.2,9.82,10.05,3701400,0.023421588594704668,0.02238046795523907,0.025510204081632626,0.0,-0.02898550724637672,-0.07458563535911589,9.894,10.287,10.841000000000001,10.068396413031294,10.331608671411608,-0.2632122583803138,-0.246998693535985,-0.016213564844328815,-0.026190274465702865,-0.0016132900342615735,40.07426849953815,10.287,0.35113500177813756,10.989270003556276,9.584729996443725,0.13653543376227775,0.3312614814815963,0.2827718283324459,0.028136500331586656,33.3048281587025,14.698926411633233,28.72019875944534,45.83333333333342,31.94444444444451,429327406.0,430464581.05,0.21226877379407288,0.3323962063821576,-0.5268698028632847,2714257.6,0.8853471849757815,1.3636878091453073,0.03781094527363174,-0.023038786818314394,-0.07296374873166689,3.0,7.0,-0.01871921182266001,0.0,1703.94,1744.66,0.023453082103386036,0.0266450117101531,-0.06520213250462126,0.22806328344001184,-3.1493508681368354e-05,-0.0266450117101531,-0.00938350285449463,-0.010038001990351209,0.3017970225546621,0.25680596379987913,0.0,0.0,0.0,0.0,0.0,0.0,0.0,0.0
2026-07-31,10.15,10.15,9.96,9.96,1864900,-0.008955223880596996,0.014256619144602967,0.01322482197355046,-0.0010030090270811698,-0.03300970873786402,-0.07434944237918206,9.892000000000001,10.247,10.811,10.051720041795711,10.304082103158896,-0.2523620613631845,-0.2480713671014249,-0.004290694261759598,-0.02533755636176551,-0.0004307925965622086,37.805145897020346,10.247,0.33980025092157223,10.926600501843144,9.567399498156856,0.13264379854457767,0.2888465361476142,0.2761452691658426,0.027725428631108693,33.23254390333671,13.976533337601023,27.308716581248188,38.33333333333343,36.26068376068386,427462506.0,430020260.5,0.2121849374902474,0.33015884700878373,-0.5239974453107143,2644688.2,-0.694528895684545,0.7051492875417222,0.019076305220883483,-0.02800819752122563,-0.07871612246785675,4.0,7.0,0.01907630522088355,1.0,1764.45,1735.78,-0.005089816927080437,0.029458339017027324,-0.06782737583777276,0.22812059269846777,-0.003865406953516559,-0.030461348044108494,-0.006522066541409299,-0.006996629564476775,0.3154667472972087,0.2702385254114328,0.0,0.0,0.0,0.0,0.0,0.0,0.0,0.0
2026-08-03,9.96,10.25,9.96,10.15,3751100,0.01907630522088355,0.00995024875621886,0.033604887983706755,0.03571428571428559,0.00995024875621886,-0.039735099337748325,9.962,10.226,10.787333333333333,10.066840035365603,10.292668614036014,-0.22582857867041106,-0.24362280941522216,0.017794230744811096,-0.022249121051272025,0.0017531261817547877,44.89849875675859,10.226,0.331668826582124,10.88933765316425,9.562662346835753,0.12973550814868928,0.4427139409036515,0.27713489279685377,0.027303930324813177,32.56814562045777,15.509259170673126,25.26754250877554,54.16666666666672,46.11111111111123,431213606.0,429963838.9,0.22021051172224512,0.1712287723676623,-0.7379831537357029,2631899.25,1.0103073483551104,1.4252445263624738,0.028571428571428487,-0.007432035986700614,-0.0590816389592731,0.0,8.0,-0.00487804878048792,0.0,1745.06,1762.84,0.015589533235778719,0.05621895614765626,-0.04375372931922972,0.23626078946187998,0.0034867719851048307,-0.020504670433370675,0.004018629981481392,0.004202505259048417,0.3414940874259167,0.29268687943191596,0.0,0.0,0.0,0.0,0.0,0.0,0.0,0.0
2026-08-04,10.25,10.35,10.15,10.2,2577500,0.004926108374384119,0.02409638554216853,0.01492537313432818,0.03763987792472023,0.030303030303030276,-0.04404873477038429,10.036,10.2025,10.762166666666667,10.087326183770895,10.285804272255568,-0.19847808848467352,-0.23459386522911244,0.036115776744438916,-0.019458636125948385,0.003540762425925384,46.62372655524836,10.2025,0.3147743552719771,10.832048710543955,9.572951289456046,0.12341067592138281,0.49801445070243955,0.27162525759707845,0.02662992721539985,31.387041370906182,17.32324684379768,23.938634821118775,66.66666666666656,53.0555555555556,433791106.0,429913520.4,0.21767211184292226,0.20617707673637234,-0.6203405470146446,2638002.35,-0.054649639695169595,0.9770650886645343,0.019607843137254832,-0.0002450379808871528,-0.05223545444690514,1.0,8.0,-0.009803921568627416,0.0,1764.98,1777.23,0.008162964307594667,0.05748473777534491,-0.038425537670769616,0.23855741663079094,-0.0032368559332105473,-0.019844859850624674,-0.005623197099614674,-0.005847906033188077,0.339149110299098,0.29464809990961804,0.0,0.0,0.0,0.0,0.0,0.0,0.0,0.0
2026-08-05,10.2,10.3,10.05,10.1,2720400,-0.009803921568627416,-0.0049261083743843415,0.014056224899598346,0.02851323828920571,0.015075376884422065,-0.0534208059981256,10.092,10.174,10.735999999999999,10.089276001652296,10.272040992829229,-0.18276499117693312,-0.22422809041867658,0.04146309924174346,-0.01809554368088447,0.0041052573506676696,43.6782032718148,10.174,0.2954283241953761,10.76485664839075,9.583143351609248,0.11615031421088096,0.4373790578463108,0.2700805963401443,0.026740653102984586,30.675505741022707,16.177871360215544,25.00057742775759,63.15789473684212,61.33040935672517,431070706.0,429727181.9,0.2191582820052941,0.3102713346011628,-0.6479186811581494,2633263.35,0.07874983308192324,1.0330907465066113,0.024752475247524754,-0.007273442107332384,-0.05923994038748126,2.0,8.0,0.0,0.0,1784.94,1776.46,-0.00043325849777464676,0.04210760963934579,-0.04166801532070996,0.23795651675622967,-0.00937066307085277,-0.013594371350140078,-0.011752790677415637,-0.012263798835169593,0.33838264853150113,0.29308809725902174,0.0,0.0,0.0,0.0,0.0,0.0,0.0,0.0
2026-08-06,10.05,10.1,10.0,10.05,1539900,-0.004950495049504844,-0.014705882352941013,-0.009852216748768461,0.0,0.0,-0.06074766355140171,10.091999999999999,10.1415,10.709833333333332,10.083233539859636,10.255593511878915,-0.17235997201927944,-0.21385446673879718,0.041494494719517744,-0.017150245972067605,0.004128805444728134,42.24123630290071,10.1415,0.2690974192605293,10.679694838521058,9.603305161478943,0.10613712735217823,0.41499361063045587,0.2579319823158483,0.025664873862273462,30.2024020538358,15.729860908142033,25.6928812765637,64.70588235294129,64.84348125215003,429530806.0,429347607.7,0.21832272337647918,0.40400178807991516,-0.5553688703848426,2594017.65,-0.9314877929080617,0.5936351281187312,0.009950248756218869,-0.009022333974264107,-0.06161004684168736,3.0,8.0,0.0,0.0,1784.65,1764.78,-0.006574873625074584,0.011532332947393753,-0.04124517846471454,0.23783960461908743,0.0016243785755697404,-0.011532332947393753,-0.01950248508668717,-0.020341472760947554,0.35595081406163276,0.303422779929121,0.0,0.0,0.0,0.0,0.0,0.0,0.0,0.0
2026-08-07,10.05,10.15,10.0,10.05,1797400,0.0,-0.004950495049504844,-0.014705882352941013,0.009036144578313143,0.008024072216650024,-0.06074766355140171,10.110000000000001,10.109,10.686,10.078120687573538,10.240364362850848,-0.16224367527730976,-0.20353230844649972,0.04128863316918996,-0.016143649281324352,0.00410832170837711,42.24123630290071,10.109,0.23521322913037784,10.579426458260755,9.638573541739245,0.09307081971723323,0.4372909421186342,0.25022255500757346,0.024897766667420242,29.455198731672727,16.4836244252692,24.59273716360796,64.70588235294129,64.18988648090827,429530806.0,428968033.5,0.21832272337647918,0.40400178807991516,-0.5553688703848426,2528886.2,-0.6425230918992128,0.7107476801447213,0.014925373134328393,-0.005836383420714131,-0.059517125210555744,4.0,8.0,0.014851485148514865,1.0,1761.23,1768.06,0.0018585886059452328,0.018596826786804854,-0.03296979774002651,0.23753064276446156,-0.0018585886059452328,-0.009560682208491711,-0.027777865811375202,-0.02872492063480292,0.3555545711318116,0.30485128768530534,1.0,1.0,1.0,0.0,0.0,0.0,0.0,1.0
2026-08-10,10.1,10.3,10.05,10.25,3768200,0.01990049751243772,0.01990049751243772,0.014851485148514865,0.009852216748768461,0.04591836734693877,-0.019138755980861122,10.129999999999999,10.099,10.667166666666667,10.10456365871607,10.241078113750785,-0.13651445503471393,-0.19012873776414257,0.05361428272942864,-0.013318483418020872,0.005230661729700355,49.889152585184654,10.099,0.22393373079890935,10.546867461597818,9.651132538402182,0.08869540778251672,0.6685766582163506,0.2502066582213182,0.024410405680128606,27.89811113337434,19.589369655181084,22.83756396437894,88.2352941176471,72.54901960784326,433299006.0,428974341.8,0.21891383132904807,0.32974970062632286,-0.834409948084179,2519823.7,1.1074807803700764,1.4954220805209506,0.024390243902439025,0.014951975443113108,-0.03910754183397658,0.0,8.0,-0.014563106796116498,0.0,1775.79,1776.77,0.004926303405992982,0.007902021737650644,-0.013201595077032446,0.23290531143579196,0.014974194106444738,0.0019501950111178168,-0.0059371609038286755,-0.006016589481913637,0.37994187440645705,0.3186685348083801,1.0,1.0,1.0,0.0,0.0,0.0,0.0,1.0
2026-08-11,10.3,10.35,10.15,10.15,2078200,-0.009756097560975618,0.00995024875621886,0.00995024875621886,-0.004901960784313597,0.03255340793489325,-0.04694835680751175,10.120000000000001,10.074,10.6475,10.111553865067444,10.234331586806283,-0.12277772173883861,-0.1766585345590818,0.05388081282024318,-0.012096327264910207,0.005308454465048589,46.568865885556825,10.074,0.18342932096455558,10.440858641929111,9.707141358070889,0.07283276591802886,0.603582131254095,0.24662046834836687,0.024297583088509052,26.18337586955348,19.902785324729276,21.514677360676643,76.47058823529419,76.47058823529422,431220806.0,428743724.1,0.20761190439107366,0.5284929649816262,-0.3886676549439217,2490717.7,-0.3647653977685683,0.8343779786846176,0.019704433497536877,0.007544173118920083,-0.04672458323550133,1.0,8.0,0.014778325123152802,1.0,1781.08,1773.41,-0.0018910720014407856,-0.002149412287661079,-0.018387827059220818,0.2324728157514204,-0.007865025559534833,-0.0027525484966525182,-0.02856052974829093,-0.02909553338435833,0.3804937010462633,0.3171415406342075,1.0,1.0,1.0,0.0,0.0,0.0,0.0,1.0
2026-08-12,10.15,10.5,10.15,10.3,5709100,0.014778325123152802,0.004878048780487809,0.02487562189054726,0.01980198019801982,0.048879837067209886,-0.01904761904761898,10.16,10.064,10.631833333333333,10.140545578133992,10.239195913709521,-0.09865033557552927,-0.16105689476237128,0.062406559186842014,-0.009577702483061093,0.006058889241440972,51.75558193917041,10.064,0.1633336913710279,10.390667382742055,9.737332617257945,0.06491800133983613,0.8612236979691849,0.25400472060919776,0.024660652486329877,24.788343721602857,22.162030495189164,19.397130361050376,80.00000000000007,81.56862745098049,436929906.0,428900642.75,0.21116898762525943,0.30375733768681085,-0.702591157761536,2674091.35,2.2760442611457394,2.134968201441585,0.03398058252427181,0.02344992050874417,-0.031211299399601655,2.0,8.0,-0.019323671497584516,0.0,1776.63,1793.18,0.011148014277578167,0.009411976627675234,0.006206091621215215,0.23105545611167755,0.003630310845574636,0.010390003570344586,-0.025253710668834195,-0.025097950488597198,0.4030967649016325,0.3357691045328634,1.0,1.0,1.0,0.0,0.0,0.0,0.0,1.0
2026-08-13,10.35,10.35,10.1,10.15,2884500,-0.014563106796116498,0.0,-0.009756097560975618,0.00995024875621886,0.00995024875621886,-0.019323671497584516,10.18,10.054,10.6145,10.142000104574917,10.232588808990297,-0.0905887044153797,-0.14696325669297297,0.056374552277593276,-0.008924995508904403,0.005554143081536283,46.85713411242933,10.054,0.1505218990888272,10.355043798177654,9.752956201822347,0.05988537859113859,0.6594452378376983,0.2537186691371122,0.024996913215479036,23.22515042926387,20.60222984708202,19.439561331162178,65.00000000000003,73.8235294117648,434045406.0,429049371.65,0.21140476252832807,0.3024319927232878,-0.7073402885856338,2682281.1,0.15155864106764264,1.0753906441796872,0.02463054187192118,0.009548438432464668,-0.04376089311790465,3.0,8.0,-0.009852216748768461,0.0,1793.81,1765.63,-0.015363767162248076,0.0004816464375163587,-0.021399592072008145,0.232948316845487,0.0008006603661315781,0.009468602318702501,0.0020759205744236287,0.002121315868669038,0.41839303760135516,0.3494123691652795,1.0,1.0,1.0,0.0,0.0,0.0,0.0,1.0
2026-08-14,10.15,10.2,10.0,10.05,2725700,-0.009852216748768461,-0.024271844660194164,-0.009852216748768461,0.0,0.009036144578313143,-0.024271844660194164,10.180000000000001,10.041500000000001,10.592333333333332,10.127846242332623,10.219063712028053,-0.09121746969542954,-0.1358140992934643,0.04459662959803476,-0.009076365143823834,0.004437475581894006,43.87574141624067,10.041500000000001,0.1389537976983016,10.319407595396605,9.763592404603397,0.055351809071673336,0.5152928529856647,0.24988162134160416,0.0248638429195626,21.876171672885565,19.424401851314073,21.186699407684742,55.00000000000007,66.66666666666676,431319706.0,429117681.15,0.21338800582412956,0.34049005993571746,-0.7688754088955203,2762700.5,-0.028851710822002392,0.9866071258900485,0.019900497512437738,0.000846487078623781,-0.051200553859709674,4.0,8.0,,,1763.6,1729.08,-0.020700826333943212,-0.022046763118898638,-0.03265545889395516,0.24169848849828768,0.010848609585174751,0.022046763118898638,0.008383614233760994,0.008666626912656517,0.4472162113505402,0.3870773832616046,1.0,1.0,1.0,0.0,0.0,0.0,0.0,1.0
